-5.149305742241393480e-01
2.521629211086271916e+00
-5.081463742897731617e-01
3.764232606130760161e-01
-2.253589861988070098e+00
-3.057445929501290571e+00
-7.152159210608249884e-01
1.161797228090285516e+00
-5.492804997348544466e-02
-4.334149389888140164e-02
5.748368976039364142e-02
1.168522377407407590e-03
-9.965538020647713990e-01
-1.512481693569780739e-01
-4.866873950914882840e-01
-5.353121878092313990e-01
-6.739117348566648902e-01
-7.089849061526765084e-01
-8.237268909627079028e-01
-3.874973890952145283e-01
-2.676609195813300368e-01
-7.413005002462563775e-01
-2.782665109557239114e-01
-1.250935126617935267e-01
-1.475532387466390372e+00
-7.551546619143998385e-01
-7.951864351964339495e-01
1.155891736729510511e+00
8.285635894206266894e-01
-5.076247189315864772e-02
1.075122933585085594e+00
1.454427909141225474e-02
-3.076708272851737536e-01
3.356431185709817466e+00
1.809593801181926809e+00
3.479298919931201328e-01
1.351588059889450077e+00
9.750110337731877630e-01
9.580381496732814917e-01
-6.411443364646076670e-01
-2.580971674479136668e-01
4.954432782572643079e-01
1.488828974402444105e+00
2.346261821721274121e-01
7.006937558809424038e-01
2.038409548627644785e+00
6.239253457810780557e-01
1.307299734807153557e+00
