7.610820770263671875e+00
1.755024528503417969e+01
1.544658851623535156e+01
8.066527366638183594e+00
1.644256591796875000e+01
1.024208354949951172e+01
8.455180168151855469e+00
1.761130905151367188e+01
1.544465637207031250e+01
1.672561645507812500e+01
-3.311839818954467773e+00
2.254836320877075195e+00
9.666534423828125000e+00
-1.681054353713989258e+00
-4.492145061492919922e+00
-5.415100574493408203e+00
-4.418826699256896973e-01
-1.112022519111633301e+00
2.278684139251708984e+00
4.179734706878662109e+00
6.671994328498840332e-01
-1.064637064933776855e+00
1.006820917129516602e+00
1.934406280517578125e+00
-1.682916760444641113e+00
3.735446214675903320e+00
6.641905307769775391e-01
7.701228260993957520e-01
1.684802025556564331e-01
-1.585777759552001953e+00
1.723714947700500488e+00
2.658338785171508789e+00
-5.094398498535156250e+00
3.804048538208007812e+00
1.794368982315063477e+00
-1.877951145172119141e+00
1.491562604904174805e+00
-9.278358459472656250e+00
5.151131629943847656e+00
1.055272197723388672e+01
6.723256587982177734e+00
-1.344793885946273804e-01
-1.945192098617553711e+00
6.475331306457519531e+00
-5.639494061470031738e-01
5.377826094627380371e-02
-3.127020359039306641e+00
-7.489815354347229004e-01
-2.235884428024291992e+00
1.660841584205627441e+00
4.987844944000244141e+00
6.455489635467529297e+00
1.721612930297851562e+00
6.679777622222900391e+00
4.400122165679931641e-01
9.836380958557128906e+00
1.763041973114013672e+00
-8.710584640502929688e+00
-2.197153568267822266e+00
2.257804423570632935e-01
-4.988549649715423584e-01
2.503234446048736572e-01
-2.383479177951812744e-01
2.374017424881458282e-02
7.116861820220947266e+00
4.841716766357421875e+00
5.230154991149902344e-01
3.647722482681274414e+00
-3.729481935501098633e+00
-1.024352908134460449e+00
6.126647949218750000e+00
-3.391901969909667969e+00
-9.495028853416442871e-01
5.719580173492431641e+00
2.043202877044677734e+00
-1.799970507621765137e+00
-5.735297799110412598e-01
1.318713068962097168e+00
9.873550534248352051e-01
7.480022311210632324e-01
2.266137599945068359e+00
2.460967451333999634e-01
8.044281005859375000e-01
-1.386659443378448486e-01
1.932802319526672363e+00
-1.324712634086608887e+00
1.498955607414245605e+00
2.475380659103393555e+00
6.185409545898437500e+00
-5.355944633483886719e-01
1.467907071113586426e+00
1.643658995628356934e+00
2.357422590255737305e+00
2.798124074935913086e+00
3.458375930786132812e+00
2.682535886764526367e+00
1.198810219764709473e+00
3.509610652923583984e+00
3.519863486289978027e-01
-2.009195566177368164e+00
-6.586910486221313477e-01
2.412989854812622070e+00
7.928760647773742676e-01
2.894834280014038086e+00
1.784831404685974121e+00
-1.844567894935607910e+00
-8.376463055610656738e-01
-5.949967503547668457e-01
3.313645124435424805e+00
-3.599362373352050781e+00
-1.474470376968383789e+00
2.624459564685821533e-01
1.455631732940673828e+00
4.558591365814208984e+00
-1.680989384651184082e+00
2.589463889598846436e-01
-6.479357182979583740e-02
-3.666822195053100586e+00
1.726284027099609375e+00
1.496811509132385254e-01
-5.883860588073730469e+00
-8.122236132621765137e-01
1.270924663543701172e+01
-9.286611080169677734e-01
-4.631037235260009766e+00
-5.887671470642089844e+00
-1.547078132629394531e+00
-1.867112517356872559e-01
3.504036188125610352e+00
7.682466506958007812e+00
-1.227674037218093872e-01
-7.252485156059265137e-01
2.732105731964111328e+00
5.490737915039062500e+00
6.408548355102539062e-01
6.345287561416625977e-01
-1.181289315223693848e+00
-3.305634975433349609e+00
8.687530159950256348e-01
6.224963665008544922e+00
7.847610473632812500e+00
5.314780235290527344e+00
2.382614135742187500e+00
1.657902717590332031e+00
6.180729866027832031e-01
-5.086623191833496094e+00
-2.271642684936523438e-01
-6.284660339355468750e+00
4.293537139892578125e+00
1.930298423767089844e+01
9.640130043029785156e+00
-6.146597862243652344e-01
4.290025711059570312e+00
5.180060863494873047e+00
9.025237560272216797e-01
6.209699064493179321e-02
-1.290020048618316650e-01
2.718523144721984863e-01
-5.280144214630126953e+00
4.806672573089599609e+00
8.689062118530273438e+00
6.900717735290527344e+00
-1.567190647125244141e+00
1.424254989624023438e+01
-5.593177318572998047e+00
1.237269783020019531e+01
1.988164782524108887e+00
-1.393225765228271484e+01
-7.633385181427001953e+00
1.479077219963073730e+00
-8.105741739273071289e-01
3.882212936878204346e-02
-2.920722723007202148e+00
-4.841721951961517334e-01
7.949579715728759766e+00
5.281644821166992188e+00
-6.650754213333129883e-01
2.796703815460205078e+00
-5.436803340911865234e+00
-1.022303104400634766e+01
1.244759750366210938e+01
-5.024392127990722656e+00
3.486688613891601562e+00
6.706344127655029297e+00
6.169408321380615234e+00
-1.812664628028869629e+00
-2.705137252807617188e+00
4.911086261272430420e-01
2.813352823257446289e+00
-2.209108352661132812e+00
-6.908355355262756348e-01
4.138268530368804932e-01
7.905532121658325195e-01
1.382961630821228027e+00
-7.083789110183715820e-01
-6.023105621337890625e+00
5.576546192169189453e+00
-1.417610287666320801e+00
1.330736923217773438e+01
1.999559164047241211e+00
-6.700933575630187988e-01
2.227795362472534180e+00
1.492568135261535645e+00
8.074769973754882812e+00
6.853558063507080078e+00
4.202830314636230469e+00
3.016006708145141602e+00
5.311206340789794922e+00
-1.418714404106140137e+00
-2.673959970474243164e+00
-3.413183212280273438e+00
2.672938346862792969e+00
-3.466120719909667969e+00
4.497458934783935547e+00
-2.676885128021240234e+00
-6.413634300231933594e+00
-8.004946708679199219e-01
3.080563306808471680e+00
4.839594364166259766e+00
-1.683735847473144531e+00
-2.727981090545654297e+00
8.237621188163757324e-01
-5.129817128181457520e-01
8.369380950927734375e+00
-1.616981774568557739e-01
-3.847142457962036133e+00
-1.017423629760742188e+00
-9.464604377746582031e+00
1.411586403846740723e+00
-1.546424508094787598e+00
1.645513772964477539e+00
6.697370409965515137e-01
