-1.342805675046624625e+00
1.225622740340506001e+00
2.950115023620343280e-01
-5.054052160580758679e-01
-1.397146715371417880e+00
-5.185833544208641177e-01
-2.060028097028396399e+00
1.172538582570338717e+00
-4.470135246328494905e-01
5.522419627245231943e-01
-1.306547972480194719e+00
1.092665522230200192e+00
6.907257226654164306e-01
1.163540676839094901e-01
-5.434324920540566373e-01
-2.963557871421334533e-01
-6.466813101961107479e-01
3.068950620672658905e-02
-8.910094328252622375e-01
-6.343695871090569982e-01
5.591919462870277302e-01
-9.457532091322692347e-01
-9.775715220353096979e-02
-3.668065363252872024e-01
-1.473381204084985852e-01
8.453717588421347587e-03
-9.654770385468200988e-01
3.229871921171124649e-01
1.055143346221070061e-01
-3.613540800033714362e-01
-2.380545614193010362e-01
-3.172306332385430028e-01
-1.101266423151024743e+00
-4.135358427813396465e-01
1.222482591619840964e+00
-4.039386934316708810e-01
4.917191526211018432e-02
-1.152232610832254034e+00
1.121209679243884372e+00
-2.430617594970761186e-01
2.033166623489134628e-01
-1.305072352832021554e-01
-5.437472944758363624e-01
1.119649684903458953e+00
-1.025853616401276147e+00
5.483477688964892849e-01
-3.173194450733526351e-01
2.562088296273059007e-01
-4.016573084528010096e-01
-6.870010429198168678e-02
3.466405987800781907e-01
-4.615006531114305699e-01
1.203545954107280824e+00
-1.619898445255248814e-02
8.918075406481508205e-01
1.989258240802607824e+00
-1.157732669128719527e+00
3.679534728437083846e-01
3.283923767176163966e-01
-2.711819957171950346e-01
1.357165373322261726e+00
3.985141889273358107e-01
6.836287062298925798e-01
1.855603006866261007e+00
-5.033179052349260330e-01
1.095800109724264226e+00
-2.216564227395758091e-01
1.296638916072885561e-01
-9.887201198932366042e-01
1.054811705910783104e+00
-9.426506044611562829e-02
-9.036001202163666812e-02
-1.555711490875924197e+00
8.102138876991679672e-02
-8.546740752861461954e-02
1.683365934777006634e-01
-1.504139099824264025e-01
-3.849099951387291441e-01
6.962009260334185434e-01
-1.715114247766857114e-01
6.210061287366203109e-01
6.069403094873792037e-01
-5.313630110356957204e-01
-1.494197980087823119e+00
9.166699996727495359e-01
-4.816375968564856613e-01
-3.790983952478048091e-01
7.811731914940629740e-02
4.506242807743887635e-01
1.113836017614311835e+00
-3.054990984202627935e-01
1.372703343480326632e+00
2.693211206294554572e-01
2.042269877037361167e-02
7.640749764727201576e-01
1.638345876056680195e-01
2.757998812320569648e+00
-1.459188748752641984e-01
-7.312979259245565578e-01
