7.500000000000000000e-01
2.705813428971798107e+00
5.195156259282917022e-01
7.448803337252429824e-02
5.473252956173997319e-01
1.065093198003744357e+00
3.523913886695297926e-01
5.540270183339998100e-01
7.394511635234956026e-01
3.935871146319935843e-01
2.624179143177862161e-01
8.812244677513140223e-01
2.713166465220043566e+00
-2.316492498311356618e-01
1.568748625103230376e-01
2.497940035800628733e-01
-6.416903136759470883e-01
-6.205262491306049455e-01
4.588660656559514495e-01
4.280715629838222069e-01
3.568058279824833257e+00
-7.469493694169970777e-01
3.419319890289140296e-01
4.781478849923665564e+00
9.850958330320516154e+00
8.015810811688096393e+00
7.650320229116370108e+00
1.093615933503200388e+01
1.298651712470711139e+01
1.189175944483315561e+01
1.487207143408859444e+01
1.650292502856880006e+01
1.657963720525919626e+01
1.835120482437869072e+01
1.781105371491956291e+01
2.105794094993365206e+01
2.305472394381040502e+01
2.712035440418938492e+01
2.521643013289216384e+01
2.885230619420350351e+01
3.165373166772171132e+01
-1.579482573618196550e+00
1.127223699343940844e+00
2.623542201101561222e+00
-1.505240506565091452e-01
-3.409794406305828307e-01
1.468386535686254102e-01
-1.186254727102124873e+00
1.046796068769210386e+00
-2.212028696149381801e+00
9.108164420442406151e-01
-7.591808460617917031e-01
-1.706976362632759203e+00
3.886741014302277364e+00
-6.811149097857468249e+00
-1.993736765409878764e+00
1.679618238646818806e+00
-2.352777759152480996e+00
-4.136716193892606697e+00
4.808208326649117681e-01
-7.026280197721389342e+00
-6.531039657347028182e+00
1.587191972065536305e+00
1.021770246283989936e+00
-1.667334810723092975e+00
7.299658791834217064e-01
-4.068312151516469299e+00
4.894262114642365269e+00
-5.033202139927346330e-01
1.608801323009774631e+00
-3.231791540440485555e+00
-3.229436503559267813e+00
-4.232804215812480564e+00
-1.378099762517849047e+00
3.198287959606571085e-01
-5.580099385010671709e-01
-3.349805743771617772e-01
-7.231128803999279375e-01
-5.159221797042624624e-01
-4.835192718736429640e+00
-3.999166601804556631e+00
3.264411969332089436e-01
-3.568311965721742585e+00
-9.774966248082157527e-01
2.505862345345610809e+00
4.464510467884963418e-01
7.661474219828625642e-01
-2.604729170104830516e+00
-6.211827078911061228e+00
-3.597268136775657155e+00
-7.935291029507871130e+00
1.098270936530496789e+00
-1.846381156159859538e+00
-9.330242524097708268e-01
8.269350478232775359e-01
-3.584498488426329565e+00
7.580797550138856922e-02
-5.335707607342074610e+00
-2.690712675483287075e+00
-2.470619358441159819e-01
3.723908843035543259e-01
6.228405558135959030e-02
1.312396383067413241e+00
9.138799165242403877e-01
2.157664223749556687e+00
3.528237428135099218e+00
-1.344192238383429050e+00
3.391361573567120313e+00
-1.500275531943804808e+00
2.170338672872712316e+00
-6.717736655539607860e-01
-9.165961969708507073e-01
-8.307851644953972325e+00
2.328188378313356566e+00
-3.149185222270918683e+00
-1.436919585694583779e+00
-1.344409089313889361e-01
4.131671161928721636e-01
-4.183973508328557855e+00
7.698212862931363976e-01
-2.833350793137267010e-01
2.633180497437617174e+00
-1.907136345159404556e+00
2.264054471038530192e+00
-3.597475798920338891e-02
-1.273593909581352657e+00
1.161903591019774140e+00
-1.292996145418788823e+00
5.776122870199372095e+00
2.211880395391653487e+00
-2.194121291495589876e+00
-1.619059989861757476e+00
4.334565093908204214e-01
-1.109390723111744137e+00
5.601926253528356076e-02
4.188387393012731885e-01
-3.551783263085554587e+00
8.593090545549679771e-01
-3.396960593587738941e+00
-3.828198100554319749e-01
-5.344684464425493164e-01
1.118783434474134308e+00
-2.416401945499561943e-01
3.450906289668528526e+00
4.141679709814156674e+00
7.874166602030358009e-01
-5.083447516901823393e-01
-4.848162710600614211e+00
-9.916208747393658873e-01
7.827605632525355128e-01
-2.917013468329035852e+00
-1.932217629122623404e+00
-4.056415900300297750e+00
3.337163022821532987e+00
6.151843319298230250e-01
-2.337900679451631714e+00
-1.485514875640071120e+00
3.641132443803012819e+00
2.804983834563667511e+00
3.474799012477137516e+00
-2.086936842639357970e+00
1.425724510996956518e+00
-3.762021482710576903e-01
3.300595853576361871e-01
-1.833708789176879517e+00
-4.113446640314517566e+00
-4.247449353290090990e+00
-3.357208332534027395e-01
-1.690993881490923778e+00
-1.219812921762864377e+00
1.411245241706662323e+00
-4.713420062760179663e-01
-4.040960780201867664e+00
1.150722555727863999e-01
3.147403963800284199e+00
-3.878868758139092154e+00
8.726351508681989833e-01
-2.443603826129671308e+00
9.047246555477768126e-01
-3.314642550234584983e-01
5.872395705520572218e-01
-1.568968030644221301e+00
2.784360056571307140e+00
3.640849270021915274e+00
-3.767822770650028352e-01
4.474208223519999250e-01
-1.845478970594121915e+00
-3.985216564571527065e-01
4.528723672060255834e-01
1.224160821611198546e+00
-3.579141300397965797e-02
1.108650021580053352e-01
4.904309344621764488e-01
8.227052795817392239e-01
3.568567989371429494e+00
-1.012439931245154856e-01
-8.379803338331215379e-01
-1.986567276638728341e+00
-6.536837421287810201e+00
-7.087290837409761401e+00
-6.245329262441210894e+00
1.170372739355335812e+00
-2.365255184607174543e-01
7.465463110292303028e+00
1.746486712223857429e+00
-3.844906917295352944e+00
1.097524205534185393e+00
-4.143888243086108147e+00
1.129559430955884958e+00
-8.640382994133622985e-01
-1.382129831419155908e+00
-1.448465892485638618e+00
5.213580580627946937e+00
5.182925105231555030e+00
-1.452969744235774519e+00
-1.056956129231515273e+00
-1.548603470085434530e+00
1.119437557034619855e-03
1.028933987019697183e+00
1.474078228859509343e+00
2.452499554136436277e+00
-8.303141506144563477e-01
-1.127752035717657142e+00
-3.212526489579502709e+00
8.418067323361442256e-01
-1.093044868752824916e+00
2.812416168065440036e+00
1.910846227655012441e+00
1.725670848446639649e+00
-4.453052621721716453e-01
8.495957599193441068e-01
-7.148344809538909050e-02
5.574769615651826715e-01
-4.114418290734152883e+00
-2.157411085504232773e+00
-1.006377678612690119e+00
4.394273567150881910e+00
1.950946153318578569e+00
1.660730788063976837e-01
-9.881075508679235675e-01
-5.794993606189182689e-01
3.192192608127011333e+00
8.685379485812123601e-01
1.467490961317888809e+00
2.182603496918036068e-01
5.535382305872964537e+00
1.818167738316509352e+00
-8.577254937553880909e-01
1.253749515451380692e+00
-4.461281682821464645e-01
1.195435402256318502e+00
-1.917110430105562147e+00
-3.842480822656503259e-01
-2.706946799856994712e+00
-1.851248166680593110e+00
-2.040470642643793298e+00
-8.566115651519906615e-01
-4.003971950231781651e-01
-1.127527432693225196e+00
-4.510176535146230847e-01
1.505783991223556273e-01
1.779607817210614229e+00
2.238733771496445701e+00
2.567197521315353725e+00
4.014530306499486945e-01
-1.008993714183533896e+00
-5.577282994862862164e-01
-2.193368000514446692e+00
-1.881378634004254202e+00
-4.331293801692363554e-01
-3.034888099865501232e+00
-2.025833468624491651e+00
-2.809121727847156968e+00
-2.445383704909564582e+00
1.613538477020225903e+00
-5.487753722221524466e-01
-4.957432608058514045e-01
1.290105615600404487e+00
2.840493785774376723e-01
-2.043874709516323662e+00
3.771919091158295601e+00
1.786178520881959386e+00
3.101919689517789180e+00
-1.411865863580724634e-02
-1.907993942400450837e+00
1.410883472113281023e+00
1.491437891796589366e+00
-2.040676113044370132e-01
-9.968709044328943891e-01
5.203997584693658141e+00
-5.028603520809814320e+00
8.368134213141178446e-01
-1.406376861831958092e+00
1.804846298831940921e+00
3.065082017662608127e+00
-2.243917504324361989e+00
5.852633953902017794e-01
8.315851010380221897e-01
8.194392465402390968e+00
9.353016227035720220e+00
2.536375531164527519e+00
1.771334646974378924e+00
-2.967845413172535363e+00
2.334748048113891982e-03
8.614083794007897366e-01
5.064127861583074264e+00
1.457125723873047285e+00
6.654979319234017865e+00
3.371310015344613831e+00
1.822999489614152147e+00
1.486370522502376001e+00
2.550968165356749751e+00
-1.918357026656541287e+00
2.821553034510133062e-01
4.542018231537561790e-03
-9.916944006248501475e-01
1.106243385645317101e+00
3.070667460381910630e+00
-4.429374623185434179e-01
1.495230305545935501e+00
-1.428794417546085160e+00
4.445010017813270098e-01
-1.371346819465448785e+00
6.777908541475560211e-01
-1.168548272270983457e+00
-2.280091606884748323e+00
9.240727231921881391e-01
1.586578281930387968e+00
-2.343693970664431081e+00
-5.608446845745097553e-01
-3.631484722813848043e-01
-1.365162233456806984e+00
3.555052398249486600e+00
6.925467360851263798e+00
-9.981436615007560631e-01
3.759290089505198829e+00
-9.127542497555856116e-01
-4.252980635957698929e+00
-8.001297285159715500e+00
1.034473697117049396e+00
-6.855297106657974870e-01
-2.440612039611070205e+00
-6.575658181544885572e-01
-8.883007445016777304e-01
-1.361492516108599171e-01
1.763777242209830565e+00
6.046873738220587269e-01
-1.354441847174731872e-01
-1.619547032073970882e+00
-3.235046541838724754e-01
3.147823170637489287e-01
-1.710693865799959301e+00
-7.364360682160056015e-01
-3.490294125872240860e-01
-9.894263252486491800e-02
-6.479489297865900221e-01
-3.111963856080023128e+00
-2.202437390732253419e+00
-1.028133236110595483e+00
-2.237882033991729358e-01
4.209543698267304568e-01
2.756278857608572164e+00
-7.435904345884137845e-01
1.141003134177095868e+00
3.200473580505001525e+00
1.105124636470843080e-01
-3.516372030783220026e+00
-1.501235423926301715e+00
1.673812116502668479e+00
1.261886401988611794e+00
1.195841797905750514e+00
-1.832026815385244145e+00
-2.591400528391504809e-01
5.516915434180220956e-02
-1.422949406573435216e-01
-1.602510035567859425e+00
4.439098131543911308e+00
-3.034693158401939317e-01
1.317236048343584986e+00
1.763818217710721781e+00
2.815667635681790681e+00
4.106582241194260408e-01
-1.545452242986911306e+00
-7.707291423628440281e-03
-2.409282828996713588e-01
-7.122550328762591310e-01
-9.683409548255074162e-01
-8.624071508538792008e-01
1.257095308397886191e+00
4.766338975995132975e-03
-1.225349661477638241e-01
-5.648929537662576994e-01
8.187305215299084393e-01
2.731119054711827476e-01
4.280495140192720482e-01
1.408068991913134838e+00
-5.027947906892354935e-02
6.600585391019873072e-01
8.868851539241151549e-01
-2.767953266674352264e-01
-5.396729397816090179e-01
-2.579970934463256871e+00
-5.546908005083251991e-01
-9.148888746447071396e-01
9.334173815850889122e-01
-8.284542140629407303e-01
-1.457318022718613992e+00
-3.446602520855925889e+00
3.357693225528012082e+00
5.514319436601355484e+00
-2.608772774061158817e-01
1.501432755771680283e-01
-1.290403883649559713e+00
-5.905813406694526257e+00
-5.971379761137485254e-01
-2.743324730802615186e+00
3.826340783828891201e+00
8.975242328107637668e-01
1.160345446849268436e+00
5.399984824460323019e+00
9.454305576610753103e-01
-1.300950179452761368e+00
-3.276038574057481334e+00
1.671791182838769707e+00
-2.366795908233356727e+00
2.060728034407594222e+00
-2.745274719434953159e+00
5.694637667260036284e-01
-2.975551907971501375e+00
-1.973187685919734147e+00
8.836985827235602775e-01
9.894239824082878831e-01
-1.411537101247500425e+00
-2.347607059290794940e+00
-2.972391124773499982e+00
1.800033343351289838e+00
-3.634656243165372558e-02
3.710959818059407223e+00
1.297100951115780776e-01
-6.063032313758660585e-01
1.941412275139607679e+00
-1.373292934482749139e+00
-1.309115506387116268e+00
1.660598957548924615e+00
9.017326391471374158e-01
8.646456713270055383e-01
3.953776939845530691e+00
-1.426512034612424040e+00
5.626749745776368217e-01
8.752060237316736657e-01
2.803614943880742505e+00
3.731893213965440825e+00
9.252673542532232620e-01
-2.081804455080417948e-01
1.691678788869655170e+00
1.469936272053696147e+00
9.088636994031267236e-01
1.480526663925426645e-01
-9.463018731499516223e-01
-3.169574456060910150e-01
1.410663278235057883e+00
-1.716769768247012440e+00
1.754754431944762771e-01
1.106175808157457530e+00
7.019178931790578391e-01
2.111924067483953671e+00
5.820889889636825520e-01
1.269140934001513399e+00
1.729344485834185985e+00
2.990544144773810142e+00
6.813427831090058673e-01
-2.804014784188092690e+00
3.277330808556063513e+00
-8.017285290644567297e+00
3.397752192629195811e+00
2.380601770494426450e+00
-4.260855257110347516e+00
-1.917898248066669975e+00
3.416828381431177508e+00
5.414338125153969061e-01
2.835888317118493873e+00
7.511538855946348070e-01
-2.084180228314408689e-01
4.783140341302655751e-01
1.370477637790279424e+00
2.727286392042503227e+00
4.385466813314683243e+00
1.299599172453204554e+00
4.190663095798389470e+00
1.111189279563316035e+00
1.729107699311132285e+00
4.264271791162577152e+00
9.782952072824258050e-01
6.533027337385513000e-01
2.394560965192421786e+00
-1.957579957529857473e-01
-1.600047873295626033e+00
3.226285525429146261e+00
1.637735942903191688e+00
3.821948764562391521e+00
-1.356310670645397121e+00
-1.994754286402537158e+00
5.404010875677533576e+00
1.374096690557314870e+00
-2.061074264456313365e+00
3.543167275973326813e+00
2.126223090752114242e+00
1.345530372880170189e+00
2.550839665076314766e+00
1.720831360252842224e+00
1.053636773538303650e+00
-5.525826992900887413e-01
4.629617808763681452e+00
-1.277930300589456225e+00
-2.467190166567700516e+00
-1.535984966610156821e+00
-1.489506469079850515e+00
2.021554386048180163e+00
2.951059853848184922e+00
-3.010438772722514589e-01
4.667781311046074744e-01
-2.587917122916530976e-01
-1.068694025579788459e-01
5.117932022880944398e-01
1.076552306340957665e+00
-5.061937778563033730e-01
2.558510310870769633e+00
-1.714150312442075386e+00
-2.745151804735846301e+00
4.422963123738313240e-01
-2.994290461495659805e+00
-7.692319531312832304e-01
2.581899524238571164e+00
-5.218851748001869517e-02
2.434023897375226397e+00
4.435520105223782483e-01
-3.466362844759791062e-01
-2.337661004554308364e-01
6.649254966602957673e+00
-8.780854810993543591e-01
-9.675567832873958052e-01
-3.803253981261687233e+00
3.162360035231210897e-01
-2.500671365527558532e+00
-2.568087791467106307e+00
-1.923620750049425121e+00
7.778480232359478164e-01
-1.706277474788544746e+00
2.378916112070330602e+00
-1.535514319910705083e+00
2.736581073082516191e+00
1.754364251287685306e-01
-2.641469502875121722e-01
-3.246529361327414320e-01
-5.290799944804216448e-01
-5.855162183747004284e-02
1.595144188828704346e+00
-1.484871945142513638e+00
-2.266383722094488795e-01
2.177775980017238933e+00
2.253454428842243118e-01
-1.091794503095466912e-01
-8.421599994747944185e-02
-7.012827865452876397e-01
-1.039472224289325952e+00
5.017931842922166742e-03
-1.702078790908541528e+00
-2.849849235316272100e+00
9.901119429580672593e-01
2.384543495245916023e-01
-1.696068437990299271e+00
3.100844217001458958e+00
3.299500311191430946e+00
1.100964301927157774e+00
-1.500635474669316238e+00
-2.765646810878149425e-03
5.213419070645767261e-01
-1.028618899968329892e+00
4.323690839002654329e-02
-1.258899050718024437e+00
-4.745362332774091918e+00
6.265328446618004254e-02
6.630320342134989886e-01
-4.729933641626439811e-01
5.344264856688834442e+00
1.260476773954885665e+00
4.463683439442799106e+00
-1.216293483771168638e-01
-4.035290588521428745e+00
-6.475375685355122535e+00
-6.539248959697030905e+00
7.464566160322810839e-02
3.898393641731737524e+00
5.376735393294279630e-01
-4.427645400395133213e-01
3.461598973285361591e+00
-6.367303860689218498e-01
-1.314685713657414157e+00
8.462873663340462205e-01
6.617223481470724256e-02
-3.960746605902106254e-01
-4.229926433401021701e-01
3.276746150916740596e-01
6.299452047205058580e-01
1.949628851597850820e+00
1.142823592854293802e+00
3.874923859805548543e-01
1.804532154362239460e-01
3.591401380125323617e-01
6.832827795945263238e-01
-8.610064655718145943e-01
-1.446717630707437197e+00
-1.916788416509750403e-01
-1.164846041123234421e+00
1.149988848135431896e+00
1.291783439510873377e+00
4.773513413384468329e+00
2.007992254812579258e+00
4.047911034549485976e+00
3.372447389113939931e+00
2.256141049850802549e+00
6.517209441074747200e-01
3.021369100662795848e+00
4.714623500741194739e+00
7.824458318799093481e-01
8.578797804070078525e-01
4.638904983701026552e+00
-2.827220650638678556e+00
-3.952820527572983522e+00
-1.907771769508791238e+00
-6.878182628217157202e+00
-5.603116666169493110e-01
2.773878494991941945e+00
-1.576912208198471665e+00
-3.868729238601169018e-01
3.944055613201158828e+00
4.979289499734109725e-01
3.184590136437962737e+00
4.119402012480088082e+00
3.702863098025919175e+00
-1.209851386323536504e+00
1.163521361443434543e+00
-8.207533610133430635e-01
5.192544995195093271e+00
3.098311183066291830e-01
3.399349332425901093e-01
-2.047692738628602849e-01
1.544567093421863047e-01
2.656732157138171901e-01
1.676784049793689890e+00
2.119578137384702909e+00
-1.379403602959333064e+00
1.966691960642525716e+00
1.202597409684220908e+00
2.205105287443968609e-01
-3.729911953744067254e-01
2.261072437196368412e+00
5.170203155844796949e-01
-1.525093264340318944e-01
1.815733571987225292e-01
-2.381034330264307997e+00
5.203868186769581072e+00
2.428683153845969944e-01
7.341008472881580538e-01
-5.376283133226112954e-01
2.196510052533556134e+00
8.023697540435388298e-01
-2.957779436309163068e-01
-3.442115061905234863e-01
-5.824894197782904542e-02
1.338227674454083305e+00
6.341609250442540313e-01
8.935714630199209640e-01
7.686951189067541712e+00
2.645013419802773935e+00
3.272255717111079321e+00
-1.353285730778977625e+00
1.334934796194355289e-01
4.179539780453628950e+00
-1.792629156026150916e-01
9.195126585847748224e-01
7.335240002301834927e+00
1.927498609488624615e+00
-2.490448682793471757e+00
3.171489170804760338e+00
-1.252418971400448555e+00
-1.259942201722161093e+00
-2.712348534925534072e+00
2.008146859294311248e+00
1.509737359333934936e+00
5.193082554505070725e+00
-2.412874417327405929e+00
1.323005900434715887e+00
2.366974162088931521e+00
-4.753079212644650275e-01
2.517845990521113020e+00
-2.855018723967325034e+00
2.480917851036183119e+00
-1.491277169420329063e+00
-1.160412107900212098e+00
3.758139266836338255e+00
-1.684133319523597461e+00
-2.624311259573764321e+00
-5.072663407795162449e+00
9.033005632814571084e-02
1.929999137061353398e-01
5.718269412981366040e-01
2.737193386409894735e+00
-7.774995809251816770e-01
2.063525632772178042e+00
-2.675229981493058684e+00
-3.832897759381357905e-01
-6.556777323577823502e+00
-3.041790191421176459e+00
-2.057165519333632175e-01
-1.513262793554509322e+00
-1.303541501885272291e+00
4.161909074859761581e+00
-9.883994344908654250e-01
3.140475314631143267e+00
5.197353809904650568e+00
-1.788392895223599732e-01
2.790541314651294069e+00
-1.148805435012688836e+00
-2.769235190602177266e+00
2.594233054745589406e+00
-1.706404184416018044e+00
6.286855264927444509e+00
1.846262056451048350e+00
-1.480455057648120964e-01
2.130507997998315695e+00
-3.799938726599401129e+00
3.449790151757261558e+00
4.905336213543627366e-01
2.676264312132140777e+00
-4.094975640381071536e+00
-3.626830889064180052e+00
-6.157124172336669865e+00
-1.092076480399934546e+00
-1.914388391176236048e+00
1.893607378869316626e+00
5.204750995133531344e-01
3.354866870411556068e+00
-2.927218925797909321e+00
5.961772537803835093e+00
6.098986077621958435e-01
1.331853768609810418e+00
4.632820572040206031e+00
1.586007150207109140e+00
1.569764218062599248e+00
3.131438512504914673e+00
7.660341213889212852e+00
4.629936663644485861e+00
-3.172415984877618111e+00
7.542600869287065635e+00
6.471678984279909397e-01
-1.839762411495876604e+00
2.799522676323875636e-01
5.068411201310587089e+00
6.937071108855016988e+00
6.042674912417534294e+00
6.015557158258024728e-01
1.120675143667732687e+00
2.559960865762617832e+00
-1.447430283174168109e+00
-8.969216973443656649e-01
-1.959440779984732872e+00
1.354289834820653127e+00
2.838678858588732812e+00
1.554431164082434869e-01
-2.381798286473429727e+00
1.436582844496272049e+00
-3.834452007197765022e-01
-1.323977952257166857e+00
1.640332663662774915e-01
7.678170526981488164e-01
-2.775109082134089356e+00
6.653892611049432304e-01
-8.108947296223267820e-01
1.627966156613511073e+00
6.115325807357236521e+00
5.140352745724960926e+00
5.155317585696331806e-01
-7.327132335509787264e-01
1.943046025064453231e+00
1.752685911167674915e+00
-6.663124152183541149e+00
-3.377864253927510774e+00
-2.463924350392050933e+00
1.336263385154564665e+00
3.756213419233921602e+00
4.728434955557212493e-01
-2.353552593900957834e+00
-1.001028113895661598e+00
4.162359664528341163e+00
6.554533607129900963e-01
-3.235723596168185168e+00
-3.521616929451366840e+00
-4.227552145748508794e-01
4.105252143358813832e+00
-6.072911322375870391e+00
-1.720238535902583799e+00
4.346619880793066493e+00
6.969049536109082066e-01
-4.804214394906296093e+00
-2.052651673927809117e+00
-1.388655388765080323e+00
-2.400581073870418969e+00
-1.069003378878096155e+00
-6.493425212775815192e-01
-1.753596853429066682e+00
-1.247023461799583455e+00
3.011728694266064821e-01
7.000052435676722418e-01
1.307253206427892556e+00
1.947087074354359126e+00
-9.718392530873344315e-01
-8.752124485487276784e-02
4.728537759707807098e+00
-3.573250396553761532e-01
-8.786508952493412572e-01
2.219721242863765542e-01
-3.281859876938259535e-01
-4.441859735374201534e+00
2.072013584327309754e+00
-2.363576742248946871e+00
7.221672842593084063e+00
-1.156178385017305965e+00
4.287020219894437822e+00
1.276223610416994170e+01
-4.051934054729391832e+00
7.634349916681539838e+00
-4.359065638137237464e+00
-4.058405117014241559e-01
5.347902522031208861e+00
2.476972331714738296e+00
2.750790602016093267e+00
-5.701633178240494537e+00
3.755585394577597658e+00
-3.055405041304822156e+00
3.692858886749014857e+00
3.439975567745288121e+00
5.263692071043614362e+00
2.419748841146376339e+00
-2.133555438357749079e+00
7.423409226057942512e+00
4.048681544197340720e+00
1.670851948036794710e+00
4.292892130804952244e-01
-8.504633376320120064e+00
4.178924206982364886e+00
-1.191528339253908664e+00
5.313291016119280064e-02
4.161776429996992377e+00
1.897725098823748402e+00
2.875332993674117432e+00
1.193153821904803902e+00
3.945289715846376666e+00
4.782689759223179848e+00
3.565644676294386084e-01
1.195930177371356207e+00
1.254752293750706071e+00
1.825774378706047862e+00
-1.240141113988866943e-02
1.052994486915657779e+00
-2.108401929158704391e+00
2.478845291192528222e-01
1.692613851412924975e+00
3.779121802743453107e-01
1.543551541025086182e+00
-1.406295032164485426e-01
3.414201855427759114e+00
2.305324003059593618e+00
9.054354677079714531e-01
2.340185347669210270e-01
-1.472493801585304185e+00
4.205615479767713105e-01
5.242618892045861623e-01
-1.949414556559309730e+00
-5.912341804374978693e-01
9.021536946813607516e-01
0.000000000000000000e+00
0.000000000000000000e+00
0.000000000000000000e+00
0.000000000000000000e+00
0.000000000000000000e+00
