# Re(EQRPA)	Im(Strength)
0.000000e+00	8.115916e-01
1.500000e-01	6.095079e-01
3.000000e-01	4.736333e-01
4.500000e-01	3.781982e-01
6.000000e-01	3.087243e-01
7.500000e-01	2.566507e-01
9.000000e-01	2.166491e-01
1.050000e+00	1.852750e-01
1.200000e+00	1.602249e-01
1.350000e+00	1.399130e-01
1.500000e+00	1.232203e-01
1.650000e+00	1.093366e-01
1.800000e+00	9.766804e-02
1.950000e+00	8.776883e-02
2.100000e+00	7.929829e-02
2.250000e+00	7.199706e-02
2.400000e+00	6.566118e-02
2.550000e+00	6.012600e-02
2.700000e+00	5.526395e-02
2.850000e+00	5.097085e-02
3.000000e+00	4.716184e-02
3.150000e+00	4.376875e-02
3.300000e+00	4.073345e-02
3.450000e+00	3.800811e-02
3.600000e+00	3.555260e-02
3.750000e+00	3.333534e-02
3.900000e+00	3.132750e-02
4.050000e+00	2.950426e-02
4.200000e+00	2.784306e-02
4.350000e+00	2.632961e-02
4.500000e+00	2.494984e-02
4.650000e+00	2.369030e-02
4.800000e+00	2.254043e-02
4.950000e+00	2.149393e-02
5.100000e+00	2.053826e-02
5.250000e+00	1.967473e-02
5.400000e+00	1.890212e-02
5.550000e+00	1.820962e-02
5.700000e+00	1.761284e-02
5.850000e+00	1.711747e-02
6.000000e+00	1.674181e-02
6.150000e+00	1.652074e-02
6.300000e+00	1.651911e-02
6.450000e+00	1.686317e-02
6.600000e+00	1.781624e-02
6.750000e+00	1.996390e-02
6.900000e+00	2.463294e-02
7.050000e+00	3.379313e-02
7.200000e+00	4.175110e-02
7.350000e+00	3.414407e-02
7.500000e+00	2.423211e-02
7.650000e+00	1.888723e-02
7.800000e+00	1.623171e-02
7.950000e+00	1.488984e-02
8.100000e+00	1.426787e-02
8.250000e+00	1.412975e-02
8.400000e+00	1.440820e-02
8.550000e+00	1.513289e-02
8.700000e+00	1.648424e-02
8.850000e+00	1.872943e-02
9.000000e+00	2.249357e-02
9.150000e+00	2.905587e-02
9.300000e+00	4.124701e-02
9.450000e+00	6.551929e-02
9.600000e+00	1.118831e-01
9.750000e+00	1.549176e-01
9.900000e+00	1.201816e-01
1.005000e+01	7.036286e-02
1.020000e+01	4.319858e-02
1.035000e+01	2.955716e-02
1.050000e+01	2.225133e-02
1.065000e+01	1.810308e-02
1.080000e+01	1.573666e-02
1.095000e+01	1.461780e-02
1.110000e+01	1.461776e-02
1.125000e+01	1.522905e-02
1.140000e+01	1.559791e-02
1.155000e+01	1.746481e-02
1.170000e+01	2.291818e-02
1.185000e+01	3.279864e-02
1.200000e+01	3.575104e-02
1.215000e+01	2.594256e-02
1.230000e+01	1.852422e-02
1.245000e+01	1.534224e-02
1.260000e+01	1.475193e-02
1.275000e+01	1.634569e-02
1.290000e+01	2.106410e-02
1.305000e+01	3.107142e-02
1.320000e+01	4.267171e-02
1.335000e+01	3.999254e-02
1.350000e+01	2.919063e-02
1.365000e+01	2.099962e-02
1.380000e+01	1.760931e-02
1.395000e+01	1.762696e-02
1.410000e+01	2.091371e-02
1.425000e+01	2.937793e-02
1.440000e+01	4.723304e-02
1.455000e+01	6.930214e-02
1.470000e+01	6.026130e-02
1.485000e+01	3.658194e-02
1.500000e+01	2.273554e-02
1.515000e+01	1.598935e-02
1.530000e+01	1.284165e-02
1.545000e+01	1.197505e-02
1.560000e+01	1.288586e-02
1.575000e+01	1.264230e-02
1.590000e+01	9.643791e-03
1.605000e+01	7.299302e-03
1.620000e+01	5.969543e-03
1.635000e+01	5.171525e-03
1.650000e+01	4.644867e-03
1.665000e+01	4.266917e-03
1.680000e+01	3.982038e-03
1.695000e+01	3.757650e-03
1.710000e+01	3.576396e-03
1.725000e+01	3.426747e-03
1.740000e+01	3.302953e-03
1.755000e+01	3.201896e-03
1.770000e+01	3.125409e-03
1.785000e+01	3.079114e-03
1.800000e+01	3.047421e-03
1.815000e+01	2.969922e-03
1.830000e+01	2.893463e-03
1.845000e+01	2.863406e-03
1.860000e+01	2.885038e-03
1.875000e+01	2.876653e-03
1.890000e+01	2.762151e-03
1.905000e+01	2.661136e-03
1.920000e+01	2.597412e-03
1.935000e+01	2.555081e-03
1.950000e+01	2.525185e-03
1.965000e+01	2.502815e-03
1.980000e+01	2.486971e-03
1.995000e+01	2.476344e-03
2.010000e+01	2.470331e-03
2.025000e+01	2.469800e-03
2.040000e+01	2.474032e-03
2.055000e+01	2.483490e-03
2.070000e+01	2.498878e-03
2.085000e+01	2.519431e-03
2.100000e+01	2.548786e-03
2.115000e+01	2.590623e-03
2.130000e+01	2.648666e-03
2.145000e+01	2.730702e-03
2.160000e+01	2.785285e-03
2.175000e+01	2.831243e-03
2.190000e+01	2.916497e-03
2.205000e+01	3.031187e-03
2.220000e+01	3.109286e-03
2.235000e+01	3.174547e-03
2.250000e+01	3.280235e-03
2.265000e+01	3.425096e-03
2.280000e+01	3.608371e-03
2.295000e+01	3.839689e-03
2.310000e+01	4.140322e-03
2.325000e+01	4.554407e-03
2.340000e+01	5.121533e-03
2.355000e+01	5.662317e-03
2.370000e+01	6.013166e-03
2.385000e+01	6.423398e-03
2.400000e+01	7.026449e-03
2.415000e+01	7.863112e-03
2.430000e+01	8.970222e-03
2.445000e+01	1.047440e-02
2.460000e+01	1.253736e-02
2.475000e+01	1.542300e-02
2.490000e+01	1.960413e-02
2.505000e+01	2.593461e-02
2.520000e+01	3.601816e-02
2.535000e+01	5.326877e-02
2.550000e+01	8.553385e-02
2.565000e+01	1.496365e-01
2.580000e+01	2.592105e-01
2.595000e+01	3.061389e-01
2.610000e+01	2.102045e-01
2.625000e+01	1.212291e-01
2.640000e+01	7.415058e-02
2.655000e+01	5.107793e-02
2.670000e+01	3.706087e-02
2.685000e+01	2.831490e-02
2.700000e+01	2.355599e-02
2.715000e+01	1.889888e-02
2.730000e+01	1.458981e-02
2.745000e+01	1.178772e-02
2.760000e+01	1.005587e-02
2.775000e+01	9.060496e-03
2.790000e+01	8.748708e-03
2.805000e+01	9.023751e-03
2.820000e+01	8.676965e-03
2.835000e+01	7.510642e-03
2.850000e+01	6.709940e-03
2.865000e+01	6.244333e-03
2.880000e+01	6.114115e-03
2.895000e+01	6.432754e-03
2.910000e+01	7.350268e-03
2.925000e+01	8.489895e-03
2.940000e+01	8.726043e-03
2.955000e+01	8.811711e-03
2.970000e+01	1.013631e-02
2.985000e+01	1.357600e-02
3.000000e+01	2.048565e-02
