# Re(EQRPA)	Im(Strength)
0.000000e+00	2.055310e-01
1.500000e-01	2.455440e-01
3.000000e-01	2.983487e-01
4.500000e-01	3.699689e-01
6.000000e-01	4.703286e-01
7.500000e-01	6.167189e-01
9.000000e-01	8.411149e-01
1.050000e+00	1.207063e+00
1.200000e+00	1.851166e+00
1.350000e+00	3.084537e+00
1.500000e+00	5.540930e+00
1.650000e+00	9.168646e+00
1.800000e+00	9.091017e+00
1.950000e+00	5.456607e+00
2.100000e+00	3.041130e+00
2.250000e+00	1.829489e+00
2.400000e+00	1.195531e+00
2.550000e+00	8.346152e-01
2.700000e+00	6.129687e-01
2.850000e+00	4.682246e-01
3.000000e+00	3.689320e-01
3.150000e+00	2.980647e-01
3.300000e+00	2.458212e-01
3.450000e+00	2.062639e-01
3.600000e+00	1.756410e-01
3.750000e+00	1.514823e-01
3.900000e+00	1.321148e-01
4.050000e+00	1.163802e-01
4.200000e+00	1.034521e-01
4.350000e+00	9.273266e-02
4.500000e+00	8.377905e-02
4.650000e+00	7.625974e-02
4.800000e+00	6.992599e-02
4.950000e+00	6.459471e-02
5.100000e+00	6.012625e-02
5.250000e+00	5.642088e-02
5.400000e+00	5.341497e-02
5.550000e+00	5.106642e-02
5.700000e+00	4.938952e-02
5.850000e+00	4.841325e-02
6.000000e+00	4.824169e-02
6.150000e+00	4.905871e-02
6.300000e+00	5.117805e-02
6.450000e+00	5.515330e-02
6.600000e+00	6.198194e-02
6.750000e+00	7.355805e-02
6.900000e+00	9.374639e-02
7.050000e+00	1.310236e-01
7.200000e+00	2.041706e-01
7.350000e+00	3.390833e-01
7.500000e+00	4.596775e-01
7.650000e+00	4.392993e-01
7.800000e+00	4.125767e-01
7.950000e+00	3.013536e-01
8.100000e+00	1.819824e-01
8.250000e+00	1.157092e-01
8.400000e+00	8.083950e-02
8.550000e+00	6.112055e-02
8.700000e+00	4.916113e-02
8.850000e+00	4.161882e-02
9.000000e+00	3.695307e-02
9.150000e+00	3.458543e-02
9.300000e+00	3.473442e-02
9.450000e+00	3.877067e-02
9.600000e+00	4.943775e-02
9.750000e+00	6.195590e-02
9.900000e+00	5.341665e-02
1.005000e+01	3.749996e-02
1.020000e+01	2.829217e-02
1.035000e+01	2.358985e-02
1.050000e+01	2.113470e-02
1.065000e+01	1.993815e-02
1.080000e+01	1.963976e-02
1.095000e+01	2.019653e-02
1.110000e+01	2.185458e-02
1.125000e+01	2.525167e-02
1.140000e+01	3.123321e-02
1.155000e+01	4.054660e-02
1.170000e+01	5.843427e-02
1.185000e+01	8.550168e-02
1.200000e+01	8.905086e-02
1.215000e+01	7.638462e-02
1.230000e+01	8.467963e-02
1.245000e+01	1.155933e-01
1.260000e+01	1.189942e-01
1.275000e+01	7.977714e-02
1.290000e+01	5.253309e-02
1.305000e+01	4.136130e-02
1.320000e+01	4.096140e-02
1.335000e+01	5.009445e-02
1.350000e+01	6.375960e-02
1.365000e+01	6.401220e-02
1.380000e+01	4.368182e-02
1.395000e+01	2.799813e-02
1.410000e+01	1.971587e-02
1.425000e+01	1.520447e-02
1.440000e+01	1.251765e-02
1.455000e+01	1.079919e-02
1.470000e+01	9.652064e-03
1.485000e+01	8.888224e-03
1.500000e+01	8.436931e-03
1.515000e+01	8.316023e-03
1.530000e+01	8.681715e-03
1.545000e+01	9.935998e-03
1.560000e+01	1.261283e-02
1.575000e+01	1.437622e-02
1.590000e+01	1.150549e-02
1.605000e+01	8.503592e-03
1.620000e+01	6.850312e-03
1.635000e+01	5.937727e-03
1.650000e+01	5.377618e-03
1.665000e+01	4.997477e-03
1.680000e+01	4.718779e-03
1.695000e+01	4.503260e-03
1.710000e+01	4.329545e-03
1.725000e+01	4.185872e-03
1.740000e+01	4.064800e-03
1.755000e+01	3.966155e-03
1.770000e+01	3.884665e-03
1.785000e+01	3.827127e-03
1.800000e+01	3.785892e-03
1.815000e+01	3.727890e-03
1.830000e+01	3.666472e-03
1.845000e+01	3.635685e-03
1.860000e+01	3.642689e-03
1.875000e+01	3.656717e-03
1.890000e+01	3.603776e-03
1.905000e+01	3.545275e-03
1.920000e+01	3.517617e-03
1.935000e+01	3.516742e-03
1.950000e+01	3.530924e-03
1.965000e+01	3.560030e-03
1.980000e+01	3.604311e-03
1.995000e+01	3.665241e-03
2.010000e+01	3.743513e-03
2.025000e+01	3.841687e-03
2.040000e+01	3.963483e-03
2.055000e+01	4.116609e-03
2.070000e+01	4.303850e-03
2.085000e+01	4.536240e-03
2.100000e+01	4.826935e-03
2.115000e+01	5.195613e-03
2.130000e+01	5.680986e-03
2.145000e+01	6.318327e-03
2.160000e+01	7.125349e-03
2.175000e+01	8.197669e-03
2.190000e+01	9.844187e-03
2.205000e+01	1.250384e-02
2.220000e+01	1.657103e-02
2.235000e+01	1.977085e-02
2.250000e+01	2.077708e-02
2.265000e+01	2.398052e-02
2.280000e+01	3.133863e-02
2.295000e+01	4.544022e-02
2.310000e+01	7.293869e-02
2.325000e+01	1.272547e-01
2.340000e+01	2.049741e-01
2.355000e+01	2.164414e-01
2.370000e+01	1.486189e-01
2.385000e+01	9.465143e-02
2.400000e+01	6.418260e-02
2.415000e+01	4.239531e-02
2.430000e+01	2.901734e-02
2.445000e+01	2.141422e-02
2.460000e+01	1.678940e-02
2.475000e+01	1.392559e-02
2.490000e+01	1.230120e-02
2.505000e+01	1.165181e-02
2.520000e+01	1.152652e-02
2.535000e+01	1.139364e-02
2.550000e+01	1.203372e-02
2.565000e+01	1.386611e-02
2.580000e+01	1.786851e-02
2.595000e+01	2.664592e-02
2.610000e+01	4.380751e-02
2.625000e+01	5.895886e-02
2.640000e+01	4.539536e-02
2.655000e+01	2.732198e-02
2.670000e+01	1.774809e-02
2.685000e+01	1.298187e-02
2.700000e+01	1.012597e-02
2.715000e+01	8.525604e-03
2.730000e+01	7.786942e-03
2.745000e+01	7.673601e-03
2.760000e+01	8.289405e-03
2.775000e+01	1.003550e-02
2.790000e+01	1.394106e-02
2.805000e+01	2.176749e-02
2.820000e+01	2.991013e-02
2.835000e+01	2.496902e-02
2.850000e+01	1.671498e-02
2.865000e+01	1.223040e-02
2.880000e+01	1.015815e-02
2.895000e+01	1.005739e-02
2.910000e+01	1.208977e-02
2.925000e+01	1.712368e-02
2.940000e+01	2.377117e-02
2.955000e+01	2.608691e-02
2.970000e+01	2.179342e-02
2.985000e+01	1.588161e-02
3.000000e+01	1.110952e-02
