# Re(EQRPA)	Im(Strength)
0.000000e+00	8.361254e-03
1.500000e-01	8.729312e-03
3.000000e-01	9.124369e-03
4.500000e-01	9.549271e-03
6.000000e-01	1.000726e-02
7.500000e-01	1.050203e-02
9.000000e-01	1.103784e-02
1.050000e+00	1.161957e-02
1.200000e+00	1.225288e-02
1.350000e+00	1.294280e-02
1.500000e+00	1.370045e-02
1.650000e+00	1.453185e-02
1.800000e+00	1.544846e-02
1.950000e+00	1.646284e-02
2.100000e+00	1.758995e-02
2.250000e+00	1.884778e-02
2.400000e+00	2.025811e-02
2.550000e+00	2.184751e-02
2.700000e+00	2.364866e-02
2.850000e+00	2.570212e-02
3.000000e+00	2.805879e-02
3.150000e+00	3.078305e-02
3.300000e+00	3.395756e-02
3.450000e+00	3.768968e-02
3.600000e+00	4.212091e-02
3.750000e+00	4.744077e-02
3.900000e+00	5.390770e-02
4.050000e+00	6.188111e-02
4.200000e+00	7.187401e-02
4.350000e+00	8.463379e-02
4.500000e+00	1.012890e-01
4.650000e+00	1.235997e-01
4.800000e+00	1.544279e-01
4.950000e+00	1.986614e-01
5.100000e+00	2.651441e-01
5.250000e+00	3.710067e-01
5.400000e+00	5.521039e-01
5.550000e+00	8.890376e-01
5.700000e+00	1.560124e+00
5.850000e+00	2.749993e+00
6.000000e+00	3.386896e+00
6.150000e+00	2.291929e+00
6.300000e+00	1.274456e+00
6.450000e+00	7.493473e-01
6.600000e+00	4.819134e-01
6.750000e+00	3.346672e-01
6.900000e+00	2.473561e-01
7.050000e+00	1.928580e-01
7.200000e+00	1.584406e-01
7.350000e+00	1.386853e-01
7.500000e+00	1.327233e-01
7.650000e+00	1.346880e-01
7.800000e+00	1.184124e-01
7.950000e+00	9.433757e-02
8.100000e+00	7.913209e-02
8.250000e+00	7.050242e-02
8.400000e+00	6.570310e-02
8.550000e+00	6.354466e-02
8.700000e+00	6.371683e-02
8.850000e+00	6.652986e-02
9.000000e+00	7.307231e-02
9.150000e+00	8.591642e-02
9.300000e+00	1.110292e-01
9.450000e+00	1.618431e-01
9.600000e+00	2.544009e-01
9.750000e+00	3.143816e-01
9.900000e+00	2.343679e-01
1.005000e+01	1.533651e-01
1.020000e+01	1.129386e-01
1.035000e+01	9.487096e-02
1.050000e+01	8.804685e-02
1.065000e+01	8.799174e-02
1.080000e+01	9.346460e-02
1.095000e+01	1.054525e-01
1.110000e+01	1.278236e-01
1.125000e+01	1.674811e-01
1.140000e+01	2.149614e-01
1.155000e+01	2.417233e-01
1.170000e+01	2.964142e-01
1.185000e+01	3.670091e-01
1.200000e+01	3.359649e-01
1.215000e+01	2.862622e-01
1.230000e+01	2.821154e-01
1.245000e+01	3.153790e-01
1.260000e+01	3.838592e-01
1.275000e+01	4.991730e-01
1.290000e+01	6.918258e-01
1.305000e+01	1.030054e+00
1.320000e+01	1.670040e+00
1.335000e+01	2.949627e+00
1.350000e+01	5.102494e+00
1.365000e+01	5.863625e+00
1.380000e+01	3.798061e+00
1.395000e+01	2.107189e+00
1.410000e+01	1.244651e+00
1.425000e+01	8.009336e-01
1.440000e+01	5.529997e-01
1.455000e+01	4.030560e-01
1.470000e+01	3.063025e-01
1.485000e+01	2.405559e-01
1.500000e+01	1.939995e-01
1.515000e+01	1.599424e-01
1.530000e+01	1.344237e-01
1.545000e+01	1.150733e-01
1.560000e+01	1.005788e-01
1.575000e+01	8.997525e-02
1.590000e+01	8.009330e-02
1.605000e+01	6.956228e-02
1.620000e+01	6.095055e-02
1.635000e+01	5.418883e-02
1.650000e+01	4.868412e-02
1.665000e+01	4.407112e-02
1.680000e+01	4.013664e-02
1.695000e+01	3.673941e-02
1.710000e+01	3.377910e-02
1.725000e+01	3.116763e-02
1.740000e+01	2.887938e-02
1.755000e+01	2.685521e-02
1.770000e+01	2.507730e-02
1.785000e+01	2.351321e-02
1.800000e+01	2.214565e-02
1.815000e+01	2.080845e-02
1.830000e+01	1.950255e-02
1.845000e+01	1.835324e-02
1.860000e+01	1.735696e-02
1.875000e+01	1.647363e-02
1.890000e+01	1.559334e-02
1.905000e+01	1.474984e-02
1.920000e+01	1.399177e-02
1.935000e+01	1.330936e-02
1.950000e+01	1.268529e-02
1.965000e+01	1.211056e-02
1.980000e+01	1.158133e-02
1.995000e+01	1.108871e-02
2.010000e+01	1.062991e-02
2.025000e+01	1.020585e-02
2.040000e+01	9.812511e-03
2.055000e+01	9.450360e-03
2.070000e+01	9.113252e-03
2.085000e+01	8.809290e-03
2.100000e+01	8.536713e-03
2.115000e+01	8.304818e-03
2.130000e+01	8.132279e-03
2.145000e+01	8.043368e-03
2.160000e+01	7.964067e-03
2.175000e+01	7.821196e-03
2.190000e+01	7.824130e-03
2.205000e+01	8.057814e-03
2.220000e+01	8.649303e-03
2.235000e+01	1.004520e-02
2.250000e+01	1.139601e-02
2.265000e+01	1.002950e-02
2.280000e+01	8.131702e-03
2.295000e+01	7.082925e-03
2.310000e+01	6.592128e-03
2.325000e+01	6.476131e-03
2.340000e+01	6.668561e-03
2.355000e+01	6.663114e-03
2.370000e+01	6.206408e-03
2.385000e+01	5.781928e-03
2.400000e+01	5.403994e-03
2.415000e+01	5.117054e-03
2.430000e+01	4.920308e-03
2.445000e+01	4.786674e-03
2.460000e+01	4.702483e-03
2.475000e+01	4.661384e-03
2.490000e+01	4.668287e-03
2.505000e+01	4.736816e-03
2.520000e+01	4.843445e-03
2.535000e+01	4.932018e-03
2.550000e+01	5.107931e-03
2.565000e+01	5.461283e-03
2.580000e+01	6.095770e-03
2.595000e+01	7.238768e-03
2.610000e+01	9.285768e-03
2.625000e+01	1.262850e-02
2.640000e+01	1.647508e-02
2.655000e+01	2.158384e-02
2.670000e+01	2.977316e-02
2.685000e+01	2.837021e-02
2.700000e+01	1.842147e-02
2.715000e+01	1.190328e-02
2.730000e+01	8.678997e-03
2.745000e+01	7.138652e-03
2.760000e+01	6.563207e-03
2.775000e+01	6.800142e-03
2.790000e+01	7.961421e-03
2.805000e+01	9.272856e-03
2.820000e+01	1.009844e-02
2.835000e+01	1.044289e-02
2.850000e+01	8.957609e-03
2.865000e+01	7.837099e-03
2.880000e+01	6.551792e-03
2.895000e+01	5.175544e-03
2.910000e+01	4.319393e-03
2.925000e+01	3.935968e-03
2.940000e+01	3.855518e-03
2.955000e+01	3.916895e-03
2.970000e+01	4.085979e-03
2.985000e+01	4.331748e-03
3.000000e+01	4.189101e-03
