# Re(EQRPA)	Im(Strength)
0.000000e+00	8.115868e-01
1.500000e-01	6.095159e-01
3.000000e-01	4.736396e-01
4.500000e-01	3.781938e-01
6.000000e-01	3.087217e-01
7.500000e-01	2.566492e-01
9.000000e-01	2.166483e-01
1.050000e+00	1.852746e-01
1.200000e+00	1.602275e-01
1.350000e+00	1.399150e-01
1.500000e+00	1.232208e-01
1.650000e+00	1.093369e-01
1.800000e+00	9.766785e-02
1.950000e+00	8.776783e-02
2.100000e+00	7.929833e-02
2.250000e+00	7.199687e-02
2.400000e+00	6.565984e-02
2.550000e+00	6.012458e-02
2.700000e+00	5.526237e-02
2.850000e+00	5.096933e-02
3.000000e+00	4.716094e-02
3.150000e+00	4.376763e-02
3.300000e+00	4.073215e-02
3.450000e+00	3.800713e-02
3.600000e+00	3.555256e-02
3.750000e+00	3.333518e-02
3.900000e+00	3.132679e-02
4.050000e+00	2.950419e-02
4.200000e+00	2.784192e-02
4.350000e+00	2.633020e-02
4.500000e+00	2.495170e-02
4.650000e+00	2.369014e-02
4.800000e+00	2.254046e-02
4.950000e+00	2.149232e-02
5.100000e+00	2.053847e-02
5.250000e+00	1.967503e-02
5.400000e+00	1.890294e-02
5.550000e+00	1.821235e-02
5.700000e+00	1.761480e-02
5.850000e+00	1.711905e-02
6.000000e+00	1.674350e-02
6.150000e+00	1.652224e-02
6.300000e+00	1.652036e-02
6.450000e+00	1.686361e-02
6.600000e+00	1.781681e-02
6.750000e+00	1.996501e-02
6.900000e+00	2.463242e-02
7.050000e+00	3.379274e-02
7.200000e+00	4.175102e-02
7.350000e+00	3.414443e-02
7.500000e+00	2.423207e-02
7.650000e+00	1.888695e-02
7.800000e+00	1.623165e-02
7.950000e+00	1.488985e-02
8.100000e+00	1.426837e-02
8.250000e+00	1.413043e-02
8.400000e+00	1.440837e-02
8.550000e+00	1.514288e-02
8.700000e+00	1.647571e-02
8.850000e+00	1.872947e-02
9.000000e+00	2.249427e-02
9.150000e+00	2.905488e-02
9.300000e+00	4.125249e-02
9.450000e+00	6.551544e-02
9.600000e+00	1.118835e-01
9.750000e+00	1.549176e-01
9.900000e+00	1.201814e-01
1.005000e+01	7.036195e-02
1.020000e+01	4.319812e-02
1.035000e+01	2.955785e-02
1.050000e+01	2.224998e-02
1.065000e+01	1.809934e-02
1.080000e+01	1.573657e-02
1.095000e+01	1.461813e-02
1.110000e+01	1.461591e-02
1.125000e+01	1.522788e-02
1.140000e+01	1.559672e-02
1.155000e+01	1.746634e-02
1.170000e+01	2.291937e-02
1.185000e+01	3.279761e-02
1.200000e+01	3.575016e-02
1.215000e+01	2.594317e-02
1.230000e+01	1.852056e-02
1.245000e+01	1.534262e-02
1.260000e+01	1.475129e-02
1.275000e+01	1.634641e-02
1.290000e+01	2.106397e-02
1.305000e+01	3.107262e-02
1.320000e+01	4.267104e-02
1.335000e+01	3.999256e-02
1.350000e+01	2.919084e-02
1.365000e+01	2.099996e-02
1.380000e+01	1.760842e-02
1.395000e+01	1.762733e-02
1.410000e+01	2.092013e-02
1.425000e+01	2.937546e-02
1.440000e+01	4.723212e-02
1.455000e+01	6.928903e-02
1.470000e+01	6.026434e-02
1.485000e+01	3.658254e-02
1.500000e+01	2.273542e-02
1.515000e+01	1.598928e-02
1.530000e+01	1.284161e-02
1.545000e+01	1.197487e-02
1.560000e+01	1.288556e-02
1.575000e+01	1.264217e-02
1.590000e+01	9.643805e-03
1.605000e+01	7.299582e-03
1.620000e+01	5.969556e-03
1.635000e+01	5.171622e-03
1.650000e+01	4.643996e-03
1.665000e+01	4.265526e-03
1.680000e+01	3.981934e-03
1.695000e+01	3.758383e-03
1.710000e+01	3.576407e-03
1.725000e+01	3.426544e-03
1.740000e+01	3.302918e-03
1.755000e+01	3.201892e-03
1.770000e+01	3.125411e-03
1.785000e+01	3.079165e-03
1.800000e+01	3.047418e-03
1.815000e+01	2.969966e-03
1.830000e+01	2.893462e-03
1.845000e+01	2.863602e-03
1.860000e+01	2.884809e-03
1.875000e+01	2.876853e-03
1.890000e+01	2.762323e-03
1.905000e+01	2.661136e-03
1.920000e+01	2.597711e-03
1.935000e+01	2.555009e-03
1.950000e+01	2.525076e-03
1.965000e+01	2.502647e-03
1.980000e+01	2.487178e-03
1.995000e+01	2.476042e-03
2.010000e+01	2.470469e-03
2.025000e+01	2.469487e-03
2.040000e+01	2.473674e-03
2.055000e+01	2.482815e-03
2.070000e+01	2.499183e-03
2.085000e+01	2.519566e-03
2.100000e+01	2.548687e-03
2.115000e+01	2.590861e-03
2.130000e+01	2.653143e-03
2.145000e+01	2.730693e-03
2.160000e+01	2.785523e-03
2.175000e+01	2.831464e-03
2.190000e+01	2.916018e-03
2.205000e+01	3.031775e-03
2.220000e+01	3.109948e-03
2.235000e+01	3.175044e-03
2.250000e+01	3.280188e-03
2.265000e+01	3.424740e-03
2.280000e+01	3.608278e-03
2.295000e+01	3.839863e-03
2.310000e+01	4.140592e-03
2.325000e+01	4.552696e-03
2.340000e+01	5.121038e-03
2.355000e+01	5.662676e-03
2.370000e+01	6.013418e-03
2.385000e+01	6.424071e-03
2.400000e+01	7.024968e-03
2.415000e+01	7.857353e-03
2.430000e+01	8.971546e-03
2.445000e+01	1.047422e-02
2.460000e+01	1.253772e-02
2.475000e+01	1.542603e-02
2.490000e+01	1.960572e-02
2.505000e+01	2.593341e-02
2.520000e+01	3.601479e-02
2.535000e+01	5.326808e-02
2.550000e+01	8.553415e-02
2.565000e+01	1.496367e-01
2.580000e+01	2.592117e-01
2.595000e+01	3.061367e-01
2.610000e+01	2.102045e-01
2.625000e+01	1.212285e-01
2.640000e+01	7.415057e-02
2.655000e+01	5.107777e-02
2.670000e+01	3.706083e-02
2.685000e+01	2.831509e-02
2.700000e+01	2.355592e-02
2.715000e+01	1.889887e-02
2.730000e+01	1.458964e-02
2.745000e+01	1.178766e-02
2.760000e+01	1.005584e-02
2.775000e+01	9.060511e-03
2.790000e+01	8.748693e-03
2.805000e+01	9.023762e-03
2.820000e+01	8.676942e-03
2.835000e+01	7.510655e-03
2.850000e+01	6.709937e-03
2.865000e+01	6.244335e-03
2.880000e+01	6.114024e-03
2.895000e+01	6.432647e-03
2.910000e+01	7.350296e-03
2.925000e+01	8.489890e-03
2.940000e+01	8.725980e-03
2.955000e+01	8.811608e-03
2.970000e+01	1.013598e-02
2.985000e+01	1.357629e-02
3.000000e+01	2.048559e-02
