# Re(EQRPA)	Im(Strength)
0.000000e+00	3.132635e-02
1.500000e-01	3.742609e-02
3.000000e-01	4.575387e-02
4.500000e-01	5.755537e-02
6.000000e-01	7.505382e-02
7.500000e-01	1.025006e-01
9.000000e-01	1.486573e-01
1.050000e+00	2.329983e-01
1.200000e+00	3.995049e-01
1.350000e+00	7.119979e-01
1.500000e+00	9.747849e-01
1.650000e+00	7.258388e-01
1.800000e+00	4.090419e-01
1.950000e+00	2.391134e-01
2.100000e+00	1.535463e-01
2.250000e+00	1.071984e-01
2.400000e+00	8.002881e-02
2.550000e+00	6.304378e-02
2.700000e+00	5.189555e-02
2.850000e+00	4.431734e-02
3.000000e+00	3.904732e-02
3.150000e+00	3.534662e-02
3.300000e+00	3.275866e-02
3.450000e+00	3.099649e-02
3.600000e+00	2.987314e-02
3.750000e+00	2.926723e-02
3.900000e+00	2.910051e-02
4.050000e+00	2.932594e-02
4.200000e+00	2.991986e-02
4.350000e+00	3.087887e-02
4.500000e+00	3.221483e-02
4.650000e+00	3.396003e-02
4.800000e+00	3.616627e-02
4.950000e+00	3.890936e-02
5.100000e+00	4.229683e-02
5.250000e+00	4.647898e-02
5.400000e+00	5.166620e-02
5.550000e+00	5.815554e-02
5.700000e+00	6.637781e-02
5.850000e+00	7.696699e-02
6.000000e+00	9.089005e-02
6.150000e+00	1.096725e-01
6.300000e+00	1.358281e-01
6.450000e+00	1.737178e-01
6.600000e+00	2.313806e-01
6.750000e+00	3.247537e-01
6.900000e+00	4.879938e-01
7.050000e+00	7.988030e-01
7.200000e+00	1.415995e+00
7.350000e+00	2.334528e+00
7.500000e+00	2.340295e+00
7.650000e+00	1.440109e+00
7.800000e+00	8.494055e-01
7.950000e+00	5.798982e-01
8.100000e+00	4.921801e-01
8.250000e+00	5.388270e-01
8.400000e+00	6.152625e-01
8.550000e+00	4.819331e-01
8.700000e+00	3.103871e-01
8.850000e+00	2.134818e-01
9.000000e+00	1.623138e-01
9.150000e+00	1.338773e-01
9.300000e+00	1.177985e-01
9.450000e+00	1.095745e-01
9.600000e+00	1.074888e-01
9.750000e+00	1.117081e-01
9.900000e+00	1.246215e-01
1.005000e+01	1.528588e-01
1.020000e+01	2.105055e-01
1.035000e+01	2.969002e-01
1.050000e+01	3.057008e-01
1.065000e+01	2.434016e-01
1.080000e+01	2.172410e-01
1.095000e+01	2.112241e-01
1.110000e+01	2.081998e-01
1.125000e+01	2.282902e-01
1.140000e+01	2.821133e-01
1.155000e+01	3.850070e-01
1.170000e+01	5.067435e-01
1.185000e+01	5.335829e-01
1.200000e+01	5.742579e-01
1.215000e+01	7.362933e-01
1.230000e+01	1.093550e+00
1.245000e+01	1.794978e+00
1.260000e+01	2.755560e+00
1.275000e+01	3.295822e+00
1.290000e+01	4.064516e+00
1.305000e+01	4.053144e+00
1.320000e+01	2.564665e+00
1.335000e+01	1.467408e+00
1.350000e+01	8.987173e-01
1.365000e+01	5.992811e-01
1.380000e+01	4.295555e-01
1.395000e+01	3.274339e-01
1.410000e+01	2.651865e-01
1.425000e+01	2.315983e-01
1.440000e+01	2.266862e-01
1.455000e+01	2.544020e-01
1.470000e+01	2.644827e-01
1.485000e+01	1.996121e-01
1.500000e+01	1.405003e-01
1.515000e+01	1.062661e-01
1.530000e+01	8.567144e-02
1.545000e+01	7.198631e-02
1.560000e+01	6.213260e-02
1.575000e+01	5.462747e-02
1.590000e+01	4.868963e-02
1.605000e+01	4.385992e-02
1.620000e+01	3.985758e-02
1.635000e+01	3.650035e-02
1.650000e+01	3.366546e-02
1.665000e+01	3.127160e-02
1.680000e+01	2.927445e-02
1.695000e+01	2.766594e-02
1.710000e+01	2.649347e-02
1.725000e+01	2.590744e-02
1.740000e+01	2.628758e-02
1.755000e+01	2.848471e-02
1.770000e+01	3.294602e-02
1.785000e+01	3.385686e-02
1.800000e+01	2.935647e-02
1.815000e+01	2.757980e-02
1.830000e+01	3.025192e-02
1.845000e+01	3.348855e-02
1.860000e+01	2.842018e-02
1.875000e+01	2.202607e-02
1.890000e+01	1.842491e-02
1.905000e+01	1.654857e-02
1.920000e+01	1.561544e-02
1.935000e+01	1.534680e-02
1.950000e+01	1.575788e-02
1.965000e+01	1.718423e-02
1.980000e+01	2.049923e-02
1.995000e+01	2.773220e-02
2.010000e+01	4.098947e-02
2.025000e+01	4.794247e-02
2.040000e+01	3.500834e-02
2.055000e+01	2.299517e-02
2.070000e+01	1.668457e-02
2.085000e+01	1.338379e-02
2.100000e+01	1.152999e-02
2.115000e+01	1.046982e-02
2.130000e+01	9.867408e-03
2.145000e+01	9.286774e-03
2.160000e+01	8.802956e-03
2.175000e+01	8.668120e-03
2.190000e+01	8.604661e-03
2.205000e+01	8.105247e-03
2.220000e+01	7.662339e-03
2.235000e+01	7.495661e-03
2.250000e+01	7.590438e-03
2.265000e+01	8.025164e-03
2.280000e+01	9.072227e-03
2.295000e+01	1.135726e-02
2.310000e+01	1.524837e-02
2.325000e+01	1.640597e-02
2.340000e+01	1.289241e-02
2.355000e+01	1.060829e-02
2.370000e+01	1.019040e-02
2.385000e+01	9.781135e-03
2.400000e+01	8.290240e-03
2.415000e+01	7.226931e-03
2.430000e+01	6.764425e-03
2.445000e+01	6.620011e-03
2.460000e+01	6.722381e-03
2.475000e+01	7.193586e-03
2.490000e+01	8.193418e-03
2.505000e+01	9.248689e-03
2.520000e+01	9.339643e-03
2.535000e+01	9.777398e-03
2.550000e+01	1.127047e-02
2.565000e+01	1.334465e-02
2.580000e+01	1.575527e-02
2.595000e+01	2.047358e-02
2.610000e+01	3.001615e-02
2.625000e+01	4.274951e-02
2.640000e+01	5.668518e-02
2.655000e+01	7.417902e-02
2.670000e+01	7.510991e-02
2.685000e+01	5.239311e-02
2.700000e+01	3.190876e-02
2.715000e+01	2.087909e-02
2.730000e+01	1.516859e-02
2.745000e+01	1.216752e-02
2.760000e+01	1.042871e-02
2.775000e+01	9.823245e-03
2.790000e+01	1.061943e-02
2.805000e+01	1.345636e-02
2.820000e+01	1.721040e-02
2.835000e+01	1.568149e-02
2.850000e+01	1.182989e-02
2.865000e+01	9.889264e-03
2.880000e+01	8.936815e-03
2.895000e+01	7.383680e-03
2.910000e+01	6.464363e-03
2.925000e+01	6.504847e-03
2.940000e+01	6.541630e-03
2.955000e+01	5.613449e-03
2.970000e+01	4.818408e-03
2.985000e+01	4.570592e-03
3.000000e+01	4.636122e-03
