# Re(EQRPA)	Im(Strength)
0.000000e+00	1.169143e-02
1.500000e-01	1.229543e-02
3.000000e-01	1.295082e-02
4.500000e-01	1.366379e-02
6.000000e-01	1.444155e-02
7.500000e-01	1.529247e-02
9.000000e-01	1.622632e-02
1.050000e+00	1.725462e-02
1.200000e+00	1.839096e-02
1.350000e+00	1.965149e-02
1.500000e+00	2.105554e-02
1.650000e+00	2.262710e-02
1.800000e+00	2.439308e-02
1.950000e+00	2.638866e-02
2.100000e+00	2.865646e-02
2.250000e+00	3.124953e-02
2.400000e+00	3.423456e-02
2.550000e+00	3.769637e-02
2.700000e+00	4.174413e-02
2.850000e+00	4.652020e-02
3.000000e+00	5.221300e-02
3.150000e+00	5.907647e-02
3.300000e+00	6.745847e-02
3.450000e+00	7.784611e-02
3.600000e+00	9.093801e-02
3.750000e+00	1.077635e-01
3.900000e+00	1.298927e-01
4.050000e+00	1.597878e-01
4.200000e+00	2.015230e-01
4.350000e+00	2.621498e-01
4.500000e+00	3.546560e-01
4.650000e+00	5.047499e-01
4.800000e+00	7.673978e-01
4.950000e+00	1.267653e+00
5.100000e+00	2.265579e+00
5.250000e+00	3.803392e+00
5.400000e+00	3.926217e+00
5.550000e+00	2.400313e+00
5.700000e+00	1.339057e+00
5.850000e+00	8.057925e-01
6.000000e+00	5.285810e-01
6.150000e+00	3.720980e-01
6.300000e+00	2.770572e-01
6.450000e+00	2.160600e-01
6.600000e+00	1.755692e-01
6.750000e+00	1.487225e-01
6.900000e+00	1.325699e-01
7.050000e+00	1.274558e-01
7.200000e+00	1.350089e-01
7.350000e+00	1.373239e-01
7.500000e+00	1.125526e-01
7.650000e+00	9.011136e-02
7.800000e+00	7.747885e-02
7.950000e+00	7.057861e-02
8.100000e+00	6.700580e-02
8.250000e+00	6.579881e-02
8.400000e+00	6.673392e-02
8.550000e+00	7.010071e-02
8.700000e+00	7.682238e-02
8.850000e+00	8.895758e-02
9.000000e+00	1.110792e-01
9.150000e+00	1.536901e-01
9.300000e+00	2.382664e-01
9.450000e+00	3.636377e-01
9.600000e+00	3.651654e-01
9.750000e+00	2.457306e-01
9.900000e+00	1.684205e-01
1.005000e+01	1.335464e-01
1.020000e+01	1.202928e-01
1.035000e+01	1.190604e-01
1.050000e+01	1.266574e-01
1.065000e+01	1.435112e-01
1.080000e+01	1.737752e-01
1.095000e+01	2.278537e-01
1.110000e+01	3.195946e-01
1.125000e+01	4.051160e-01
1.140000e+01	4.249714e-01
1.155000e+01	4.993213e-01
1.170000e+01	6.689100e-01
1.185000e+01	7.784063e-01
1.200000e+01	8.246201e-01
1.215000e+01	1.014657e+00
1.230000e+01	1.501423e+00
1.245000e+01	2.563307e+00
1.260000e+01	4.334969e+00
1.275000e+01	4.756479e+00
1.290000e+01	3.002490e+00
1.305000e+01	1.674171e+00
1.320000e+01	1.002403e+00
1.335000e+01	6.551858e-01
1.350000e+01	4.567352e-01
1.365000e+01	3.344447e-01
1.380000e+01	2.552136e-01
1.395000e+01	2.012447e-01
1.410000e+01	1.628797e-01
1.425000e+01	1.346455e-01
1.440000e+01	1.132661e-01
1.455000e+01	9.668853e-02
1.470000e+01	8.357538e-02
1.485000e+01	7.302584e-02
1.500000e+01	6.441767e-02
1.515000e+01	5.731555e-02
1.530000e+01	5.141896e-02
1.545000e+01	4.653465e-02
1.560000e+01	4.247157e-02
1.575000e+01	3.872440e-02
1.590000e+01	3.522953e-02
1.605000e+01	3.222660e-02
1.620000e+01	2.965846e-02
1.635000e+01	2.741727e-02
1.650000e+01	2.544631e-02
1.665000e+01	2.368984e-02
1.680000e+01	2.212019e-02
1.695000e+01	2.070981e-02
1.710000e+01	1.943702e-02
1.725000e+01	1.828410e-02
1.740000e+01	1.723631e-02
1.755000e+01	1.628144e-02
1.770000e+01	1.540861e-02
1.785000e+01	1.461269e-02
1.800000e+01	1.388341e-02
1.815000e+01	1.320020e-02
1.830000e+01	1.256255e-02
1.845000e+01	1.197611e-02
1.860000e+01	1.143569e-02
1.875000e+01	1.093431e-02
1.890000e+01	1.046362e-02
1.905000e+01	1.002512e-02
1.920000e+01	9.616479e-03
1.935000e+01	9.234823e-03
1.950000e+01	8.877814e-03
1.965000e+01	8.543447e-03
1.980000e+01	8.229998e-03
1.995000e+01	7.935994e-03
2.010000e+01	7.660203e-03
2.025000e+01	7.401635e-03
2.040000e+01	7.159577e-03
2.055000e+01	6.933677e-03
2.070000e+01	6.724023e-03
2.085000e+01	6.532066e-03
2.100000e+01	6.360610e-03
2.115000e+01	6.216852e-03
2.130000e+01	6.115027e-03
2.145000e+01	6.066468e-03
2.160000e+01	6.012365e-03
2.175000e+01	5.979704e-03
2.190000e+01	6.131719e-03
2.205000e+01	6.521925e-03
2.220000e+01	6.912321e-03
2.235000e+01	6.437301e-03
2.250000e+01	5.681397e-03
2.265000e+01	5.225669e-03
2.280000e+01	4.978393e-03
2.295000e+01	4.857186e-03
2.310000e+01	4.854395e-03
2.325000e+01	5.022807e-03
2.340000e+01	5.341333e-03
2.355000e+01	5.287581e-03
2.370000e+01	4.924141e-03
2.385000e+01	4.642558e-03
2.400000e+01	4.389938e-03
2.415000e+01	4.209240e-03
2.430000e+01	4.103074e-03
2.445000e+01	4.052065e-03
2.460000e+01	4.045647e-03
2.475000e+01	4.086491e-03
2.490000e+01	4.189741e-03
2.505000e+01	4.379283e-03
2.520000e+01	4.613333e-03
2.535000e+01	4.849868e-03
2.550000e+01	5.259879e-03
2.565000e+01	5.991794e-03
2.580000e+01	7.269755e-03
2.595000e+01	9.601156e-03
2.610000e+01	1.412437e-02
2.625000e+01	2.286144e-02
2.640000e+01	3.429046e-02
2.655000e+01	3.385463e-02
2.670000e+01	2.220912e-02
2.685000e+01	1.399337e-02
2.700000e+01	9.767874e-03
2.715000e+01	7.377876e-03
2.730000e+01	6.048523e-03
2.745000e+01	5.428232e-03
2.760000e+01	5.394363e-03
2.775000e+01	6.053451e-03
2.790000e+01	6.924493e-03
2.805000e+01	6.202539e-03
2.820000e+01	5.115410e-03
2.835000e+01	4.591008e-03
2.850000e+01	4.132274e-03
2.865000e+01	3.717435e-03
2.880000e+01	3.461924e-03
2.895000e+01	3.446417e-03
2.910000e+01	3.693166e-03
2.925000e+01	4.186362e-03
2.940000e+01	5.007962e-03
2.955000e+01	6.070785e-03
2.970000e+01	6.093094e-03
2.985000e+01	4.984046e-03
3.000000e+01	4.080568e-03
