# Re(EQRPA)	Im(Strength)
0.000000e+00	4.265093e-04
1.500000e-01	7.231855e-04
3.000000e-01	1.059547e-03
4.500000e-01	1.439455e-03
6.000000e-01	1.867165e-03
7.500000e-01	2.367834e-03
9.000000e-01	2.912986e-03
1.050000e+00	3.527250e-03
1.200000e+00	4.220229e-03
1.350000e+00	5.003662e-03
1.500000e+00	5.894953e-03
1.650000e+00	6.907988e-03
1.800000e+00	8.067068e-03
1.950000e+00	9.400825e-03
2.100000e+00	1.094590e-02
2.250000e+00	1.274975e-02
2.400000e+00	1.487465e-02
2.550000e+00	1.740356e-02
2.700000e+00	2.045312e-02
2.850000e+00	2.417774e-02
3.000000e+00	2.879016e-02
3.150000e+00	3.461030e-02
3.300000e+00	4.210835e-02
3.450000e+00	5.201937e-02
3.600000e+00	6.548214e-02
3.750000e+00	8.442888e-02
3.900000e+00	1.122484e-01
4.050000e+00	1.552863e-01
4.200000e+00	2.263873e-01
4.350000e+00	3.535193e-01
4.500000e+00	6.005908e-01
4.650000e+00	1.085496e+00
4.800000e+00	1.681691e+00
4.950000e+00	1.461366e+00
5.100000e+00	8.405564e-01
5.250000e+00	4.740272e-01
5.400000e+00	2.906747e-01
5.550000e+00	1.933055e-01
5.700000e+00	1.371691e-01
5.850000e+00	1.024947e-01
6.000000e+00	7.998513e-02
6.150000e+00	6.501238e-02
6.300000e+00	5.533673e-02
6.450000e+00	5.029300e-02
6.600000e+00	5.027514e-02
6.750000e+00	5.106193e-02
6.900000e+00	4.241405e-02
7.050000e+00	3.281907e-02
7.200000e+00	2.686249e-02
7.350000e+00	2.314960e-02
7.500000e+00	2.066442e-02
7.650000e+00	1.890347e-02
7.800000e+00	1.762130e-02
7.950000e+00	1.671543e-02
8.100000e+00	1.610716e-02
8.250000e+00	1.577890e-02
8.400000e+00	1.571115e-02
8.550000e+00	1.596829e-02
8.700000e+00	1.660686e-02
8.850000e+00	1.778468e-02
9.000000e+00	1.979670e-02
9.150000e+00	2.328291e-02
9.300000e+00	2.965326e-02
9.450000e+00	4.204763e-02
9.600000e+00	6.450619e-02
9.750000e+00	8.087594e-02
9.900000e+00	6.426667e-02
1.005000e+01	4.699851e-02
1.020000e+01	4.054717e-02
1.035000e+01	4.156774e-02
1.050000e+01	4.921505e-02
1.065000e+01	6.653746e-02
1.080000e+01	1.019601e-01
1.095000e+01	1.591498e-01
1.110000e+01	1.781241e-01
1.125000e+01	1.476032e-01
1.140000e+01	1.503486e-01
1.155000e+01	2.070291e-01
1.170000e+01	2.713704e-01
1.185000e+01	2.166597e-01
1.200000e+01	1.306334e-01
1.215000e+01	8.205346e-02
1.230000e+01	5.761808e-02
1.245000e+01	4.466983e-02
1.260000e+01	3.743978e-02
1.275000e+01	3.335087e-02
1.290000e+01	3.117269e-02
1.305000e+01	3.028280e-02
1.320000e+01	3.038810e-02
1.335000e+01	3.127981e-02
1.350000e+01	3.289451e-02
1.365000e+01	3.532087e-02
1.380000e+01	3.869543e-02
1.395000e+01	4.321441e-02
1.410000e+01	4.919049e-02
1.425000e+01	5.713819e-02
1.440000e+01	6.782923e-02
1.455000e+01	8.255906e-02
1.470000e+01	1.035219e-01
1.485000e+01	1.347474e-01
1.500000e+01	1.839699e-01
1.515000e+01	2.658460e-01
1.530000e+01	3.928229e-01
1.545000e+01	5.719684e-01
1.560000e+01	9.255170e-01
1.575000e+01	1.616380e+00
1.590000e+01	2.165937e+00
1.605000e+01	1.579927e+00
1.620000e+01	8.821253e-01
1.635000e+01	5.102251e-01
1.650000e+01	3.218943e-01
1.665000e+01	2.189289e-01
1.680000e+01	1.578225e-01
1.695000e+01	1.189801e-01
1.710000e+01	9.289374e-02
1.725000e+01	7.460912e-02
1.740000e+01	6.131483e-02
1.755000e+01	5.137129e-02
1.770000e+01	4.376068e-02
1.785000e+01	3.792145e-02
1.800000e+01	3.322323e-02
1.815000e+01	2.924435e-02
1.830000e+01	2.602523e-02
1.845000e+01	2.351038e-02
1.860000e+01	2.155603e-02
1.875000e+01	1.959821e-02
1.890000e+01	1.763031e-02
1.905000e+01	1.601502e-02
1.920000e+01	1.469029e-02
1.935000e+01	1.357582e-02
1.950000e+01	1.262006e-02
1.965000e+01	1.178929e-02
1.980000e+01	1.106021e-02
1.995000e+01	1.042646e-02
2.010000e+01	9.869204e-03
2.025000e+01	9.380425e-03
2.040000e+01	8.954818e-03
2.055000e+01	8.591161e-03
2.070000e+01	8.288182e-03
2.085000e+01	8.051114e-03
2.100000e+01	7.892602e-03
2.115000e+01	7.848206e-03
2.130000e+01	7.998122e-03
2.145000e+01	8.442483e-03
2.160000e+01	9.359010e-03
2.175000e+01	1.011115e-02
2.190000e+01	1.000193e-02
2.205000e+01	9.471264e-03
2.220000e+01	8.400478e-03
2.235000e+01	7.733888e-03
2.250000e+01	7.494958e-03
2.265000e+01	7.528740e-03
2.280000e+01	7.774209e-03
2.295000e+01	8.252916e-03
2.310000e+01	9.061859e-03
2.325000e+01	1.043775e-02
2.340000e+01	1.287540e-02
2.355000e+01	1.692410e-02
2.370000e+01	2.137140e-02
2.385000e+01	2.515590e-02
2.400000e+01	2.434260e-02
2.415000e+01	2.168385e-02
2.430000e+01	2.198561e-02
2.445000e+01	2.558130e-02
2.460000e+01	3.318994e-02
2.475000e+01	4.759889e-02
2.490000e+01	7.569783e-02
2.505000e+01	1.305398e-01
2.520000e+01	2.082728e-01
2.535000e+01	2.166512e-01
2.550000e+01	1.497032e-01
2.565000e+01	9.577488e-02
2.580000e+01	5.957658e-02
2.595000e+01	4.017975e-02
2.610000e+01	3.082934e-02
2.625000e+01	2.753529e-02
2.640000e+01	2.652173e-02
2.655000e+01	2.346691e-02
2.670000e+01	2.161851e-02
2.685000e+01	1.956771e-02
2.700000e+01	1.662557e-02
2.715000e+01	1.453191e-02
2.730000e+01	1.193879e-02
2.745000e+01	1.035197e-02
2.760000e+01	1.016924e-02
2.775000e+01	1.134431e-02
2.790000e+01	1.233343e-02
2.805000e+01	1.083297e-02
2.820000e+01	9.556773e-03
2.835000e+01	9.545790e-03
2.850000e+01	1.063764e-02
2.865000e+01	1.334318e-02
2.880000e+01	1.910495e-02
2.895000e+01	2.854891e-02
2.910000e+01	3.537988e-02
2.925000e+01	3.810267e-02
2.940000e+01	3.147387e-02
2.955000e+01	2.224721e-02
2.970000e+01	1.702111e-02
2.985000e+01	1.524041e-02
3.000000e+01	1.523455e-02
