# Re(EQRPA)	Im(Strength)
0.000000e+00	2.091535e-02
1.500000e-01	2.231541e-02
3.000000e-01	2.386635e-02
4.500000e-01	2.559105e-02
6.000000e-01	2.751696e-02
7.500000e-01	2.967716e-02
9.000000e-01	3.211187e-02
1.050000e+00	3.487037e-02
1.200000e+00	3.801355e-02
1.350000e+00	4.161737e-02
1.500000e+00	4.577755e-02
1.650000e+00	5.061609e-02
1.800000e+00	5.629042e-02
1.950000e+00	6.300645e-02
2.100000e+00	7.106151e-02
2.250000e+00	8.078723e-02
2.400000e+00	9.271865e-02
2.550000e+00	1.075581e-01
2.700000e+00	1.263456e-01
2.850000e+00	1.506125e-01
3.000000e+00	1.827031e-01
3.150000e+00	2.263470e-01
3.300000e+00	2.877302e-01
3.450000e+00	3.777153e-01
3.600000e+00	5.165625e-01
3.750000e+00	7.449204e-01
3.900000e+00	1.151031e+00
4.050000e+00	1.936287e+00
4.200000e+00	3.488275e+00
4.350000e+00	5.544430e+00
4.500000e+00	5.051614e+00
4.650000e+00	2.947357e+00
4.800000e+00	1.657369e+00
4.950000e+00	1.012002e+00
5.100000e+00	6.710660e-01
5.250000e+00	4.752472e-01
5.400000e+00	3.543065e-01
5.550000e+00	2.751961e-01
5.700000e+00	2.211336e-01
5.850000e+00	1.830248e-01
6.000000e+00	1.557298e-01
6.150000e+00	1.363739e-01
6.300000e+00	1.236940e-01
6.450000e+00	1.181425e-01
6.600000e+00	1.223662e-01
6.750000e+00	1.342082e-01
6.900000e+00	1.254617e-01
7.050000e+00	1.016088e-01
7.200000e+00	8.636392e-02
7.350000e+00	7.857727e-02
7.500000e+00	7.500668e-02
7.650000e+00	7.422305e-02
7.800000e+00	7.579782e-02
7.950000e+00	7.988236e-02
8.100000e+00	8.715322e-02
8.250000e+00	9.905231e-02
8.400000e+00	1.184673e-01
8.550000e+00	1.514167e-01
8.700000e+00	2.112904e-01
8.850000e+00	3.281988e-01
9.000000e+00	5.445133e-01
9.150000e+00	7.208709e-01
9.300000e+00	5.573834e-01
9.450000e+00	3.603907e-01
9.600000e+00	2.658947e-01
9.750000e+00	2.338292e-01
9.900000e+00	2.387354e-01
1.005000e+01	2.752443e-01
1.020000e+01	3.530175e-01
1.035000e+01	5.030018e-01
1.050000e+01	7.992475e-01
1.065000e+01	1.359067e+00
1.080000e+01	1.916660e+00
1.095000e+01	1.710837e+00
1.110000e+01	1.520284e+00
1.125000e+01	1.675478e+00
1.140000e+01	1.434339e+00
1.155000e+01	1.001236e+00
1.170000e+01	8.622140e-01
1.185000e+01	9.438857e-01
1.200000e+01	8.601953e-01
1.215000e+01	5.543748e-01
1.230000e+01	3.445114e-01
1.245000e+01	2.321680e-01
1.260000e+01	1.686923e-01
1.275000e+01	1.295449e-01
1.290000e+01	1.035765e-01
1.305000e+01	8.538744e-02
1.320000e+01	7.206615e-02
1.335000e+01	6.174566e-02
1.350000e+01	5.356919e-02
1.365000e+01	4.705702e-02
1.380000e+01	4.178002e-02
1.395000e+01	3.742711e-02
1.410000e+01	3.378061e-02
1.425000e+01	3.069350e-02
1.440000e+01	2.804600e-02
1.455000e+01	2.576122e-02
1.470000e+01	2.376806e-02
1.485000e+01	2.202165e-02
1.500000e+01	2.048436e-02
1.515000e+01	1.912763e-02
1.530000e+01	1.793649e-02
1.545000e+01	1.687440e-02
1.560000e+01	1.585763e-02
1.575000e+01	1.491460e-02
1.590000e+01	1.407365e-02
1.605000e+01	1.331716e-02
1.620000e+01	1.263818e-02
1.635000e+01	1.200348e-02
1.650000e+01	1.142312e-02
1.665000e+01	1.089376e-02
1.680000e+01	1.040480e-02
1.695000e+01	9.952322e-03
1.710000e+01	9.533217e-03
1.725000e+01	9.144741e-03
1.740000e+01	8.785656e-03
1.755000e+01	8.451980e-03
1.770000e+01	8.152149e-03
1.785000e+01	7.875329e-03
1.800000e+01	7.622093e-03
1.815000e+01	7.371437e-03
1.830000e+01	7.139564e-03
1.845000e+01	6.969275e-03
1.860000e+01	6.861162e-03
1.875000e+01	6.684147e-03
1.890000e+01	6.382615e-03
1.905000e+01	6.119621e-03
1.920000e+01	5.908657e-03
1.935000e+01	5.727448e-03
1.950000e+01	5.567208e-03
1.965000e+01	5.421608e-03
1.980000e+01	5.288145e-03
1.995000e+01	5.167410e-03
2.010000e+01	5.052965e-03
2.025000e+01	4.950245e-03
2.040000e+01	4.860370e-03
2.055000e+01	4.777011e-03
2.070000e+01	4.713039e-03
2.085000e+01	4.657776e-03
2.100000e+01	4.615994e-03
2.115000e+01	4.592276e-03
2.130000e+01	4.592405e-03
2.145000e+01	4.627804e-03
2.160000e+01	4.698059e-03
2.175000e+01	4.842590e-03
2.190000e+01	5.068876e-03
2.205000e+01	5.242284e-03
2.220000e+01	5.314408e-03
2.235000e+01	5.529870e-03
2.250000e+01	6.000939e-03
2.265000e+01	6.847601e-03
2.280000e+01	8.374204e-03
2.295000e+01	1.129969e-02
2.310000e+01	1.692315e-02
2.325000e+01	2.381823e-02
2.340000e+01	2.263725e-02
2.355000e+01	1.880052e-02
2.370000e+01	1.792006e-02
2.385000e+01	1.699974e-02
2.400000e+01	1.832991e-02
2.415000e+01	2.497501e-02
2.430000e+01	3.455704e-02
2.445000e+01	3.103873e-02
2.460000e+01	2.021828e-02
2.475000e+01	1.376874e-02
2.490000e+01	1.081049e-02
2.505000e+01	9.674734e-03
2.520000e+01	9.631661e-03
2.535000e+01	1.051387e-02
2.550000e+01	1.266898e-02
2.565000e+01	1.689733e-02
2.580000e+01	2.549027e-02
2.595000e+01	4.266964e-02
2.610000e+01	6.488311e-02
2.625000e+01	5.998447e-02
2.640000e+01	3.732735e-02
2.655000e+01	2.239009e-02
2.670000e+01	1.455483e-02
2.685000e+01	1.040347e-02
2.700000e+01	8.031712e-03
2.715000e+01	6.597793e-03
2.730000e+01	5.650949e-03
2.745000e+01	5.000428e-03
2.760000e+01	4.609814e-03
2.775000e+01	4.462882e-03
2.790000e+01	4.524403e-03
2.805000e+01	4.469360e-03
2.820000e+01	4.284478e-03
2.835000e+01	4.383979e-03
2.850000e+01	4.746717e-03
2.865000e+01	5.410489e-03
2.880000e+01	5.888675e-03
2.895000e+01	5.419361e-03
2.910000e+01	5.327087e-03
2.925000e+01	6.039477e-03
2.940000e+01	7.257800e-03
2.955000e+01	8.297026e-03
2.970000e+01	8.063248e-03
2.985000e+01	6.880310e-03
3.000000e+01	6.181017e-03
