# Re(EQRPA)	Im(Strength)
0.000000e+00	2.001641e-03
1.500000e-01	2.015663e-03
3.000000e-01	2.038036e-03
4.500000e-01	2.050130e-03
6.000000e-01	2.061684e-03
7.500000e-01	2.072771e-03
9.000000e-01	2.096668e-03
1.050000e+00	2.113637e-03
1.200000e+00	2.102360e-03
1.350000e+00	2.110983e-03
1.500000e+00	2.148663e-03
1.650000e+00	2.160443e-03
1.800000e+00	2.172503e-03
1.950000e+00	2.184998e-03
2.100000e+00	2.198068e-03
2.250000e+00	2.211856e-03
2.400000e+00	2.226533e-03
2.550000e+00	2.242298e-03
2.700000e+00	2.259338e-03
2.850000e+00	2.277848e-03
3.000000e+00	2.298061e-03
3.150000e+00	2.318752e-03
3.300000e+00	2.343384e-03
3.450000e+00	2.372012e-03
3.600000e+00	2.402115e-03
3.750000e+00	2.435072e-03
3.900000e+00	2.472653e-03
4.050000e+00	2.515774e-03
4.200000e+00	2.563089e-03
4.350000e+00	2.616305e-03
4.500000e+00	2.675928e-03
4.650000e+00	2.745934e-03
4.800000e+00	2.824112e-03
4.950000e+00	2.912193e-03
5.100000e+00	3.016910e-03
5.250000e+00	3.134311e-03
5.400000e+00	3.274668e-03
5.550000e+00	3.437148e-03
5.700000e+00	3.628873e-03
5.850000e+00	3.857296e-03
6.000000e+00	4.131968e-03
6.150000e+00	4.466450e-03
6.300000e+00	4.880154e-03
6.450000e+00	5.400206e-03
6.600000e+00	6.065986e-03
6.750000e+00	6.942519e-03
6.900000e+00	8.133013e-03
7.050000e+00	9.818401e-03
7.200000e+00	1.233547e-02
7.350000e+00	1.637245e-02
7.500000e+00	2.340375e-02
7.650000e+00	3.595778e-02
7.800000e+00	5.132944e-02
7.950000e+00	5.655065e-02
8.100000e+00	6.726390e-02
8.250000e+00	1.028732e-01
8.400000e+00	1.613918e-01
8.550000e+00	1.599433e-01
8.700000e+00	9.826981e-02
8.850000e+00	5.724810e-02
9.000000e+00	3.701779e-02
9.150000e+00	2.703264e-02
9.300000e+00	2.232025e-02
9.450000e+00	2.107784e-02
9.600000e+00	2.333046e-02
9.750000e+00	3.101208e-02
9.900000e+00	4.744132e-02
1.005000e+01	6.152486e-02
1.020000e+01	4.700671e-02
1.035000e+01	2.874716e-02
1.050000e+01	1.895605e-02
1.065000e+01	1.411117e-02
1.080000e+01	1.168129e-02
1.095000e+01	1.058978e-02
1.110000e+01	1.044567e-02
1.125000e+01	1.123722e-02
1.140000e+01	1.326159e-02
1.155000e+01	1.691786e-02
1.170000e+01	2.362684e-02
1.185000e+01	3.771616e-02
1.200000e+01	6.166177e-02
1.215000e+01	6.956301e-02
1.230000e+01	4.944714e-02
1.245000e+01	3.300399e-02
1.260000e+01	2.142888e-02
1.275000e+01	1.462905e-02
1.290000e+01	1.112439e-02
1.305000e+01	9.477521e-03
1.320000e+01	9.181474e-03
1.335000e+01	1.042721e-02
1.350000e+01	1.338880e-02
1.365000e+01	1.529039e-02
1.380000e+01	1.227331e-02
1.395000e+01	8.316780e-03
1.410000e+01	6.057943e-03
1.425000e+01	4.855908e-03
1.440000e+01	4.165232e-03
1.455000e+01	3.742986e-03
1.470000e+01	3.471686e-03
1.485000e+01	3.302618e-03
1.500000e+01	3.218469e-03
1.515000e+01	3.218888e-03
1.530000e+01	3.330520e-03
1.545000e+01	3.630809e-03
1.560000e+01	4.305532e-03
1.575000e+01	5.705432e-03
1.590000e+01	7.468988e-03
1.605000e+01	6.808507e-03
1.620000e+01	4.915620e-03
1.635000e+01	3.790687e-03
1.650000e+01	3.228136e-03
1.665000e+01	2.934136e-03
1.680000e+01	2.769081e-03
1.695000e+01	2.674483e-03
1.710000e+01	2.622391e-03
1.725000e+01	2.597248e-03
1.740000e+01	2.587759e-03
1.755000e+01	2.601586e-03
1.770000e+01	2.626114e-03
1.785000e+01	2.664908e-03
1.800000e+01	2.718287e-03
1.815000e+01	2.770747e-03
1.830000e+01	2.816175e-03
1.845000e+01	2.881203e-03
1.860000e+01	2.980912e-03
1.875000e+01	3.093282e-03
1.890000e+01	3.182514e-03
1.905000e+01	3.260174e-03
1.920000e+01	3.360946e-03
1.935000e+01	3.487088e-03
1.950000e+01	3.632093e-03
1.965000e+01	3.796867e-03
1.980000e+01	3.982271e-03
1.995000e+01	4.191534e-03
2.010000e+01	4.427298e-03
2.025000e+01	4.692905e-03
2.040000e+01	4.994931e-03
2.055000e+01	5.337898e-03
2.070000e+01	5.728842e-03
2.085000e+01	6.177584e-03
2.100000e+01	6.695759e-03
2.115000e+01	7.296344e-03
2.130000e+01	8.004671e-03
2.145000e+01	8.845161e-03
2.160000e+01	9.847235e-03
2.175000e+01	1.105665e-02
2.190000e+01	1.255342e-02
2.205000e+01	1.442485e-02
2.220000e+01	1.679806e-02
2.235000e+01	2.000535e-02
2.250000e+01	2.450464e-02
2.265000e+01	3.006909e-02
2.280000e+01	3.589929e-02
2.295000e+01	4.456508e-02
2.310000e+01	5.899407e-02
2.325000e+01	8.360200e-02
2.340000e+01	1.244414e-01
2.355000e+01	1.724547e-01
2.370000e+01	2.295131e-01
2.385000e+01	3.543662e-01
2.400000e+01	5.768519e-01
2.415000e+01	7.972264e-01
2.430000e+01	6.579051e-01
2.445000e+01	3.813729e-01
2.460000e+01	2.197530e-01
2.475000e+01	1.367469e-01
2.490000e+01	9.212975e-02
2.505000e+01	6.632134e-02
2.520000e+01	5.037021e-02
2.535000e+01	3.986600e-02
2.550000e+01	3.286879e-02
2.565000e+01	2.798392e-02
2.580000e+01	2.453011e-02
2.595000e+01	2.299861e-02
2.610000e+01	2.398026e-02
2.625000e+01	2.775101e-02
2.640000e+01	2.889622e-02
2.655000e+01	2.220017e-02
2.670000e+01	1.639356e-02
2.685000e+01	1.322145e-02
2.700000e+01	1.123470e-02
2.715000e+01	9.794768e-03
2.730000e+01	8.803428e-03
2.745000e+01	8.129609e-03
2.760000e+01	7.691431e-03
2.775000e+01	7.449966e-03
2.790000e+01	7.405512e-03
2.805000e+01	7.600150e-03
2.820000e+01	8.127653e-03
2.835000e+01	9.187199e-03
2.850000e+01	1.056396e-02
2.865000e+01	1.156349e-02
2.880000e+01	1.328611e-02
2.895000e+01	1.629524e-02
2.910000e+01	1.906189e-02
2.925000e+01	2.368666e-02
2.940000e+01	3.377840e-02
2.955000e+01	4.975617e-02
2.970000e+01	7.045175e-02
2.985000e+01	7.045973e-02
3.000000e+01	4.931480e-02
