9.856405258178710938e-01
1.139810681343078613e-02
1.331348299980163574e+00
5.300022363662719727e-01
1.526512026786804199e+00
9.988927282392978668e-03
6.380192935466766357e-03
-8.614660799503326416e-02
7.479123771190643311e-02
-1.306124497205018997e-02
4.054207354784011841e-02
-2.313741482794284821e-02
-1.934345625340938568e-02
-2.351884171366691589e-02
1.043100506067276001e-01
4.006126895546913147e-02
7.804715633392333984e-02
-5.364375188946723938e-02
2.747045457363128662e-02
-2.357689430937170982e-03
3.903542086482048035e-02
-1.892367191612720490e-02
-8.926691487431526184e-03
2.775415405631065369e-02
5.154471844434738159e-03
3.265067934989929199e-02
-1.114495098590850830e-02
3.959294036030769348e-02
-2.130963094532489777e-02
3.239778103306889534e-03
-2.209563180804252625e-02
2.834081172943115234e+00
4.831007003784179688e+00
1.150711917877197266e+01
1.588179969787597656e+01
1.788293266296386719e+01
1.988684082031250000e+01
-1.041733473539352417e-02
5.261057987809181213e-02
4.093850776553153992e-02
1.862806081771850586e-02
-1.537972688674926758e-02
1.459367573261260986e-02
2.058484032750129700e-02
1.584749296307563782e-02
6.854810565710067749e-02
-2.538972347974777222e-02
-3.754474222660064697e-02
5.611011013388633728e-02
3.516532946377992630e-03
-2.324130758643150330e-02
3.079717978835105896e-03
1.200516428798437119e-02
4.477854445576667786e-02
2.543370798230171204e-02
3.460656479001045227e-02
3.951541334390640259e-02
8.290271274745464325e-03
-4.936320707201957703e-02
-2.114326134324073792e-02
2.446835115551948547e-02
-2.241370640695095062e-02
5.786569043993949890e-02
-1.376007031649351120e-02
-2.109622582793235779e-02
2.927483431994915009e-02
-4.392358474433422089e-03
-8.330694399774074554e-03
-2.933940850198268890e-04
4.333277419209480286e-02
-2.177988924086093903e-02
1.616387069225311279e-02
-7.795492559671401978e-02
4.321793094277381897e-02
3.329739440232515335e-03
-6.491126865148544312e-02
6.411827635020017624e-03
-4.315112158656120300e-02
2.846825495362281799e-02
8.025581389665603638e-02
4.411670565605163574e-02
9.391776472330093384e-02
-4.300617054104804993e-02
-3.353914711624383926e-03
-1.301970891654491425e-02
-1.192514747381210327e-01
-6.316467374563217163e-02
-2.510883286595344543e-02
4.931787401437759399e-02
3.454774618148803711e-02
-3.711316362023353577e-02
1.806962117552757263e-02
2.721878886222839355e-02
1.864894106984138489e-02
2.078852616250514984e-02
5.221119895577430725e-02
-3.943587094545364380e-02
-3.204888477921485901e-02
-1.435794122517108917e-02
3.794076666235923767e-02
-3.913547098636627197e-02
5.465748906135559082e-02
1.435663551092147827e-02
3.761835768818855286e-02
3.423357009887695312e-02
-1.210571918636560440e-02
3.452714905142784119e-02
-7.138041406869888306e-02
3.321185009554028511e-03
-3.619258850812911987e-02
-4.516527801752090454e-02
-2.011257596313953400e-02
-1.090334169566631317e-02
-2.024307474493980408e-02
3.850826621055603027e-02
-4.848833009600639343e-02
-3.828737139701843262e-02
7.016466930508613586e-03
4.461262002587318420e-02
-4.342557862401008606e-02
-4.134123027324676514e-02
1.985208876430988312e-02
-9.919242933392524719e-03
1.542799733579158783e-02
-1.514206640422344208e-02
-4.365316033363342285e-02
1.745804026722908020e-02
1.215787306427955627e-01
-8.574406802654266357e-02
1.181190162897109985e-01
3.942429646849632263e-02
2.403041906654834747e-02
6.102548539638519287e-02
7.120902091264724731e-02
-1.689399331808090210e-01
8.582782000303268433e-02
-1.289528012275695801e-01
-8.946902304887771606e-02
-7.899592071771621704e-02
-5.687145143747329712e-02
3.338983654975891113e-02
8.625227957963943481e-02
-3.049587644636631012e-02
-4.064039885997772217e-02
1.811487600207328796e-02
1.655446738004684448e-02
1.334684668108820915e-03
1.020018383860588074e-02
1.064259856939315796e-01
2.392337098717689514e-02
4.963232204318046570e-02
-2.119600400328636169e-02
5.484814941883087158e-02
1.109017208218574524e-01
5.916030332446098328e-02
-3.809235990047454834e-03
-5.172931402921676636e-02
-1.345565356314182281e-02
-7.692232728004455566e-02
1.034224256873130798e-01
7.167617790400981903e-03
-1.068073511123657227e-01
1.674630679190158844e-02
-5.389038473367691040e-02
-8.878047578036785126e-03
-1.228016801178455353e-02
7.487955968827009201e-03
-4.915507510304450989e-02
4.244866967201232910e-02
2.102630911394953728e-03
2.221924439072608948e-02
6.073042284697294235e-03
-7.971438765525817871e-02
-2.950792945921421051e-02
-2.371787559241056442e-04
-4.863541573286056519e-02
3.004840388894081116e-02
-1.253908965736627579e-03
-1.460028346627950668e-03
4.410935565829277039e-03
-1.168427616357803345e-02
-3.953706473112106323e-04
5.632920935750007629e-02
2.982556074857711792e-02
-7.929264008998870850e-02
3.308040276169776917e-02
8.819099515676498413e-02
-1.783858053386211395e-02
7.617697119712829590e-03
-8.875455707311630249e-03
5.023184791207313538e-02
-4.220828413963317871e-03
3.550909087061882019e-02
-9.721025824546813965e-03
-3.325466765090823174e-03
-2.166689373552799225e-02
-3.805155307054519653e-02
-8.137794211506843567e-03
-2.892833668738603592e-03
-4.388298094272613525e-02
-9.960055351257324219e-02
-2.552514709532260895e-02
8.755454793572425842e-03
-3.943908214569091797e-02
-1.612311601638793945e-02
4.613737016916275024e-02
-1.504798140376806259e-02
6.701826117932796478e-03
2.293830737471580505e-02
-6.304252892732620239e-02
2.629184350371360779e-02
1.210946775972843170e-02
-7.829161733388900757e-02
1.633365266025066376e-02
-2.987972693517804146e-03
8.202698826789855957e-02
-3.543416410684585571e-02
-4.454842209815979004e-02
5.220519006252288818e-02
-3.419192135334014893e-02
-5.426510795950889587e-02
-1.585781574249267578e-02
1.768648624420166016e-02
1.866630837321281433e-02
-4.036930203437805176e-02
-2.485175803303718567e-02
1.415386237204074860e-02
1.403240673243999481e-02
-3.018059767782688141e-03
5.791306123137474060e-02
-4.664117097854614258e-02
-1.737473532557487488e-02
-3.632590174674987793e-02
5.379896610975265503e-02
4.450722038745880127e-02
1.151312142610549927e-01
3.984102234244346619e-02
4.013140127062797546e-02
-3.192447125911712646e-02
-4.123821482062339783e-02
4.092950001358985901e-02
-3.569374233484268188e-02
6.271918118000030518e-02
4.081183299422264099e-02
3.609770443290472031e-03
-2.665854990482330322e-02
-1.075004134327173233e-02
-4.194873198866844177e-02
-9.274525195360183716e-02
1.588458009064197540e-02
-6.384113803505897522e-03
3.506118804216384888e-02
-7.231032848358154297e-02
4.307258129119873047e-02
-4.047762602567672729e-02
4.644810408353805542e-02
9.045634418725967407e-02
2.036083117127418518e-02
3.750476613640785217e-02
7.717045955359935760e-03
1.733018271625041962e-02
-5.765483528375625610e-02
8.506139740347862244e-03
3.336363658308982849e-02
2.911480329930782318e-02
1.006959471851587296e-02
4.568041861057281494e-02
2.427688613533973694e-02
-6.414326280355453491e-02
1.251228153705596924e-01
5.531363561749458313e-02
-5.077186040580272675e-03
-2.918326482176780701e-02
1.744674891233444214e-02
-5.885387957096099854e-02
-4.655137285590171814e-02
1.480696648359298706e-01
2.539378963410854340e-02
1.224348973482847214e-02
-5.547117069363594055e-02
5.834243260324001312e-03
3.742600977420806885e-02
-3.022736124694347382e-02
6.928102672100067139e-02
-5.380671098828315735e-02
1.005771663039922714e-02
5.531696975231170654e-02
-3.956182301044464111e-02
-3.528731688857078552e-02
2.185782231390476227e-02
-2.694295160472393036e-02
3.817845508456230164e-02
1.459841988980770111e-02
6.051461212337017059e-03
-5.157205462455749512e-02
-6.390016525983810425e-02
8.712887018918991089e-02
5.313415545970201492e-03
1.101254820823669434e-01
6.589440163224935532e-03
6.082435697317123413e-02
2.587127871811389923e-02
3.016039729118347168e-02
-6.805776804685592651e-02
-5.148129910230636597e-02
1.346281170845031738e-01
-4.894885420799255371e-02
-9.331736713647842407e-02
5.081373825669288635e-02
1.015900522470474243e-01
2.230754122138023376e-02
2.514046430587768555e-02
-2.763153612613677979e-02
6.265285611152648926e-02
-1.997173950076103210e-02
3.106532385572791100e-03
-4.296830669045448303e-02
-2.044483460485935211e-02
-1.672561466693878174e-02
8.004172146320343018e-02
4.097053036093711853e-02
-1.891928957775235176e-03
-3.819425776600837708e-02
-2.282312698662281036e-02
-3.607312962412834167e-02
-2.591990120708942413e-02
1.633933046832680702e-03
2.424436621367931366e-02
4.819245636463165283e-02
-4.284742474555969238e-02
1.884642755612730980e-03
1.106864027678966522e-02
-7.166380435228347778e-02
-2.536953799426555634e-02
4.258393868803977966e-02
-1.052253246307373047e-01
