2.360582500696182251e-01
3.049403429031372070e-01
1.545419245958328247e-01
2.430400997400283813e-01
2.484281808137893677e-01
2.564586699008941650e-01
5.383377522230148315e-02
3.066153265535831451e-02
1.339020282030105591e-01
1.697613298892974854e-01
-1.718541234731674194e-02
-2.070451527833938599e-02
2.804735898971557617e-01
9.746304899454116821e-02
1.097592860460281372e-01
1.107293069362640381e-01
-2.723428979516029358e-02
1.474431436508893967e-02
9.059534221887588501e-02
1.058344915509223938e-01
-6.688643932342529297e+00
4.273211061954498291e-01
1.850581169128417969e-01
3.488427102565765381e-01
3.984180986881256104e-01
3.746153414249420166e-01
1.021961048245429993e-01
6.333299726247787476e-02
2.183599472045898438e-01
2.778846323490142822e-01
-3.323255479335784912e-02
-4.162732139229774475e-02
4.281645417213439941e-01
1.558294296264648438e-01
1.858428269624710083e-01
1.762364953756332397e-01
-3.597168996930122375e-02
6.353152450174093246e-03
1.220551654696464539e-01
1.699632108211517334e-01
-1.022046661376953125e+01
-5.438778176903724670e-02
-9.982592891901731491e-04
-4.222147911787033081e-02
-2.488228492438793182e-02
-2.863685041666030884e-02
-1.853085681796073914e-02
-8.113806252367794514e-04
-4.938582889735698700e-03
-1.257245428860187531e-02
-1.045789103955030441e-03
2.934604417532682419e-03
-1.964970491826534271e-03
-2.237834734842181206e-03
-3.767017275094985962e-03
-7.037049625068902969e-03
-1.620872353669255972e-04
2.464257925748825073e-02
8.245413191616535187e-03
8.022152818739414215e-03
-1.349991202354431152e+00
1.278217315673828125e+01
1.405948925018310547e+01
1.548566627502441406e+01
1.396123313903808594e+01
2.030689048767089844e+01
2.661078643798828125e+01
2.635662078857421875e+01
2.592286682128906250e+01
2.646024703979492188e+01
2.591078376770019531e+01
2.802895164489746094e+01
2.654080772399902344e+01
2.654037857055664062e+01
2.384070587158203125e+01
2.847309112548828125e+01
2.634611320495605469e+01
2.639151191711425781e+01
2.633495140075683594e+01
3.010922622680664062e+01
1.394848937988281250e+02
-4.503548145294189453e-01
2.425291985273361206e-01
-2.211171090602874756e-01
-1.131939649581909180e+00
1.734823435544967651e-01
5.186194181442260742e-01
-6.157829761505126953e-01
6.866168379783630371e-01
8.091378211975097656e-02
-3.137882649898529053e-01
-8.030936717987060547e-01
-7.467814534902572632e-02
6.647343039512634277e-01
7.519083023071289062e-01
-3.698243796825408936e-01
-1.694817662239074707e+00
7.295308709144592285e-01
1.437596201896667480e+00
9.693476557731628418e-02
-5.444257736206054688e+00
5.141003131866455078e-01
-3.734010756015777588e-01
-4.945157561451196671e-03
-3.224767446517944336e-01
-1.052925944328308105e+00
-6.745727658271789551e-01
-6.239901185035705566e-01
-1.879029273986816406e-01
-9.072431921958923340e-01
-2.326536655426025391e+00
1.472261548042297363e+00
-5.810554027557373047e-01
1.415927648544311523e+00
-3.569932460784912109e+00
-1.337495923042297363e+00
-2.018547803163528442e-01
8.725557327270507812e-01
1.341542363166809082e+00
-3.853303194046020508e+00
9.332410059869289398e-03
3.412824869155883789e-01
-3.392665982246398926e-01
-6.951240822672843933e-03
4.017685353755950928e-01
-2.343063801527023315e-01
5.513752344995737076e-03
-6.321411728858947754e-01
-2.287331409752368927e-02
6.690633296966552734e-02
-1.305183395743370056e-04
4.752563834190368652e-01
-1.518258571624755859e+00
-2.719032168388366699e-01
5.318263173103332520e-01
4.018414318561553955e-01
3.505668044090270996e-01
-3.323146343231201172e+00
-2.238038301467895508e+00
1.515891313552856445e+00
4.465691000223159790e-02
7.174677848815917969e-01
1.687219142913818359e+00
6.068829894065856934e-01
1.118443131446838379e+00
-6.820579767227172852e-01
-4.951413571834564209e-01
7.066757082939147949e-01
1.825194001197814941e+00
2.228572368621826172e+00
-1.240434169769287109e+00
1.132871583104133606e-01
-2.047375589609146118e-01
1.699883639812469482e-01
-4.419597148895263672e+00
5.521106719970703125e-02
-6.674757599830627441e-01
2.545507848262786865e-01
3.226795420050621033e-02
-3.398945787921547890e-03
-1.177084743976593018e-01
3.080055117607116699e-01
-2.811225950717926025e-01
-1.378262042999267578e-01
-5.611896514892578125e-01
-2.012735754251480103e-01
-8.787848055362701416e-02
-9.584911167621612549e-03
5.517188906669616699e-01
3.622925579547882080e-01
-2.667033910751342773e+00
-6.969481706619262695e-01
-1.444977372884750366e-01
1.036728620529174805e-01
2.936499193310737610e-03
-6.377357244491577148e-01
-2.759941518306732178e-01
-5.109694004058837891e-01
-2.876113168895244598e-02
-2.062993943691253662e-01
-1.165267229080200195e-01
5.826821923255920410e-02
4.654450714588165283e-01
-1.209851801395416260e-01
-5.912927165627479553e-02
-9.569983482360839844e-01
-1.640142947435379028e-01
4.092808440327644348e-02
2.021005451679229736e-01
2.863787114620208740e-01
-2.681593596935272217e-01
1.311674267053604126e-01
-1.974907703697681427e-02
-5.036610960960388184e-01
-2.409491240978240967e-01
3.030227720737457275e-01
9.921576827764511108e-02
-1.585030406713485718e-01
1.791547685861587524e-01
8.258720636367797852e-01
-2.684350609779357910e-01
-1.178326234221458435e-01
-3.184139356017112732e-02
1.239860728383064270e-01
1.400365829467773438e-01
-2.025773674249649048e-01
-4.541697204113006592e-01
8.174054324626922607e-02
6.658574342727661133e-01
-4.222456812858581543e-01
6.507159769535064697e-02
9.480319172143936157e-02
-1.489467144012451172e+00
-2.981903254985809326e-01
-1.645031757652759552e-02
2.351595014333724976e-01
1.456966251134872437e-01
-8.297422528266906738e-02
-3.384864032268524170e-01
1.602089852094650269e-01
7.498086690902709961e-01
-2.255059480667114258e-01
9.587845206260681152e-02
1.452615708112716675e-01
-2.285687685012817383e+00
4.040979146957397461e-01
-6.046661734580993652e-02
3.927306458353996277e-02
-8.465576171875000000e-02
-4.797355830669403076e-01
-2.498524636030197144e-01
3.048196434974670410e-01
1.951778978109359741e-01
-1.094650104641914368e-01
-6.311658024787902832e-02
9.348765611648559570e-01
-7.248157858848571777e-01
-2.659603022038936615e-02
2.830338180065155029e-01
3.048090077936649323e-02
-1.418964117765426636e-01
-5.354967713356018066e-01
3.213176131248474121e-01
-5.818048492074012756e-02
5.830742046236991882e-02
1.157544612884521484e+00
-1.603814586997032166e-02
-1.193523034453392029e-02
-6.371536850929260254e-02
-2.173557430505752563e-01
-3.490488231182098389e-01
1.510812193155288696e-01
1.220090761780738831e-01
6.273768842220306396e-02
-4.463001251220703125e+00
-1.077146306633949280e-01
-1.572467982769012451e-01
-2.882904410362243652e-01
-2.513061761856079102e-01
-4.037501290440559387e-02
-3.012153804302215576e-01
1.252207756042480469e-01
-1.475829005241394043e+00
-1.729684025049209595e-01
2.056896388530731201e-01
4.179637730121612549e-01
-3.707809150218963623e-01
-3.413330614566802979e-01
8.200955390930175781e-02
-3.052718877792358398e+00
-4.387943744659423828e-01
-7.187204957008361816e-01
-1.859723925590515137e-01
-1.466263681650161743e-01
2.112204879522323608e-01
-6.695585846900939941e-01
-1.867983222007751465e+00
-1.077045053243637085e-01
1.051872611045837402e+00
-1.411664187908172607e-01
2.296929061412811279e-01
-1.926843263208866119e-02
3.152056038379669189e-01
-1.871130466461181641e-01
5.027556419372558594e-01
1.838127970695495605e-01
7.026189565658569336e-01
-2.247289657592773438e+00
-2.053948193788528442e-01
-1.640129566192626953e+00
1.130048561096191406e+01
-1.111189126968383789e+00
7.937378436326980591e-02
-3.552056550979614258e-01
9.067143201828002930e-01
1.230313181877136230e+00
2.908769130706787109e+00
5.691465139389038086e-01
1.268108189105987549e-01
6.917243599891662598e-01
-2.315051555633544922e+00
-2.015755027532577515e-01
6.241611242294311523e-01
9.085993170738220215e-01
1.249417662620544434e+00
-1.585399150848388672e+00
1.464444398880004883e+00
9.787542819976806641e-01
7.993140071630477905e-02
1.277247350662946701e-02
2.510802447795867920e-01
5.845710635185241699e-01
-2.661975100636482239e-02
2.730439603328704834e-01
-2.477653771638870239e-01
8.718624711036682129e-02
-2.053610563278198242e+00
-9.358979016542434692e-02
-3.096199035644531250e-01
5.695284008979797363e-01
-6.807022690773010254e-01
-7.477231025695800781e-01
5.194976925849914551e-01
-1.608744144439697266e+00
1.839573234319686890e-01
-1.040346384048461914e+00
-9.966601133346557617e-01
1.149065971374511719e+00
2.393671572208404541e-01
-4.659548997879028320e-01
-6.956562995910644531e-01
-1.797216981649398804e-01
-9.419625997543334961e-01
6.713152527809143066e-01
1.404668092727661133e+00
8.137205839157104492e-01
3.878060579299926758e-01
-6.209748387336730957e-01
-6.483487486839294434e-01
2.409836500883102417e-01
1.056895852088928223e-01
9.292020797729492188e-01
1.650957584381103516e+00
3.597924709320068359e-01
-1.097607016563415527e+00
1.527341604232788086e-01
8.169151544570922852e-01
-3.460863232612609863e-01
2.105202153325080872e-02
-4.720113873481750488e-01
-1.230353355407714844e+00
-1.505273222923278809e+00
-1.406364422291517258e-02
2.549264132976531982e-01
8.236340284347534180e-01
-5.795394182205200195e-01
-8.710967898368835449e-01
-2.460714131593704224e-01
-1.539873838424682617e+00
1.141212105751037598e+00
-9.036133885383605957e-01
-1.066630840301513672e+00
1.442317962646484375e+00
3.628519177436828613e-01
7.702801227569580078e-01
-3.698838353157043457e-01
-2.893292605876922607e-01
-1.074334979057312012e+00
3.257538676261901855e-01
2.745487028732895851e-03
8.335316181182861328e-02
7.117605209350585938e-01
1.761532574892044067e-01
-1.159043610095977783e-01
-8.184705376625061035e-01
2.062307596206665039e-01
-1.756043583154678345e-01
-4.890231788158416748e-01
-4.310716092586517334e-01
-3.007745444774627686e-01
4.902602359652519226e-02
-1.014938831329345703e+00
5.701377987861633301e-02
-3.089174628257751465e-01
4.466802254319190979e-02
-6.679508090019226074e-01
6.844360232353210449e-01
1.256034374237060547e-01
7.856608629226684570e-01
-1.731194972991943359e+00
-6.872698664665222168e-01
1.331374526023864746e+00
2.351314872503280640e-01
-8.592784404754638672e-01
9.410575032234191895e-02
1.341622948646545410e+00
-1.053646326065063477e+00
-7.396422326564788818e-02
-1.637075096368789673e-01
4.392983913421630859e-01
5.199041962623596191e-01
1.354529056698083878e-02
2.329898765310645103e-03
1.942266337573528290e-02
-2.166852504014968872e-01
-8.164014816284179688e-01
-4.209264516830444336e-01
-5.681841969490051270e-01
-4.691887274384498596e-02
8.831974267959594727e-01
-2.169252932071685791e-01
1.330656856298446655e-01
3.936699330806732178e-01
2.029838413000106812e-01
3.390623927116394043e-01
-5.035892724990844727e-01
-1.653516888618469238e-01
-4.200221598148345947e-01
-1.056601762771606445e+00
-2.712348997592926025e-01
-1.883791089057922363e-01
-3.866440951824188232e-01
3.713797330856323242e-01
-2.431120127439498901e-01
2.348350137472152710e-01
-4.227884709835052490e-01
2.571381032466888428e-01
-2.754242420196533203e-01
-1.382284313440322876e-01
-2.061755657196044922e-01
-3.599571585655212402e-01
9.768241643905639648e-02
-4.781279712915420532e-02
-4.514861404895782471e-01
9.982544779777526855e-01
8.223544955253601074e-01
-5.737885832786560059e-01
-5.475593209266662598e-01
-3.844010829925537109e-01
5.000437498092651367e-01
3.949034810066223145e-01
-4.132299721240997314e-01
-8.474184870719909668e-01
1.528895020484924316e+00
9.080576300621032715e-01
-3.665657341480255127e-01
6.414496898651123047e-01
5.653831958770751953e-01
-2.298577129840850830e-01
4.645344316959381104e-01
7.969377636909484863e-01
6.862204074859619141e-01
8.999268710613250732e-02
-4.414181709289550781e-01
-6.667647361755371094e-01
-1.707923971116542816e-02
1.380950063467025757e-01
2.608948349952697754e-01
-9.074597060680389404e-02
-1.304191052913665771e-01
-2.197858244180679321e-01
5.347739458084106445e-01
-4.819958508014678955e-01
-8.703866600990295410e-01
2.021230906248092651e-01
-5.697032213211059570e-01
-7.222967743873596191e-01
5.442205071449279785e-02
9.095671176910400391e-01
-8.028810024261474609e-01
4.217910170555114746e-01
-5.409625768661499023e-01
4.888018965721130371e-01
1.308435082435607910e+00
-4.717648029327392578e-01
-1.209806323051452637e+00
-8.131152987480163574e-01
2.738755196332931519e-02
5.895391106605529785e-01
-1.907776296138763428e-01
2.498610764741897583e-01
4.471702873706817627e-01
7.652557492256164551e-01
-3.806139826774597168e-01
-6.845350265502929688e-01
5.375787019729614258e-01
2.373245954513549805e+00
-1.244935393333435059e+00
-7.704897224903106689e-02
-4.589268267154693604e-01
7.481839060783386230e-01
1.177914500236511230e+00
-1.696869134902954102e+00
-1.656272768974304199e+00
-7.544481754302978516e-01
1.211265444755554199e+00
9.613308906555175781e-01
-2.887903451919555664e-01
1.864895582199096680e+00
-8.044560253620147705e-02
1.268612194061279297e+01
6.533668637275695801e-01
-4.768241941928863525e-01
7.476471066474914551e-01
1.499587178230285645e+00
1.457408070564270020e-01
-1.057115435600280762e+00
8.490288257598876953e-01
-8.892779350280761719e-01
1.149101704359054565e-01
1.097518920898437500e+00
1.450188994407653809e+00
5.637171864509582520e-01
-9.278416633605957031e-01
-1.561855196952819824e+00
1.100784778594970703e+00
2.541462421417236328e+00
-1.420316219329833984e+00
-1.762552738189697266e+00
-1.252600699663162231e-01
3.190705180168151855e-02
-1.473287224769592285e+00
1.461856514215469360e-01
1.064336776733398438e+00
2.276328653097152710e-01
1.700419187545776367e+00
1.440646886825561523e+00
-9.420442581176757812e-02
2.211488783359527588e-01
1.789053559303283691e+00
6.527809143066406250e+00
-3.229482650756835938e+00
7.445830702781677246e-01
-5.365481853485107422e+00
7.426702976226806641e+00
5.996747016906738281e+00
1.500812321901321411e-01
-3.172434806823730469e+00
-2.908053398132324219e+00
4.636952877044677734e+00
-1.948373205959796906e-02
-4.547450542449951172e-01
9.022032618522644043e-01
-1.913791894912719727e-01
-4.034594595432281494e-01
4.660693407058715820e-01
1.949395239353179932e-01
1.231265664100646973e+00
2.245076298713684082e-01
1.793559640645980835e-01
-1.260702908039093018e-01
-7.616954445838928223e-01
3.225121259689331055e+00
1.166294097900390625e+00
-1.199145913124084473e+00
-1.311366677284240723e+00
-6.716009974479675293e-01
-5.397070571780204773e-02
1.267083883285522461e+00
-6.127843856811523438e-01
2.187794446945190430e+00
-1.498710870742797852e+00
-2.089675962924957275e-01
-2.992930710315704346e-01
-2.629439115524291992e+00
-1.887735962867736816e+00
2.599781513214111328e+00
1.401511579751968384e-01
1.834474921226501465e+00
-5.750419139862060547e+00
-4.696812629699707031e+00
1.512981772422790527e+00
3.373047351837158203e+00
-5.605254173278808594e-01
-3.807358026504516602e+00
-7.554273307323455811e-02
8.676132559776306152e-01
1.041771769523620605e-01
-1.837864071130752563e-01
3.739510197192430496e-03
1.754117608070373535e-01
5.477250739932060242e-02
-4.892046749591827393e-02
3.829751908779144287e-01
7.353861927986145020e-01
5.970662236213684082e-01
3.529151678085327148e-01
3.597041964530944824e-01
3.910631835460662842e-01
-4.114938974380493164e-01
8.976756930351257324e-01
4.436892509460449219e+00
-1.890935659408569336e+00
-2.556371390819549561e-01
1.645354740321636200e-02
1.311151623725891113e+00
2.713464260101318359e+00
7.584971934556961060e-02
5.832413434982299805e-01
2.100462764501571655e-01
2.746849358081817627e-01
8.361379504203796387e-01
-1.059990227222442627e-01
3.248917758464813232e-01
6.262025982141494751e-02
-2.308887958526611328e+00
1.329172372817993164e+00
5.812148377299308777e-02
1.153530180454254150e-01
3.878189623355865479e-01
1.598735600709915161e-01
2.134510129690170288e-01
-1.007144570350646973e+00
5.124437212944030762e-01
4.583730995655059814e-01
-2.313843011856079102e+00
-9.916763305664062500e-01
4.393553733825683594e-01
-1.605628989636898041e-02
5.283334255218505859e-01
2.433548420667648315e-01
-1.122548803687095642e-02
5.933842808008193970e-02
5.575936436653137207e-01
7.428719848394393921e-02
-2.167557179927825928e-02
3.906174302101135254e-01
1.374131441116333008e-01
-2.631822526454925537e-01
7.037362456321716309e-01
1.652126666158437729e-03
-2.017193138599395752e-01
1.375719547271728516e+00
-2.909370064735412598e-01
2.254432290792465210e-01
1.800390928983688354e-01
4.537990316748619080e-02
3.312131017446517944e-02
-1.734087169170379639e-01
1.003075316548347473e-01
4.221572577953338623e-01
2.968279421329498291e-01
6.348808407783508301e-01
-4.477341771125793457e-01
1.553953409194946289e+00
7.513470649719238281e-01
9.836715459823608398e-01
1.768315434455871582e-01
-2.707965970039367676e-01
4.211765527725219727e-01
3.609838485717773438e-01
-1.150129199028015137e+00
-1.204708218574523926e+00
2.166554927825927734e+00
9.388401508331298828e-01
-1.302999138832092285e+00
-1.714104861021041870e-01
2.637240886688232422e-01
-9.930456280708312988e-01
1.341991543769836426e+00
2.362555116415023804e-01
-2.742594003677368164e+00
-6.318239569664001465e-01
8.833156824111938477e-01
4.675069153308868408e-01
-1.750264286994934082e+00
-1.341753453016281128e-01
1.491653323173522949e-01
7.686610221862792969e-01
1.397279381752014160e+00
-2.358568906784057617e-01
-4.187804758548736572e-01
-3.819217085838317871e-01
-5.171773433685302734e-01
4.635125160217285156e+00
1.831157952547073364e-01
-7.375201582908630371e-01
3.844432234764099121e-01
1.250941038131713867e+00
6.219364404678344727e-01
-5.219120979309082031e-01
-4.471190869808197021e-01
2.163638830184936523e+00
1.312187612056732178e-01
9.613019227981567383e-01
9.048724174499511719e-02
1.960416793823242188e+00
2.531617581844329834e-01
-5.489359498023986816e-01
4.741664886474609375e+00
2.356484830379486084e-01
5.332593321800231934e-01
7.471922636032104492e-01
1.242582201957702637e+00
-6.470557451248168945e-01
-7.628765702247619629e-01
1.202709674835205078e+00
8.421996235847473145e-01
-2.986366271972656250e+00
-4.457369446754455566e-02
-2.570310235023498535e-01
1.578456461429595947e-01
-1.284825801849365234e+00
7.556672096252441406e-01
3.616626024246215820e+00
5.181887745857238770e-01
-8.501496911048889160e-01
6.278011798858642578e+00
3.083308935165405273e-01
4.294642925262451172e+00
-2.501690483093261719e+01
2.674437522888183594e+00
2.894911468029022217e-01
9.043576121330261230e-01
-1.276520013809204102e+00
-3.037928342819213867e+00
-6.508995056152343750e+00
-1.607737898826599121e+00
-6.966982483863830566e-01
-1.737652659416198730e+00
4.583169937133789062e+00
2.163664847612380981e-01
-1.786952614784240723e+00
-2.148864030838012695e+00
-3.011587142944335938e+00
3.743283510208129883e+00
-2.180531740188598633e+00
-2.366568565368652344e+00
-8.845376372337341309e-01
1.039049103856086731e-01
-4.150074958801269531e+00
-7.985211610794067383e-01
-5.707396566867828369e-02
-1.741013050079345703e+00
1.169261574745178223e+00
2.708196878433227539e+00
2.266673088073730469e+00
1.292202472686767578e-01
5.920609831809997559e-02
-3.614960908889770508e+00
7.698532938957214355e-01
4.536004960536956787e-01
3.763779401779174805e-01
3.358251810073852539e+00
7.400739192962646484e-01
4.909627437591552734e+00
2.989684820175170898e+00
-5.773171782493591309e-01
-1.260678172111511230e+00
4.787943840026855469e+00
1.569981336593627930e+00
-1.335441827774047852e+00
1.919146895408630371e+00
-1.587640762329101562e+00
-2.386762380599975586e+00
-3.298308551311492920e-01
-7.643109560012817383e-02
2.192681312561035156e+00
9.046043157577514648e-01
2.496433854103088379e-01
7.442294359207153320e-01
-1.129291057586669922e+00
-1.766440391540527344e+00
-2.598244190216064453e+00
2.736912488937377930e+00
1.085751414299011230e+00
-2.832404077053070068e-01
2.065309137105941772e-01
2.232751846313476562e+00
-1.552642583847045898e+00
-1.467177987098693848e+00
7.895253181457519531e+00
1.582543015480041504e+00
4.346861839294433594e-01
2.642640829086303711e+00
2.816938638687133789e+00
4.930905818939208984e+00
-8.750097155570983887e-01
4.690177440643310547e+00
-2.659460306167602539e+00
-3.730635166168212891e+00
2.471963644027709961e+00
-4.971981525421142578e+00
1.223634004592895508e+00
2.821439504623413086e-01
-4.000934123992919922e+00
1.078579127788543701e-01
-1.781033873558044434e+00
2.420626021921634674e-02
4.331762194633483887e-01
5.515042304992675781e+00
1.853996634483337402e+00
8.601199150085449219e+00
-1.180095970630645752e-01
1.189729943871498108e-01
6.829855442047119141e-01
-4.950200080871582031e+00
-2.747146189212799072e-01
1.168191909790039062e+00
-1.620134115219116211e+00
-1.334962487220764160e+00
1.495501637458801270e+00
1.451826930046081543e+00
-5.756427645683288574e-01
4.022232815623283386e-02
-2.182729095220565796e-01
1.266173481941223145e+00
-6.266750097274780273e-01
3.908954858779907227e-01
-6.688085794448852539e-01
1.374914765357971191e+00
-9.032626636326313019e-03
1.038548707962036133e+00
1.481191635131835938e+00
2.417660355567932129e-01
1.611409664154052734e+00
-1.506403684616088867e+00
5.455366969108581543e-01
6.870402097702026367e-01
1.939080655574798584e-01
-4.198869764804840088e-01
1.193785548210144043e+00
5.759962201118469238e-01
3.253503143787384033e-01
-7.049269080162048340e-01
-1.092006683349609375e+00
-4.722065627574920654e-01
-7.299854755401611328e-01
-1.536464095115661621e+00
-3.218147516250610352e+00
1.351194024085998535e+00
3.989878296852111816e-01
5.393164157867431641e-01
1.456181704998016357e-01
1.392543464899063110e-01
-6.557018756866455078e-01
7.059424370527267456e-02
-4.606767296791076660e-01
-1.012047648429870605e+00
-2.470500618219375610e-01
-3.897141218185424805e-01
-4.821022152900695801e-01
9.026383608579635620e-02
2.668040394783020020e-01
2.179417163133621216e-01
-2.101511508226394653e-01
2.657214105129241943e-01
3.801813349127769470e-02
-4.099011421203613281e-01
-6.400269865989685059e-01
-5.439398288726806641e-01
-5.332604050636291504e-01
4.783560633659362793e-01
-4.493247866630554199e-01
-1.900493860244750977e+00
5.568149685859680176e-01
1.910442233085632324e+00
-7.519016861915588379e-01
6.383504252880811691e-03
2.525568008422851562e+00
-1.175819993019104004e+00
1.444558948278427124e-01
-1.551202833652496338e-01
1.489113450050354004e+00
-5.074432492256164551e-01
-3.912765979766845703e+00
4.596365928649902344e+00
-1.990374624729156494e-01
-2.583068907260894775e-01
-1.559632778167724609e+00
3.195008039474487305e-01
5.287083983421325684e-01
3.711735248565673828e+00
1.146781325340270996e+00
-8.780855536460876465e-01
-4.096416950225830078e+00
-8.735293149948120117e-01
2.009300887584686279e-01
1.339706897735595703e+00
-1.373804956674575806e-01
1.484212160110473633e+00
9.428492188453674316e-01
-5.173361301422119141e-01
-4.051994800567626953e+00
-4.917072132229804993e-02
-2.774816453456878662e-01
-2.011296033859252930e+00
-2.538709044456481934e-01
9.230914711952209473e-01
6.769756674766540527e-01
8.785595297813415527e-01
-4.173988848924636841e-02
1.807816624641418457e-01
1.485947012901306152e+00
-9.306992292404174805e-01
-4.089020729064941406e+00
-5.435400009155273438e-01
-1.619029998779296875e+00
8.926527500152587891e-01
4.930356025695800781e+00
1.725487858057022095e-01
1.597205638885498047e+00
-2.391344904899597168e-01
-5.007720366120338440e-02
-1.107835292816162109e+00
-9.922209382057189941e-01
2.970890283584594727e+00
1.774126172065734863e+00
-7.100130319595336914e-01
1.281585574150085449e+00
6.789815425872802734e-02
9.440083503723144531e-01
-1.441473960876464844e+00
-1.060691475868225098e+00
9.710202217102050781e-01
1.330251216888427734e+00
1.238413095474243164e+00
-2.126988887786865234e+00
-4.789909422397613525e-01
2.068405866622924805e+00
1.745671081542968750e+01
1.957770586013793945e-01
2.650291286408901215e-02
-8.038019761443138123e-03
1.002565503120422363e+00
2.209422826766967773e+00
