1.000000000000000000e+00
2.479578312990544209e+00
9.883477054510749760e-01
4.120105365004799736e-01
-6.152212027069836608e-03
6.754437230663821179e-01
8.676089580745756091e-01
4.045545969238032447e-01
2.824258856169484244e-01
1.981829132535000149e-01
-4.117761390856428116e-02
1.328893272358278477e+00
2.658749463690193604e+00
-3.092623708423371531e-01
2.508640668766628501e-01
2.909444168334197056e-01
-2.768043499974448540e-01
-4.703451200108448305e-01
2.803820479319396944e-02
3.737770737687859390e-01
4.709712373398880381e+00
-1.697125998563880245e+00
-3.997563687835919283e-02
6.098603869034114666e+00
5.018967767758601539e+00
8.014305926795385560e+00
7.973192669206389915e+00
1.107615127575963321e+01
1.379053406433075324e+01
1.184325737589968419e+01
1.274737178173919538e+01
1.656694808984024547e+01
1.657262578853663726e+01
2.192699520369073340e+01
1.659328640742159067e+01
2.402947220693419439e+01
2.408965275126627148e+01
2.658722672208753224e+01
2.650008543758736579e+01
2.813572132702316253e+01
3.884599349376925659e+01
-2.952738869282766299e+00
1.856371525499250108e+00
1.766595401401674925e+00
-3.700321548487296663e+00
-1.485945006878848673e+00
-3.690646069928524842e+00
-3.827782335062629437e-01
-1.326904492535468272e+00
-1.372598116993022810e+00
-7.919928892302342538e-01
-3.024989017080806364e-01
-1.401058978541447342e-02
2.297325437351766197e+00
-2.316072708489782528e+00
-1.063222941451511666e-01
2.305011005291098147e+00
-2.159718388572733794e+00
-2.197688434147323733e+00
-7.325889010888567698e-01
4.067057343026061034e+00
-3.936873100926500335e+00
2.621270805285724759e+00
-4.358254091745134007e-01
9.039106768617861665e-01
-2.054159460106407931e+00
-1.748813029374153727e+00
-2.917487081751740874e+00
5.084861523044066356e-01
1.380657710390558623e+00
3.471557178753552630e-01
-5.277410848904575680e-01
-1.479771453284718152e+00
-5.569118610353077869e+00
2.298273979892672347e+00
2.180494853553135215e+00
4.813056675674536877e-01
-1.150764302531795513e+00
-2.291920111027171136e-01
2.385623195372020167e+00
-2.154479098581024932e+00
-3.512176343420531310e+00
-5.179263878874130533e+00
7.407292895917968467e-01
4.453477229154858996e+00
2.028633861771083513e+00
-3.992489221930730192e+00
5.670865361377976921e-01
-1.243828270821772009e+01
-4.673280363366870915e+00
-2.236073056104538548e+00
1.232966726684050496e+00
4.135516515589054087e+00
-5.948485657277921002e-01
-4.501998495385302945e+00
-9.579017162532043272e+00
-5.813267210013914443e+00
-8.633237997146350651e+00
-6.050642013069218450e+00
7.891184470258359729e-02
-5.017117067379490258e+00
-2.048650698153284822e+00
2.359498809125950558e+00
3.402589761851104178e-01
8.758391751712324425e-01
-1.519022301607124170e+01
-7.549149351935871555e-02
-5.806093278582515005e+00
2.015758567794575518e-01
1.780530993595560441e+00
-5.842919304259609481e-01
3.963478360329468209e-01
-4.498515496951006831e+00
-2.213933462678462583e+00
-5.920344896718561678e+00
-5.236291897627929792e+00
-2.343147116220976489e+00
9.819096046262548727e-01
-2.556967823918457672e+00
-1.197043218725225122e+00
-1.858906752160645937e+00
-9.928176659171452201e+00
1.972454134345988930e-01
-6.990161702175877956e+00
-1.510796587148857784e+00
-3.530420051686048666e+00
8.441319213123193999e-01
1.439709865271282530e-01
8.248396754773418493e+00
-4.491429455934670578e+00
1.063750598718348428e+00
-3.067465867408976976e+00
2.804345842716284842e+00
-2.443426482967677060e+00
2.086755488058148256e+00
1.763729727717899154e+00
-1.197895038805947054e+00
-1.576049888508162189e+00
-5.990894940428373339e+00
-1.854012936433987457e-01
3.129504990981514467e+00
-2.491419889163999993e-02
-2.328092845334539973e+00
6.779021497326299439e+00
-3.128209176129002067e+00
-2.846891740731464004e+00
1.806155507028198715e+00
1.867072219790499032e-01
-3.217545626992737162e+00
4.799529168884440367e+00
4.978768765162484011e-01
-2.638997747051511578e+00
-3.024735963602279920e+00
-2.477470277784464603e+00
-8.214198786164303989e-01
-5.869462187769310724e+00
-1.823469442429891618e+00
3.945297532877645619e+00
-3.739459703309538252e+00
1.959837948507793470e+00
-2.388737116099440172e+00
1.496164268825818988e+00
1.250392138990476854e+00
-2.172964554765514311e+00
-5.032497495359888884e-01
-1.037747565963503815e-01
-3.133605665989191991e+00
-8.810158880229200795e-01
-6.299144704290038366e-02
-2.926724036553570052e+00
-9.336686918493476428e-01
-1.057397671131355743e+00
-1.028612010198926452e+00
-9.660003089864710457e-01
2.296541706404188865e+00
-1.062484993787494281e+00
2.643069704313697477e-01
-3.563364893536353328e+00
-1.208064481865237516e+00
-5.834058113979557758e-01
7.792024776476936809e-01
-1.433457615253398432e+00
6.017994847170468731e+00
-5.657817155877114916e-03
8.145552458438040100e-01
-3.489577600487617115e+00
-2.683590849354934083e+00
-9.848000178674611860e-01
1.019625008253050691e+00
3.421178814368768695e+00
-2.433093942108546681e+00
-1.912999599076032675e+00
2.682801061570970536e+00
6.403941568290652420e+00
1.293574719931954053e+00
-3.715921618315587427e+00
-7.997110463162807603e-01
-1.936262988686364706e+00
-1.203270127460843320e+01
-1.909301563129884416e+00
-1.026301089504993413e+01
6.440619484193094380e+00
-2.909431597120156976e+00
8.110948992085509346e+00
-3.146245990118887281e+00
-3.835248010828580689e+00
-6.370332856985515546e-01
-4.465263946613958979e+00
4.563972267105463665e+00
-1.928363706564630853e+00
1.385749091886705031e+00
-2.066606635672798120e+00
4.092872814427703787e+00
4.953993398762738920e+00
-9.019093901318854245e-01
-5.963808644839094342e+00
2.050099055305303342e+00
1.100164138474179154e+00
-1.769417294038409638e+00
2.691950106420415434e+00
3.579536136835173465e+00
-6.594297181968003407e+00
-5.205291790082995362e+00
-2.171658894589726163e+00
3.373302000519740051e+00
-1.527387142766438499e+00
2.889194482862419422e-01
-1.911033609201386207e+00
-2.251403964621126352e+00
-2.173936872795830144e+00
1.808737119008631877e+00
-1.284559181258279947e+00
-4.899197372219154190e+00
-5.905786296615535669e+00
-2.111547574212327749e+00
-6.457008606398237927e-01
-2.472310646430350006e-02
4.180588887712990975e-01
-1.668147892152211487e+00
3.395431168098802743e+00
2.210203058410635357e+00
6.569831714350857332e+00
-7.349709275409677112e-01
1.974508278033345124e-02
-5.725162811276742758e+00
2.835776468614136459e+00
-1.238077055594191123e+00
2.638431866769546996e+00
1.858377784368037355e+00
-1.055257508242039677e+00
9.893267909643963520e+00
-1.876623690895383056e+00
-3.202852324964381436e-01
-1.350968201792116963e+00
4.041121805866651484e-02
-1.377006466944450835e+00
4.517525547240986983e-01
-5.657105198477179603e-02
-2.560653638012592381e+00
-8.519415709133447701e-01
3.280429791809230111e-01
9.788866715050642542e-01
1.268467909834293472e+00
3.241958573179907432e+00
-1.745691908496194378e+00
1.160337589650115575e+00
1.323069566455304935e+00
5.642092133227001594e-02
9.272809669199052474e-01
3.239793648129640213e-01
1.842460624274961656e-01
-6.187138768536312727e-02
-4.511574437691367123e+00
-9.705115976974652003e-01
-1.427098307543754885e+00
8.663480621387847913e-01
7.341643694098988204e-01
-2.369600609780020406e+00
2.629465271987337371e-01
3.583803717065010223e-03
-1.875180202717098732e+00
1.073638734825814067e+00
2.724099857230253718e+00
-5.126904351973148311e-01
8.163243617948046094e-01
1.209087861704348343e+00
-2.016648607823237072e+00
-8.164465597652794671e-01
1.302304619510516570e+00
-4.426370246111044793e+00
-1.819663194776421911e+00
-1.389593391964798919e+00
-4.769510392331542725e+00
2.443691628370874280e+00
4.983796023643860984e+00
-1.241531923760245126e+00
-1.622119099100771678e+00
-3.533622713713561736e-01
5.348094310709212706e+00
5.413260929760079776e+00
1.978827861971245161e+00
-2.083897631173164289e+00
1.703689274579323287e+00
7.923229379554104224e-01
-1.088410028489956494e+00
1.025922909163720309e+00
-1.930032793400767277e+00
6.264049701198793230e+00
-3.967451436789937169e+00
2.602089977852819480e+00
3.923187200917294781e+00
5.275377980484360352e-01
1.575290172703524449e+00
1.515650043243306433e+00
-3.412730056318542093e+00
8.187532899402643949e+00
1.948156175118426647e+00
-2.787551841927200513e-01
3.074809096667012298e+00
-3.535187717017542752e+00
1.363624157697186812e+00
9.377946386474698137e-01
1.064684447362345576e+00
6.563231186875963630e+00
2.653199019419703042e+00
2.090417569405301546e+00
4.177246848002589275e-01
-7.324102720461787008e-01
-4.007324485124441615e+00
-1.393456834712323289e+00
-7.279716657715855355e-02
3.875889993357890528e+00
3.838217670570619244e+00
3.453748750767016595e+00
-5.261855388929714827e-01
2.135698360596733902e+00
1.145387379338503431e+00
-3.109205955313194547e+00
3.770626092139309771e-01
7.415764756761729082e+00
1.047654974121231958e-01
-3.811576856221332577e-01
1.821302852481980761e-01
8.976994290714069846e-01
-8.483057570333366604e-01
3.732057875998511687e+00
1.568318113061578645e-01
8.323200212710407664e-01
1.062679201977919652e+00
2.169928672643616441e+00
-3.035061830434023222e-01
-1.808634320371892645e+00
-1.818513759086240134e+00
-1.977976454462957223e+00
3.298834773672166154e+00
-5.512127631856120757e-01
-4.811486212493492620e-01
1.942341499731118803e+00
-3.723907405867005749e-01
1.202126638896430899e+00
-5.699378919790312192e-01
-3.259070293616135872e-01
3.662557541318458121e+00
5.863290035549437285e+00
4.030828708211254607e+00
-4.884402967981260169e+00
-3.552167698975217114e+00
-6.746740681348084578e+00
-6.774170854064375469e+00
-4.548863957657615309e+00
6.650155934062256247e-01
-1.481296589810792153e+00
-2.083884091811777139e+00
1.731075105926352109e-01
1.422910641343233973e+00
-1.174365359851182289e+00
3.865624081720268723e+00
-3.969156713941274783e-01
6.163654646085651168e-01
2.230608389884556481e-02
1.522012326179921660e+00
1.257550975079165356e+00
4.105044586968975562e-01
-1.236807792079405166e+00
1.467282982329857211e+00
2.231449457944671089e+00
1.587331999021356799e+00
-2.159073982145047754e+00
-8.715832393819765433e-02
-2.316049349514099909e+00
-2.724774269808955540e-01
-1.179262318912169150e+00
6.643534669108521751e-01
2.322466651054986286e-01
3.236632228864017580e-01
-1.894545560768659265e-01
-1.576825082150544066e+00
1.587058572381302879e+00
1.106820455135956838e+00
-2.563171784478169180e+00
2.204905830290175395e+00
-2.980993330352257775e+00
-3.037944349507300856e+00
-6.861879715294846305e-01
-2.230471376119496529e+00
3.189246308033495847e+00
-6.711888971204619914e+00
-1.876580565677942403e+00
7.287529290474548560e+00
-3.374639522223688570e-01
7.720070783505504908e-01
-1.712014117113919598e+00
-1.842181915221749344e+00
-7.418963009962298294e+00
2.997750236903657495e+00
-4.332523850410646027e+00
4.075066168480224071e+00
1.134161086812729646e+00
3.125636437797007616e+00
2.741263165111086142e+00
-2.496915202441928994e+00
-2.929730176590365609e+00
-1.373515851438762203e+00
1.062730830750023170e+00
-1.884430256241129698e+00
7.703021666639940646e-02
-3.338471269154147381e-01
1.102877780631471571e+00
-5.218018711418467070e+00
-3.978144878954115171e+00
6.733025280775291055e-01
6.063844707968462089e+00
3.371167974979678572e+00
1.640215621320767925e+00
-2.025467862454680024e+00
-1.753063940423016387e+00
-5.344446840187744990e-02
1.604748350473576890e+00
1.762490074003383089e+00
1.404400959973050700e+00
5.477965177352714932e+00
-4.347478293298562058e+00
-1.255918875954213254e+00
1.658344054320876948e+00
-1.294381199566141172e+00
-1.732226319017131089e-01
2.385595892802373275e+00
-1.847972724554376667e+00
5.318980796063828009e-01
1.159796047908812522e+00
1.547250939425059535e+00
5.290754019880944625e+00
3.081088006704198468e-01
-1.030835535731945196e+00
2.494547033859407126e+00
1.509005372640821463e+00
-7.551182085736929395e-01
3.425462111332487347e-01
4.874371663787528952e+00
-2.548524563848765800e-01
-1.918486731977478321e+00
-1.853252824954083611e+00
-3.809909611484624259e-01
-8.718518857087056428e-01
1.172349863962554029e+00
8.124575266974468635e-01
7.841522161693521564e-01
-3.155428385996065899e+00
4.303538225178376919e+00
2.290240827126785561e+00
7.348333968449969333e-01
5.686539632619008744e-01
3.946878851627710016e+00
-8.153023726613026767e+00
1.292394320735000601e+00
-3.305868166351784154e+00
-4.536831100882663392e+00
-1.884038663029692584e+00
-5.511055320850259953e-01
-1.481528743402036885e-01
-2.595493513252502549e+00
-2.858120220684969293e-01
-2.867133224797530300e+00
3.335953528389497436e+00
2.864517696979816730e+00
2.023985663670240243e+00
1.684408067436179435e+00
1.671383218682406691e+00
4.257890906931480202e-01
-1.124457067365191909e+00
5.973246063700867747e-01
3.231783168340678802e+00
-1.683335370408322484e+00
1.376333098851383108e+00
1.621203312472705993e-01
-2.584013018014126306e+00
-1.713308113702991076e+00
1.118401370940961037e+00
-1.066838559560135735e+00
1.346917581396230190e+00
1.883896046380675759e+00
-1.901510149761612752e-03
3.921154505159203385e+00
7.687751619149866267e-01
6.036432244604034159e-01
2.552194257114680287e+00
4.639066168914612653e+00
3.006791377588866609e+00
5.322866826350671765e+00
3.067609899423380693e+00
-4.996991942230131212e-01
8.747888653385625934e-01
2.291462475644975960e+00
-3.588244447065576104e+00
-1.960580733085365290e+00
1.937101163286864880e+00
-4.693779069910670287e+00
2.232172235634577451e+00
-1.078954716333772046e+00
1.113771709700896340e+00
-4.098071325445827862e-01
-8.993892589773928581e-01
-4.823842647458798649e-01
9.455541658941700733e-01
4.026613805573392990e-01
5.351189133631229389e+00
2.549615410368740953e+00
2.262558630923872993e+00
-2.928337192601005334e+00
2.928641310659385599e-01
1.890930206663033131e+00
-2.755498566728868948e-01
5.730856226797872432e-01
-6.906318789842958994e-01
2.872721553036260200e+00
6.623038495824831728e-02
5.938279630664387021e-01
-2.147430634119842363e+00
3.688771192816630684e+00
3.057426422312301995e+00
-6.914548601105620085e-01
1.335133905715218727e+00
1.080261105025594359e+00
-2.274678608456671025e+00
-1.417231867466659745e+00
-6.598336200143973818e-01
2.759898554678150706e-01
-1.677535214206817615e+00
-3.247871804782731964e+00
-1.501770172554782290e+00
1.037992679910265892e+00
-8.294882645215357897e-01
-1.717364997453405095e+00
-6.143360834766944389e-01
3.492565853323342795e-01
5.626593927960615860e-01
-1.570402697169471562e+00
-2.070504110253575947e-01
1.998374165903179234e-01
6.152495321752656787e-01
-7.692888762332287245e-01
-1.448026600223707439e+00
-8.187863257270500128e-01
-1.206907018680615229e+00
-3.643042063853634271e+00
5.830924093345735137e-02
8.328941530918269054e-01
-3.942511975705399685e+00
-2.954914404032988329e-01
-3.529398712611639066e+00
-1.735840272590683631e+00
2.934712098118234191e+00
2.543019703942906995e-01
1.269037027000182061e+00
3.442940572958899104e+00
2.610405961917926287e+00
1.249804595969502996e+00
1.862320737723553776e+00
3.051938132078622079e-01
2.595906033110968014e+00
-3.147019877960500089e+00
3.358352863711123737e-01
2.319839480490346606e-01
2.357093085203761706e+00
3.241545485542835170e+00
1.616512409763733782e+00
5.068785649364031087e+00
-1.794818269598476013e+00
-2.222454279958542056e+00
-2.796455396902955304e+00
-4.721011176482584837e+00
-8.047073375784283833e-01
5.388435831954691224e+00
-1.182356814791635014e+00
-1.406754767198272527e+00
3.041565999751691396e-02
7.201206880533400634e-01
6.180095298593552694e-02
-5.138497390659254593e-01
2.635977951534879349e+00
2.253450444065809855e+00
-1.302275544677397034e+00
-7.116440098909825561e-04
-1.546221174216293237e+00
1.875691113076116467e+00
-1.866155359116047352e+00
1.962599810267162681e+00
-3.004010015212540269e-02
3.137571909999362085e-01
-1.716868143487729759e+00
1.402602546991414512e+00
5.508545058593071753e-01
3.697201876246213881e-01
-4.314576784182714952e+00
-1.206885972673235718e+00
4.144704309466857306e-01
7.218892237535672329e+00
2.925373572977566727e+00
1.883360955335221520e+00
-1.190017760884023890e+00
3.921994031672808023e-01
1.468020639526929072e+00
2.945121993305019892e+00
1.689665191436164227e+00
3.976225511655412603e+00
3.933711891295111229e+00
5.564389107949624602e+00
-2.708066069238665108e+00
9.198500692641680132e-01
2.187769836548208335e+00
-8.103003792035659458e+00
-4.016398023914220516e+00
-3.180119648627087958e+00
-1.056103793095765075e+00
3.030657775073166693e+00
1.197767220823382850e+01
1.278480411331814059e-01
-1.367346859636776157e+00
7.818845262114164640e+00
3.545104426387017948e+00
-9.672340350267064624e-01
-1.914251313251496417e-02
-4.277561446007976720e+00
2.172818655134668653e+00
4.739713759253510794e+00
-7.529096699805544191e-01
-1.862135213888137741e+00
1.265701577629684049e+00
-5.808643842400113000e-01
2.244274126549343329e+00
3.199567104646301896e+00
-1.693068336661359030e+00
6.981559859406649693e-01
2.331418083949782449e+00
-1.414065251361585451e+00
1.016156579122089232e+00
5.916714662412057457e+00
1.929920074378728145e+00
1.890504860339588200e+00
1.459050584099686576e+00
-5.068782102393624811e+00
5.234194133828991902e+00
-1.142207739810435774e-01
1.115887370538479528e+00
-1.216568791428991103e+00
3.398956169717768372e+00
1.830695273847201099e+00
-2.007235453009267090e+00
3.485235281454974188e-01
-4.055887655475900466e-01
6.806644343918300422e+00
-9.997348213160137664e-01
-1.011569431537779451e+00
4.082419106379124862e+00
-8.625728187449510642e-02
7.301299221311766452e+00
2.222350720977038563e+00
2.943687492474726941e-01
1.065266695125909463e-01
8.913265429648972171e-01
2.633035308350850645e+00
2.990525767098028975e+00
2.184156765709815318e+00
-2.305552917628522103e+00
-1.283442506299043107e+00
2.842994097842969747e+00
-4.279749604782609573e+00
-2.592906108428500556e+00
2.260995880069419428e+00
2.729659742624710894e+00
4.626284682118085634e+00
-8.282025059106394860e-01
4.553837475463356349e-02
1.551137560736866927e+00
-9.981378047697355704e-01
-1.636343809755254286e+00
-2.230062253163910935e+00
2.020406044391576117e+00
-1.022299852908616247e+00
-5.971128244465949031e+00
6.074888842108076226e+00
-3.416380083015093216e+00
-6.095818569480235816e+00
-1.971825272657740769e+00
-2.360237120664558486e+00
3.893560492794058692e-01
-3.222134291926609939e-01
-6.383093280647417211e-01
2.579522383269338359e+00
1.025806078005319755e+01
1.130477246063705810e+00
2.520128958439244116e+00
-3.431216387872689122e+00
-5.884508047676932918e+00
-6.601514998229969233e-01
1.592491976599353709e+00
8.213330679099007936e-01
4.675799975733549552e+00
4.434058589940915951e+00
5.709825948604027701e+00
6.949565749633823231e+00
-7.640940366569453079e-01
4.691081240838631317e+00
-1.763558518677553089e+00
-1.919392169922794045e+00
-1.238919740625711308e+00
3.988348353449788775e+00
7.947565273799420682e-01
-4.112619187880246052e+00
-3.562871143031210330e+00
6.660472091865702104e+00
1.284027745620580419e+00
-2.270479516174975565e+00
-8.218889811119117761e-01
7.042252799720140288e+00
-1.011879838873993992e-01
-4.177675150306109586e+00
7.503454517985233885e+00
2.274489070213697506e+00
-9.464347939422805556e-02
-1.525343770820070555e+00
3.296593427739884063e+00
1.087450601643719372e-01
-1.125305404937813947e+00
6.023105959632519824e-01
-9.947161045866123041e-01
3.806739562839875024e+00
6.657837858618878002e+00
2.690782012845209792e+00
3.044388418882785885e+00
7.557146966297388246e+00
8.565196279753374498e+00
5.562530473542447673e+00
6.794471569565577518e+00
-1.707923758383785295e-01
3.394435741246003335e+00
-3.258063970198261661e+00
1.586664832749263399e+00
6.234435931972237555e+00
7.358410583573756547e+00
8.073927476305570394e+00
-2.861337807543875567e+00
-5.398830278397694471e+00
2.679511643958615519e+00
-3.684342891104747775e+00
-2.011743437313097349e+00
9.809132375401020454e+00
8.152310442642496824e+00
-2.695625961185094788e+00
-4.003799967272675175e+00
-7.775426067270793107e-01
1.506024383105355025e+00
-4.082471872114236788e+00
-1.677716555676335375e+00
1.154302123449238593e+01
9.832071850008542668e+00
-2.005028709151869926e+00
2.002752342091095983e+00
6.412820050951402173e-01
-2.641816023531084134e+00
2.002677975833859758e+00
2.089801857597185286e+00
1.491540181269856546e+00
-3.976823039253944092e+00
-2.882365743753282583e+00
-1.710912586065107321e+00
-5.425361421641659021e+00
-3.552444906509528710e+00
6.459196249544539858e-01
-5.519896725941244142e+00
4.969546776729455093e-04
-1.435427433137814068e+00
1.228420215715412489e+00
6.124849077336561587e-01
5.198090817550537146e+00
4.679572234905348682e-01
-1.610804789514003188e+00
-4.117524453214818081e+00
1.790688158209612579e+00
3.854726533797216970e+00
-4.776575214301535866e+00
-6.624654321816449531e+00
3.165517487548026310e+00
1.063403997078157914e+00
-2.120056961770402371e+00
5.183309707645827658e+00
2.686112299455245545e+00
-8.709546061682184037e-01
-2.242499021750655519e+00
9.690723160381518042e-01
5.318902347930124647e-02
1.681029673724665496e+00
1.270938756744479425e+00
-4.050930701744412055e+00
4.573356594397080421e+00
-3.483349656247579862e+00
-4.637270745816884698e+00
-3.561311671697143133e+00
-1.100469922589197708e-01
3.373699387238296321e+00
1.857740422108684397e+00
9.348792130416219148e-01
3.006422728516435772e+00
7.554387503923618574e+00
1.602443657523143772e+00
-2.861929868539847099e+00
-4.943412297456479254e-01
-1.649089960859230208e+00
1.452021413553282514e+00
1.116295280859842265e+01
-6.842245153525602142e+00
1.970884622839325306e+00
4.091665956972514451e+00
6.551069975733746276e+00
2.079665062272906084e+01
8.124536545048908209e+00
3.300058746083419425e+00
-4.165228272565951961e+00
6.513087847163078870e+00
-5.672257092781821441e+00
3.155341062083020898e+00
2.813365410610472406e+00
5.077603213440565533e+00
1.883298433748662459e+00
2.164262718796273965e+00
8.942774893889346544e+00
-2.442651551812575317e+00
5.865801151198758667e+00
5.195864999515237059e+00
-3.819327597211678249e+00
1.854699964507885435e+00
7.743636994787046923e+00
-1.340583957229130929e+00
-1.060886208716314894e+00
9.707518816699827191e-01
-4.656418666034367604e-01
-1.368483521676677084e+00
2.380092319586167182e+00
-4.196275005682099213e+00
9.455681248453963184e-01
9.612882297389746533e-01
2.562943306156046930e-01
-2.530026097035677907e-02
-5.298872238213029107e+00
-1.991214725642903804e+00
-5.674564608432248747e+00
1.620964680803620661e+00
-1.119050632342949658e+00
1.960286022887275603e+00
-4.953896320347675797e+00
2.743875369300068812e+00
-1.675985018312584618e+00
8.251659141335667691e-01
-5.316703925582901835e-01
2.440558398340407553e+00
-7.328235844414426658e+00
-8.219468473271176023e+00
-2.975546335540447673e-01
-1.252717025637676285e+00
1.329521843938015646e+00
2.565370689015985306e+00
0.000000000000000000e+00
0.000000000000000000e+00
0.000000000000000000e+00
0.000000000000000000e+00
0.000000000000000000e+00
