6.543225049972534180e-01
-2.795555815100669861e-02
5.012007430195808411e-02
-4.067895933985710144e-02
1.321300983428955078e+00
2.089851647615432739e-01
2.675913870334625244e-01
5.699582099914550781e-01
1.525068163871765137e+00
3.505678176879882812e-01
-2.821953780949115753e-02
-2.857477776706218719e-02
7.898279279470443726e-02
-1.674420945346355438e-02
7.716444879770278931e-02
2.458778209984302521e-02
2.312360703945159912e-02
-4.172088950872421265e-02
-3.422025823965668678e-03
6.616844795644283295e-03
2.563238702714443207e-02
1.065685646608471870e-03
-1.110422983765602112e-02
1.483617722988128662e-02
-6.682144943624734879e-03
3.653336316347122192e-03
-3.172753006219863892e-02
1.497046742588281631e-02
3.486513346433639526e-02
9.245173074305057526e-03
1.343726832419633865e-02
2.081065438687801361e-02
-2.924026921391487122e-03
7.746012415736913681e-03
1.778479292988777161e-02
-1.610786467790603638e-02
-2.539951540529727936e-02
-8.761958219110965729e-03
3.142957389354705811e-02
1.839847886003553867e-03
8.179887197911739349e-03
1.825148798525333405e-02
-1.490520406514406204e-02
7.585545070469379425e-03
-4.868836607784032822e-03
3.050290048122406006e-02
1.038271002471446991e-02
-3.021012758836150169e-03
3.078972222283482552e-03
-1.601694151759147644e-02
-1.979331672191619873e-02
-1.263487618416547775e-02
1.009408012032508850e-02
2.791521511971950531e-02
1.525616645812988281e-02
-1.579309231601655483e-03
1.564482785761356354e-02
2.599294856190681458e-02
-5.523156840354204178e-03
-2.665941230952739716e-02
2.711565932258963585e-03
-1.132016539573669434e+00
8.732303380966186523e-01
2.828436136245727539e+00
4.840255260467529297e+00
5.009609699249267578e+00
1.142159366607666016e+01
1.175327777862548828e+01
1.589171314239501953e+01
2.526568603515625000e+01
2.735186767578125000e+01
2.933206558227539062e+01
3.121584320068359375e+01
2.964097633957862854e-02
3.226819634437561035e-02
-5.680485069751739502e-02
-1.136644650250673294e-02
-6.068206951022148132e-02
2.431655861437320709e-02
1.065986528992652893e-01
4.263348877429962158e-02
8.388868719339370728e-02
-4.679584503173828125e-02
-9.345052763819694519e-03
1.280995365232229233e-02
-1.284449845552444458e-01
-5.945423245429992676e-02
-5.078568309545516968e-02
9.436109662055969238e-02
6.464983522891998291e-02
-6.915104389190673828e-02
-2.539253048598766327e-02
1.238538697361946106e-02
4.647691920399665833e-02
4.762832447886466980e-02
6.974985450506210327e-02
-2.537818811833858490e-02
-4.519402235746383667e-02
-1.861328259110450745e-02
4.375623911619186401e-02
-6.856476515531539917e-02
5.309412255883216858e-02
2.081780135631561279e-02
9.005130268633365631e-03
4.208488017320632935e-02
1.408514473587274551e-02
8.123417943716049194e-02
-6.265858560800552368e-02
4.987688269466161728e-03
-4.840552434325218201e-02
-6.599766761064529419e-02
-7.989203557372093201e-03
-2.162919752299785614e-02
1.129447366110980511e-03
7.889816910028457642e-02
-8.596940338611602783e-02
-5.205154046416282654e-02
1.122216321527957916e-02
3.693332895636558533e-02
-2.085775695741176605e-02
-4.778595641255378723e-02
1.614010520279407501e-02
-3.578623011708259583e-02
-1.718208193778991699e-02
1.173838041722774506e-03
-3.869047388434410095e-02
4.947575181722640991e-02
1.251858472824096680e-01
-7.159591466188430786e-02
1.323339045047760010e-01
5.457472056150436401e-02
8.875092025846242905e-04
6.128649786114692688e-02
5.654923990368843079e-02
-1.659288555383682251e-01
5.769148841500282288e-02
-1.486366540193557739e-01
-8.915225416421890259e-02
-6.733278185129165649e-02
-3.475315868854522705e-02
6.091550365090370178e-02
1.027142032980918884e-01
-3.661775216460227966e-02
-5.695813149213790894e-02
1.874319650232791901e-02
-1.079936791211366653e-02
-2.442265301942825317e-02
-6.406581494957208633e-03
8.362754434347152710e-02
2.322220616042613983e-02
9.987141937017440796e-02
-2.004395239055156708e-02
8.869343250989913940e-02
1.142445281147956848e-01
4.314098879694938660e-02
2.097486332058906555e-02
-2.338220365345478058e-02
-6.229358911514282227e-02
-8.301459997892379761e-02
1.015898510813713074e-01
1.480010151863098145e-02
-1.111462786793708801e-01
2.096625231206417084e-02
-5.737230554223060608e-02
1.784356497228145599e-02
-1.822394691407680511e-02
-1.817600615322589874e-02
-3.595181554555892944e-02
4.707013443112373352e-02
1.335183251649141312e-02
5.178301129490137100e-03
-9.416706598130986094e-05
-8.379494398832321167e-02
-3.704136237502098083e-02
5.437871441245079041e-03
-1.151037737727165222e-01
2.224698662757873535e-02
1.104495208710432053e-02
2.990025328472256660e-03
-1.117132510989904404e-02
-4.223943874239921570e-02
-1.565256342291831970e-02
3.496050834655761719e-02
1.117545459419488907e-02
-7.068221271038055420e-02
6.346938759088516235e-02
4.809562116861343384e-02
1.171111315488815308e-02
1.465659216046333313e-02
-8.738268166780471802e-03
6.776003539562225342e-02
1.009569875895977020e-02
2.322673611342906952e-02
-5.021068267524242401e-03
9.648239938542246819e-06
-3.165832161903381348e-02
-5.637862533330917358e-02
-1.375541184097528458e-02
5.446881987154483795e-03
-2.924398705363273621e-02
-5.695836246013641357e-02
-2.463158592581748962e-02
-1.531699817860499024e-04
-1.684874668717384338e-02
-1.613578386604785919e-02
5.956365913152694702e-02
-2.094691433012485504e-02
4.170040134340524673e-03
1.929641701281070709e-02
-4.520075023174285889e-02
1.006062701344490051e-02
3.373320400714874268e-02
-3.212361782789230347e-02
3.138586133718490601e-02
-3.846015036106109619e-02
6.468275189399719238e-02
-5.895165726542472839e-02
-6.957466900348663330e-02
3.430497273802757263e-02
-2.442971616983413696e-02
-4.802606627345085144e-02
1.534272544085979462e-02
1.142495032399892807e-02
5.211497843265533447e-02
-1.281899400055408478e-02
4.850262776017189026e-02
3.591708838939666748e-02
9.810967370867729187e-03
-2.923222631216049194e-02
7.415901124477386475e-02
-2.150565385818481445e-02
1.891641877591609955e-02
-5.119629949331283569e-02
7.492017745971679688e-02
3.731070458889007568e-02
9.253721684217453003e-02
5.349547788500785828e-02
4.263233765959739685e-02
-1.908102259039878845e-02
-6.895228475332260132e-02
2.627660520374774933e-02
-3.759847208857536316e-02
8.107902109622955322e-02
4.347131773829460144e-02
-4.104653839021921158e-03
1.343551464378833771e-02
-2.959940023720264435e-02
-5.997228994965553284e-02
-9.841795265674591064e-02
1.524414401501417160e-02
1.847145892679691315e-02
1.990913785994052887e-02
-7.035296410322189331e-02
1.205467153340578079e-02
-6.644795089960098267e-02
9.133090078830718994e-02
6.149153038859367371e-02
4.826471582055091858e-02
1.308248471468687057e-02
1.967322779819369316e-03
2.367514371871948242e-02
-3.012494556605815887e-02
4.415955394506454468e-03
1.894735544919967651e-02
3.844825550913810730e-02
1.143224726547487080e-04
5.700436234474182129e-02
2.557290717959403992e-02
-5.825725942850112915e-02
6.639273464679718018e-02
6.370792537927627563e-02
1.645292039029300213e-03
-4.815134778618812561e-02
3.088068962097167969e-02
-6.025392934679985046e-02
-1.221268810331821442e-02
1.427295506000518799e-01
3.150959312915802002e-02
-6.907602772116661072e-03
-3.797165676951408386e-02
-3.241447731852531433e-02
5.665167793631553650e-02
-4.894967749714851379e-02
6.257814913988113403e-02
-1.791989617049694061e-02
3.520700335502624512e-02
5.894175171852111816e-02
-4.387555643916130066e-02
3.043157048523426056e-04
1.367443650960922241e-01
-3.157644346356391907e-02
3.107737749814987183e-02
3.795642405748367310e-02
-2.465443918481469154e-03
-6.154986470937728882e-02
-1.039600223302841187e-01
4.738743230700492859e-02
3.390422835946083069e-02
1.294709444046020508e-01
-1.153862290084362030e-02
4.490626975893974304e-02
4.960461985319852829e-03
5.232104286551475525e-02
-6.870318204164505005e-02
-7.802937179803848267e-02
1.127313449978828430e-01
-5.513029545545578003e-02
-1.247624456882476807e-01
6.031525880098342896e-02
1.095895692706108093e-01
3.438026458024978638e-02
-2.818912453949451447e-02
-5.846414715051651001e-02
8.364953845739364624e-02
3.752176417037844658e-03
3.400087356567382812e-02
-5.465989932417869568e-02
-2.135764248669147491e-02
6.569383200258016586e-03
5.664351582527160645e-02
3.672434389591217041e-02
3.236725926399230957e-02
-6.774079799652099609e-02
-2.247045747935771942e-02
-6.982470303773880005e-02
-1.970716752111911774e-02
1.130362693220376968e-02
7.492461800575256348e-02
7.526296377182006836e-02
-4.845047742128372192e-02
-5.536257289350032806e-03
2.888403646647930145e-02
-7.598956674337387085e-02
-2.899282053112983704e-02
-1.198868500068783760e-03
-9.111852943897247314e-02
6.428685784339904785e-02
-4.038254171609878540e-02
-5.547199770808219910e-02
-5.363884195685386658e-02
-5.384607240557670593e-02
-7.340166717767715454e-02
-5.272538587450981140e-02
4.109785426408052444e-03
-6.052095815539360046e-02
-4.824152588844299316e-02
2.258795686066150665e-02
1.169153749942779541e-01
1.234902292490005493e-01
9.008410573005676270e-02
-3.586034476757049561e-02
-5.107722245156764984e-03
-1.271933317184448242e-03
-4.147137980908155441e-03
5.144279077649116516e-02
-4.842189326882362366e-02
-1.987279951572418213e-02
-7.539567351341247559e-02
4.277684167027473450e-02
-6.112554669380187988e-02
2.759568952023983002e-02
-3.184714913368225098e-02
6.869440525770187378e-02
-7.688696496188640594e-04
-2.377896942198276520e-02
7.585449144244194031e-03
1.510108821094036102e-02
-2.621117793023586273e-02
-8.775988966226577759e-02
5.777713656425476074e-02
2.748318947851657867e-02
-3.540229052305221558e-02
1.190165895968675613e-02
7.285364717245101929e-02
1.084391996264457703e-01
-5.356272682547569275e-02
-3.789461916312575340e-03
-3.361352020874619484e-03
7.218220084905624390e-02
-8.208880200982093811e-03
2.912843786180019379e-02
4.641517624258995056e-02
-1.867132633924484253e-02
4.410548135638237000e-02
-1.169626563787460327e-01
-1.436927437782287598e+00
-8.185750339180231094e-04
1.248491257429122925e-01
2.509544610977172852e+00
-2.978486241772770882e-03
8.987674117088317871e-01
-7.943395376205444336e-01
4.686096012592315674e-01
-3.879963159561157227e-01
-9.633489251136779785e-01
9.951280355453491211e-01
-5.351505875587463379e-01
5.455128550529479980e-01
-7.296168804168701172e-01
-7.689200043678283691e-01
-3.001092700287699699e-03
1.274514317512512207e+00
4.214681982994079590e-01
6.066275015473365784e-02
3.583238124847412109e-01
-1.112435851246118546e-02
-1.346205472946166992e+00
-9.416326284408569336e-01
-4.733354747295379639e-01
-8.319171667098999023e-01
-1.092505306005477905e-01
1.174855008721351624e-01
-1.675142198801040649e-01
2.330679297447204590e-01
4.706197679042816162e-01
4.447877407073974609e-02
-1.026002407073974609e+00
-7.161803245544433594e-01
-4.638478159904479980e-01
1.243203520774841309e+00
9.393789172172546387e-01
-1.813977003097534180e+00
8.091071248054504395e-02
3.059931695461273193e-01
3.224898576736450195e-01
-4.652868211269378662e-01
2.246364653110504150e-01
1.343598365783691406e+00
8.385550975799560547e-01
-9.889537692070007324e-01
-1.163014173507690430e+00
-1.735274672508239746e+00
-3.906715214252471924e-01
2.804983258247375488e-01
5.318857431411743164e-01
8.619545102119445801e-01
-8.717454671859741211e-01
4.543411135673522949e-01
-1.295890212059020996e+00
-9.785391092300415039e-01
-3.018561303615570068e-01
-1.802256554365158081e-01
1.874444186687469482e-01
-6.094489097595214844e-01
-4.401199519634246826e-01
-1.077325791120529175e-01
-3.818622827529907227e-01
9.767424464225769043e-01
3.046450614929199219e-01
-1.273740053176879883e+00
-7.062943577766418457e-01
-5.396337434649467468e-02
-8.949236869812011719e-01
-1.480308622121810913e-01
7.286090254783630371e-01
-1.570439696311950684e+00
2.979366183280944824e-01
-5.170598030090332031e-01
-1.420536339282989502e-01
-5.025131106376647949e-01
2.821948826313018799e-01
-8.260405063629150391e-01
-3.904494345188140869e-01
-2.453407049179077148e-01
4.921299219131469727e-01
-4.891495704650878906e-01
1.034052133560180664e+00
-3.441683202981948853e-02
9.610940515995025635e-02
8.403243124485015869e-02
4.585621953010559082e-01
-1.700890213251113892e-01
4.374887328594923019e-03
4.910038784146308899e-02
-3.590365946292877197e-01
1.478786617517471313e-01
-1.761547327041625977e-01
-1.001034021377563477e+00
-1.095919683575630188e-01
-2.439166754484176636e-01
5.081534981727600098e-01
-3.358860686421394348e-02
7.425712943077087402e-01
2.924678474664688110e-02
2.884642481803894043e-01
4.154870212078094482e-01
-2.536207437515258789e-01
3.151658549904823303e-02
1.653380393981933594e-01
-1.632059179246425629e-02
-2.599949017167091370e-02
-2.763270139694213867e-01
4.001731872558593750e-01
-4.055429100990295410e-01
-4.314993321895599365e-01
4.724217951297760010e-01
1.709422618150711060e-01
-4.960243701934814453e-01
1.151960194110870361e-01
1.251085877418518066e+00
-3.406184613704681396e-01
-2.187225818634033203e-01
-6.704973578453063965e-01
-4.205509126186370850e-01
3.535638377070426941e-02
7.200822830200195312e-01
-9.040265530347824097e-02
6.572993993759155273e-01
9.559293836355209351e-02
5.503476262092590332e-01
5.101711153984069824e-01
-1.980879604816436768e-01
1.293884962797164917e-01
-6.573038548231124878e-02
3.988293409347534180e-01
-4.050425887107849121e-01
1.550928205251693726e-01
-2.081089168787002563e-01
2.913034260272979736e-01
1.925833374261856079e-01
-2.357395552098751068e-02
6.865574121475219727e-01
5.721784234046936035e-01
-7.712064385414123535e-01
-8.963904380798339844e-01
-7.248831987380981445e-01
3.116252459585666656e-02
-1.897086203098297119e-01
-6.929372996091842651e-02
1.884463429450988770e+00
-2.453984767198562622e-01
6.292319297790527344e-01
7.695548981428146362e-02
-3.850896358489990234e-01
2.635676264762878418e-01
2.626381516456604004e-01
3.685210943222045898e-01
6.282702088356018066e-01
-1.453711152076721191e+00
-4.319826364517211914e-01
-1.367854624986648560e-01
3.411477506160736084e-01
5.974295735359191895e-01
2.174802869558334351e-01
1.756199747323989868e-01
3.429999947547912598e-01
-5.905025601387023926e-01
7.176690697669982910e-01
9.129891395568847656e-01
-1.460258245468139648e+00
-6.171258687973022461e-01
-2.517255246639251709e-01
1.623466491699218750e+00
1.331088185310363770e+00
7.647959142923355103e-02
-8.502054214477539062e-01
-2.618893086910247803e-01
2.274399995803833008e+00
1.896894872188568115e-01
-4.778925180435180664e-01
-1.290757894515991211e+00
1.635122299194335938e-02
-2.909855842590332031e-01
6.960772871971130371e-01
8.806762099266052246e-01
3.405931890010833740e-01
-8.977257646620273590e-03
3.361419141292572021e-01
-7.973566651344299316e-01
1.032089889049530029e-01
-8.071593008935451508e-03
2.010848075151443481e-01
-6.870809793472290039e-01
2.256532758474349976e-01
-9.055487811565399170e-02
-1.542904675006866455e-01
1.952727556228637695e+00
-7.250110507011413574e-01
1.010087847709655762e+00
6.956162452697753906e-01
-5.152553915977478027e-01
-9.632838964462280273e-01
-4.074678719043731689e-01
-3.559665381908416748e-01
5.821621417999267578e-01
-3.523274958133697510e-01
-2.345940098166465759e-02
2.432193607091903687e-01
-1.396291851997375488e+00
1.038452267646789551e+00
-3.506914377212524414e-01
5.174631476402282715e-01
2.941290736198425293e-01
-5.318554118275642395e-02
6.370074748992919922e-01
3.467911109328269958e-02
4.698161780834197998e-01
-4.555477797985076904e-01
2.609168887138366699e-01
5.231915116310119629e-01
-5.986235141754150391e-01
9.738930314779281616e-02
2.467312514781951904e-01
-1.033797144889831543e+00
1.815213114023208618e-01
1.461956202983856201e-01
-1.275012046098709106e-01
-5.586299896240234375e-01
3.766928315162658691e-01
-8.111251592636108398e-01
-1.157982110977172852e+00
-4.627192318439483643e-01
-4.043219983577728271e-01
-3.214110434055328369e-01
-1.221254944801330566e+00
-1.280582308769226074e+00
1.009305953979492188e+00
9.124064445495605469e-01
3.338421285152435303e-01
6.649214774370193481e-02
-1.562541723251342773e-02
-8.632654696702957153e-02
-1.478824913501739502e-01
1.145529299974441528e-01
2.882307171821594238e-01
-6.240019798278808594e-01
1.684367097914218903e-02
1.810577213764190674e-01
-3.348702192306518555e-02
4.295881092548370361e-02
-2.377710118889808655e-02
3.018481470644474030e-02
-2.510857395827770233e-02
-1.724568605422973633e-01
-1.855245828628540039e-01
-1.454619467258453369e-01
1.698486804962158203e-01
7.270099222660064697e-02
9.738511592149734497e-02
-8.831778913736343384e-02
-7.045367360115051270e-02
-3.477910906076431274e-02
-6.402131915092468262e-02
-3.312142938375473022e-02
1.065586730837821960e-01
-1.678946986794471741e-02
6.691647320985794067e-02
5.572523921728134155e-02
-7.060329895466566086e-03
-9.273020178079605103e-02
-2.480296790599822998e-02
-1.961216330528259277e-03
-4.908269643783569336e-02
1.574318408966064453e-01
1.340925842523574829e-01
-6.241516396403312683e-02
1.504281610250473022e-01
-1.692038476467132568e-01
6.508435308933258057e-02
5.449384450912475586e-02
3.819121718406677246e-01
-2.129318006336688995e-02
-2.050212025642395020e-02
6.460868567228317261e-02
-1.308164745569229126e-02
-5.729954689741134644e-02
-9.100782917812466621e-04
1.749230474233627319e-01
-6.399805098772048950e-02
7.277879863977432251e-02
-3.809819817543029785e-01
-1.210747510194778442e-01
3.391005471348762512e-02
-1.277218107134103775e-02
2.296686870977282524e-03
3.830041363835334778e-02
7.487336397171020508e-01
3.687175512313842773e-01
-1.153925657272338867e-01
-2.957790791988372803e-01
3.051652386784553528e-02
7.194101810455322266e-02
3.613521903753280640e-02
-1.383439153432846069e-01
8.116076141595840454e-02
4.158383607864379883e-02
4.985890910029411316e-02
-1.607071757316589355e-01
2.100401520729064941e-01
9.671846032142639160e-02
5.534974113106727600e-02
-1.975646242499351501e-02
-6.509925588034093380e-04
-6.812966614961624146e-02
-1.795745640993118286e-01
-1.659035235643386841e-01
-2.090145200490951538e-01
-2.371869236230850220e-02
8.094907389022409916e-05
1.719651299936231226e-05
2.269395481562241912e-04
2.137194496754091233e-05
-2.282437801361083984e+00
-2.114610671997070312e+00
-2.474529027938842773e+00
-1.689812391996383667e-01
