6.753104329109191895e-01
2.043167948722839355e-01
3.105087876319885254e-01
9.478263854980468750e-01
5.974896550178527832e-01
4.301512539386749268e-01
1.429528713226318359e+00
-2.440375387668609619e-01
5.032444000244140625e-01
2.965706586837768555e-02
-9.063640609383583069e-03
-3.978036809712648392e-03
-2.562855556607246399e-02
3.438054118305444717e-03
3.981221094727516174e-02
1.250450499355792999e-02
2.989966981112957001e-02
-2.547162957489490509e-02
-1.846839487552642822e-02
2.949625439941883087e-02
5.322826560586690903e-03
7.080547977238893509e-03
-3.008931688964366913e-02
-1.836564019322395325e-02
-5.071805045008659363e-02
-9.948298335075378418e-03
-8.197951130568981171e-03
8.197817951440811157e-03
1.709330268204212189e-02
2.781155146658420563e-02
2.943607605993747711e-02
4.134149104356765747e-02
3.156362101435661316e-02
-1.994635723531246185e-02
-2.285939455032348633e-02
9.165816009044647217e-03
-3.925824910402297974e-02
-3.638183698058128357e-02
3.617184981703758240e-02
2.208232134580612183e-02
6.659037433564662933e-03
-8.082646131515502930e-01
2.298293113708496094e+00
4.814999103546142578e+00
4.836858749389648438e+00
1.156180286407470703e+01
1.589077281951904297e+01
1.778160667419433594e+01
1.979172706604003906e+01
1.184428334236145020e-01
-9.031930565834045410e-02
-4.396657645702362061e-02
-8.530548959970474243e-02
1.898802816867828369e-02
-1.286715921014547348e-02
-3.986870869994163513e-02
-7.405207725241780281e-04
5.820352956652641296e-02
4.558525606989860535e-02
-6.184081360697746277e-02
-2.775163576006889343e-02
3.071532770991325378e-02
1.120851486921310425e-01
4.248625040054321289e-02
-5.069826170802116394e-02
-1.879168674349784851e-02
-4.804266244173049927e-02
-5.642589647322893143e-03
-8.497652411460876465e-02
1.377352047711610794e-02
-8.955995738506317139e-02
4.938524588942527771e-02
-7.213499397039413452e-02
-1.688864454627037048e-02
-2.742644771933555603e-02
-3.686090558767318726e-02
-2.376713603734970093e-02
-6.078426912426948547e-02
-9.291542693972587585e-03
1.507119238376617432e-01
7.744795083999633789e-02
1.195612698793411255e-01
2.811407670378684998e-03
5.509907379746437073e-02
-4.720173031091690063e-02
-2.651991546154022217e-01
-7.736731320619583130e-02
-1.307802647352218628e-01
-5.801612511277198792e-02
2.784616686403751373e-02
-5.900079756975173950e-02
-9.982135891914367676e-02
-5.066066980361938477e-02
4.975701123476028442e-02
6.205514073371887207e-02
5.295425653457641602e-02
-3.921693563461303711e-02
-3.053423948585987091e-02
1.873028650879859924e-02
7.173301652073860168e-03
-1.521401256322860718e-01
4.413935169577598572e-02
1.446659152861684561e-04
7.149436324834823608e-02
3.925653919577598572e-02
-6.549078971147537231e-03
-1.262205094099044800e-02
-1.377213597297668457e-01
-1.046092715114355087e-02
-1.826160214841365814e-02
-6.116274371743202209e-02
-5.459380894899368286e-02
-1.171910483390092850e-02
-5.976903811097145081e-02
2.156530693173408508e-02
-1.471179910004138947e-02
5.369731225073337555e-03
-7.730700820684432983e-02
1.147615909576416016e-01
3.523980826139450073e-02
-1.278243511915206909e-01
-9.087417274713516235e-02
-7.406768202781677246e-02
1.287148799747228622e-02
-1.697573624551296234e-02
-9.786153584718704224e-02
7.187461946159601212e-03
1.211023852229118347e-01
-3.865598887205123901e-02
9.312875568866729736e-02
8.286682516336441040e-02
2.007471956312656403e-02
1.289401352405548096e-01
-1.489490550011396408e-02
-1.567248404026031494e-01
9.085105359554290771e-02
-1.299165785312652588e-01
-7.041631639003753662e-02
-1.313163191080093384e-01
4.674515500664710999e-02
1.152671873569488525e-01
1.655297577381134033e-01
2.791088633239269257e-02
2.287546172738075256e-02
5.150919780135154724e-02
3.381477296352386475e-02
2.763363905251026154e-02
4.763592005474492908e-05
1.545732766389846802e-01
6.457535177469253540e-02
1.165763065218925476e-01
-2.226869575679302216e-02
3.222864493727684021e-02
7.433392107486724854e-02
2.568568289279937744e-02
-1.839988632127642632e-03
-1.335006766021251678e-02
-1.450915634632110596e-01
-6.675820052623748779e-02
8.545491844415664673e-02
-2.189365029335021973e-02
-1.837431490421295166e-01
-2.183401770889759064e-02
-7.161660492420196533e-02
-6.560344994068145752e-02
9.870328754186630249e-02
1.059223636984825134e-01
-2.933614701032638550e-02
-3.086106479167938232e-02
5.200057104229927063e-02
6.484898179769515991e-02
1.117349863052368164e-01
-6.034719198942184448e-02
5.368070676922798157e-03
-1.724972203373908997e-02
-1.148243770003318787e-01
-3.715994954109191895e-02
-6.524676084518432617e-02
-4.229967296123504639e-02
9.285169839859008789e-02
-6.327420473098754883e-02
-1.155203804373741150e-01
6.415788829326629639e-02
1.722900010645389557e-02
-9.693256765604019165e-02
2.284152805805206299e-02
8.422545343637466431e-02
4.413430765271186829e-02
6.270962208509445190e-02
5.861222371459007263e-02
8.996275067329406738e-02
4.158806800842285156e-02
4.269460961222648621e-02
-2.139477878808975220e-01
-4.811106994748115540e-02
9.019236564636230469e-01
-1.010023951530456543e-01
1.250905275344848633e+00
-6.785194277763366699e-01
-2.320482283830642700e-01
8.529374003410339355e-01
-1.150533407926559448e-01
1.088180661201477051e+00
-3.880068361759185791e-01
2.607409954071044922e-01
3.388087749481201172e-01
2.768572568893432617e-01
-1.364827871322631836e+00
1.406178951263427734e+00
-4.137754738330841064e-01
1.481378793716430664e+00
-9.194064140319824219e-02
-1.340594410896301270e+00
1.222350001335144043e+00
-2.665836811065673828e-01
-3.839133083820343018e-01
-5.172295570373535156e-01
1.144912466406822205e-01
1.388012170791625977e+00
1.181187391281127930e+00
1.851743698120117188e+00
1.879859447479248047e+00
7.573400735855102539e-01
-1.195101499557495117e+00
2.180109769105911255e-01
-1.007266759872436523e+00
-3.176542520523071289e-01
5.289528965950012207e-01
7.425480484962463379e-01
3.087017238140106201e-01
1.212232280522584915e-02
2.380173206329345703e-01
-8.043664693832397461e-01
2.915353775024414062e-01
2.842031419277191162e-01
1.318358257412910461e-02
-9.762255847454071045e-02
2.787242457270622253e-02
2.841077744960784912e-01
-7.530688047409057617e-01
-2.820089161396026611e-01
-4.601258039474487305e-01
-1.720099300146102905e-01
2.672122120857238770e-01
8.730685114860534668e-01
2.910925820469856262e-02
5.458133816719055176e-01
2.418406754732131958e-01
-1.661887615919113159e-01
7.340508699417114258e-01
-1.234890744090080261e-01
-3.250623643398284912e-01
-3.141496777534484863e-01
-1.990070194005966187e-01
-4.758615493774414062e-01
1.972039937973022461e-01
7.891725897789001465e-01
2.150768756866455078e+00
-1.631765723228454590e+00
5.587069988250732422e-01
2.499000281095504761e-01
-4.170168340206146240e-01
-1.554661393165588379e+00
1.267276644706726074e+00
-1.244408130645751953e+00
-1.744113564491271973e-01
6.298692822456359863e-01
5.573848485946655273e-01
-7.417345046997070312e-01
1.592957973480224609e+00
1.124889969825744629e+00
7.790588736534118652e-01
1.021266579627990723e+00
2.486593961715698242e+00
-4.672418534755706787e-01
5.878947973251342773e-01
8.486736416816711426e-01
-3.282414078712463379e-01
8.259853720664978027e-02
-3.027263879776000977e-01
3.098052442073822021e-01
3.069008328020572662e-02
-2.996862530708312988e-01
4.809901714324951172e-01
9.217645525932312012e-01
-1.825770497322082520e+00
4.812115728855133057e-01
-1.791312545537948608e-01
-4.421853125095367432e-01
-7.084322571754455566e-01
3.829828798770904541e-01
-1.544453620910644531e+00
2.603904902935028076e-02
-4.530081152915954590e-01
-6.310743093490600586e-01
1.062042832374572754e+00
8.861380219459533691e-01
-2.038829088211059570e+00
3.359767496585845947e-01
-5.708702374249696732e-03
-1.082268595695495605e+00
2.662430405616760254e-01
-3.371140062808990479e-01
1.501879215240478516e+00
3.370147049427032471e-01
-1.400811076164245605e+00
6.631515026092529297e-01
-5.799210444092750549e-02
-9.318572878837585449e-01
-8.901290893554687500e-01
-2.869176268577575684e-01
-1.081969976425170898e+00
-1.035663485527038574e+00
9.331038594245910645e-01
2.275375574827194214e-01
2.296734973788261414e-02
2.889516055583953857e-01
6.836774945259094238e-01
-6.748867034912109375e-01
9.945902228355407715e-02
8.602376580238342285e-01
5.954846739768981934e-01
-8.415675163269042969e-01
-1.233595252037048340e+00
3.013538718223571777e-01
1.594859600067138672e+00
1.381666421890258789e+00
5.858740806579589844e-01
9.745934009552001953e-01
-1.933823108673095703e+00
-6.106361001729965210e-02
-1.404301822185516357e-01
-8.741857409477233887e-01
4.899115860462188721e-01
6.949929594993591309e-01
-9.893674850463867188e-01
-3.054102659225463867e-01
2.947223782539367676e-01
4.969693254679441452e-04
-2.445697784423828125e-03
4.353709518909454346e-04
-5.013279616832733154e-03
-2.276317358016967773e+00
-1.951182484626770020e+00
-2.471669197082519531e+00
-2.042172431945800781e+00
