2.225068360567092896e-01
2.699593082070350647e-02
3.086892664432525635e-01
2.994734346866607666e-01
2.414293438196182251e-01
-1.716552078723907471e-01
2.524996101856231689e-01
1.388210058212280273e-01
2.814237773418426514e-01
2.279501557350158691e-01
-1.280922591686248779e-01
1.169826313853263855e-01
1.184291481971740723e+00
-1.724568486213684082e+00
-1.250556230545043945e+00
4.175401479005813599e-02
6.661748886108398438e-02
5.896837264299392700e-02
-3.112588264048099518e-02
1.320226043462753296e-01
7.374104112386703491e-02
1.405555903911590576e-01
4.518506303429603577e-02
-1.017605736851692200e-01
2.305277287960052490e-01
-1.819207072257995605e+00
1.324655294418334961e+00
9.991262108087539673e-02
-1.713397502899169922e-01
2.127089910209178925e-02
-1.137504652142524719e-01
5.985228344798088074e-02
9.386736899614334106e-02
5.894681066274642944e-02
1.359955817461013794e-01
-8.935764431953430176e-02
1.350000798702239990e-01
-2.786355018615722656e-01
-4.625400602817535400e-01
7.793503999710083008e-01
1.113051700592041016e+01
1.276979351043701172e+01
1.399614429473876953e+01
1.548393726348876953e+01
1.704652976989746094e+01
2.030508422851562500e+01
2.592877960205078125e+01
2.655520820617675781e+01
2.645198440551757812e+01
2.850478553771972656e+01
3.013607406616210938e+01
3.195684242248535156e+01
3.698649597167968750e+01
-9.573543667793273926e-01
3.249335289001464844e-01
4.858998954296112061e-01
3.351298570632934570e-01
3.259874507784843445e-02
4.057787358760833740e-01
4.996372461318969727e-01
-1.516709178686141968e-01
1.289512872695922852e+00
2.164013832807540894e-01
-4.623047113418579102e-01
2.394269704818725586e+00
-9.699353575706481934e-01
1.836779527366161346e-02
-4.925176617689430714e-04
1.647889912128448486e-01
-5.424787849187850952e-02
2.908127009868621826e-01
1.984437406063079834e-01
-1.942514032125473022e-01
5.423598885536193848e-01
-3.145342692732810974e-02
-2.004001988098025322e-03
-7.326754927635192871e-01
-2.732521109282970428e-02
-6.552413851022720337e-02
1.063278093934059143e-01
1.844073981046676636e-01
-2.228087000548839569e-02
-2.417964637279510498e-01
1.038328886032104492e+00
4.390339553356170654e-01
-2.769301831722259521e-01
8.294820189476013184e-01
-1.540044546127319336e-01
4.837278276681900024e-02
3.744731843471527100e-02
-2.650672197341918945e-01
4.921022355556488037e-01
2.511623874306678772e-02
5.121433362364768982e-02
6.219489127397537231e-02
2.213940173387527466e-01
4.454855225048959255e-04
1.032477393746376038e-01
-1.674431264400482178e-01
1.951091587543487549e-01
-2.787253558635711670e-01
-1.458678990602493286e-01
-4.494068771600723267e-02
-1.126513928174972534e-01
2.098161578178405762e-01
-1.252276450395584106e-01
1.713361591100692749e-01
4.004315007477998734e-03
3.740425407886505127e-02
8.985308557748794556e-02
2.463919520378112793e-01
2.060014456510543823e-01
2.558514177799224854e-01
9.832495450973510742e-01
-6.610980629920959473e-01
-7.004187107086181641e-01
-1.026701834052801132e-02
8.200711570680141449e-03
3.530999645590782166e-03
-1.924553811550140381e-01
-1.158979684114456177e-01
-2.767354547977447510e-01
4.094920456409454346e-01
1.537856757640838623e-01
-7.315444946289062500e-02
-4.219325780868530273e-01
-2.321435213088989258e-01
-4.763862118124961853e-02
7.374700903892517090e-01
2.921322174370288849e-02
1.213908642530441284e-01
6.648164987564086914e-01
-6.034219264984130859e-02
3.776307702064514160e-01
-6.197768822312355042e-02
1.033775061368942261e-01
-4.249162226915359497e-02
-2.903073132038116455e-01
-5.092980805784463882e-03
-3.799949288368225098e-01
-1.111086487770080566e+00
-4.864617586135864258e-01
1.943815946578979492e+00
-1.236013054847717285e+00
-4.088535904884338379e-01
-3.204623982310295105e-02
-2.022739797830581665e-01
1.685936748981475830e-01
5.972269922494888306e-02
8.919401466846466064e-02
2.080055773258209229e-01
-1.208351612091064453e+00
4.577147364616394043e-01
-4.654553160071372986e-02
-2.705828845500946045e-01
-1.627112478017807007e-01
6.365998089313507080e-02
-1.739623993635177612e-01
3.296574354171752930e-01
-5.385309830307960510e-02
1.044447049498558044e-01
3.993845283985137939e-01
5.033115670084953308e-02
-1.213756054639816284e-01
8.264351636171340942e-02
2.930050194263458252e-01
-4.561178684234619141e-01
-3.072566688060760498e-01
6.773352026939392090e-01
1.692502349615097046e-01
-3.491532504558563232e-01
-2.286906912922859192e-02
-7.686735391616821289e-01
-2.220219224691390991e-01
-2.296143174171447754e-01
1.481116563081741333e-01
-3.486500084400177002e-01
-2.445761114358901978e-01
-8.036414980888366699e-01
1.885755807161331177e-01
-4.531848728656768799e-01
-3.976121544837951660e-01
-1.637587904930114746e+00
8.261944651603698730e-01
1.262097239494323730e+00
1.362366318702697754e+00
3.496848344802856445e-01
-6.427112966775894165e-02
5.639314651489257812e-01
9.396461844444274902e-01
-3.674887120723724365e-01
-1.140244007110595703e+00
9.389391541481018066e-01
-1.214559674263000488e+00
-5.378608778119087219e-02
-6.363537311553955078e-01
8.703994154930114746e-01
-8.388319015502929688e-01
-9.807634353637695312e-01
-2.612701654434204102e-01
-3.443149924278259277e-01
-4.830771982669830322e-01
8.652297854423522949e-01
-2.003026455640792847e-01
2.717441320419311523e-01
3.615997433662414551e-01
-5.806975364685058594e-01
-5.659007430076599121e-01
1.213106289505958557e-01
8.674211502075195312e-01
-8.523047566413879395e-01
1.612495252629742026e-04
4.337308406829833984e-01
-3.995190490968525410e-04
3.014098107814788818e-01
-3.475998342037200928e-01
8.774888515472412109e-02
-5.465195178985595703e-01
-1.016023829579353333e-01
-3.133208453655242920e-01
1.216393988579511642e-02
5.509054064750671387e-01
3.225547075271606445e-02
7.516413927078247070e-01
1.802176475524902344e+00
-8.440663218498229980e-01
7.028644084930419922e-01
-1.199228921905159950e-03
-9.057095646858215332e-01
4.655014574527740479e-01
-4.085147753357887268e-03
1.191437840461730957e+00
1.662405490875244141e+00
8.511914014816284180e-01
9.456488490104675293e-02
-7.498344182968139648e-01
1.260610073804855347e-01
3.664472699165344238e-01
5.367680788040161133e-01
-2.133367359638214111e-01
9.605520218610763550e-02
-2.285686880350112915e-01
-1.280446946620941162e-01
2.862319648265838623e-01
1.566094011068344116e-01
-4.151963889598846436e-01
1.660456657409667969e+00
5.588707923889160156e-01
2.109143882989883423e-02
-1.565364599227905273e-01
-3.284724056720733643e-01
5.994472652673721313e-02
7.715751230716705322e-02
9.911722689867019653e-02
1.377966850996017456e-01
2.334567531943321228e-02
-3.962334990501403809e-01
3.033908307552337646e-01
-4.849414825439453125e-01
-7.279561161994934082e-01
7.715797424316406250e-02
-1.342744976282119751e-01
-4.993558526039123535e-01
8.332188725471496582e-01
7.012310624122619629e-01
4.949057102203369141e-01
-7.100754976272583008e-02
3.415924012660980225e-01
-5.161389708518981934e-01
-9.726852774620056152e-01
-2.437766455113887787e-02
-4.901749268174171448e-02
5.331891179084777832e-01
8.278173208236694336e-02
4.006120562553405762e-01
5.010148882865905762e-01
7.416523694992065430e-01
-4.175991714000701904e-01
-2.478071898221969604e-01
-8.864465355873107910e-01
1.547337055206298828e+00
-2.278870940208435059e-01
-2.454981207847595215e-01
-2.912268340587615967e-01
6.638518571853637695e-01
5.172880291938781738e-01
-1.177259311079978943e-01
2.026613205671310425e-01
1.678139805793762207e+00
-1.822262644767761230e+00
-4.006341472268104553e-02
-5.335848033428192139e-02
4.321458339691162109e-01
6.016259789466857910e-01
-2.719826400279998779e-01
-9.048159122467041016e-01
-4.513796269893646240e-01
1.699809074401855469e+00
1.530135981738567352e-02
1.435530930757522583e-01
-2.001879662275314331e-01
4.856601059436798096e-01
-2.918720245361328125e-01
4.184888303279876709e-01
2.407174706459045410e-01
-3.407833278179168701e-01
1.756536066532135010e-01
-2.120395377278327942e-02
4.016631245613098145e-01
-3.528368175029754639e-01
8.095451593399047852e-01
-3.512106239795684814e-01
-2.969322353601455688e-02
-6.445121765136718750e-02
1.756405085325241089e-01
1.007290244102478027e+00
2.632612921297550201e-02
-3.250099420547485352e-01
1.806738525629043579e-01
-4.938217401504516602e-01
4.868894070386886597e-02
-1.768977008759975433e-02
-3.711688816547393799e-01
-5.454475879669189453e-01
1.540043115615844727e+00
8.286321163177490234e-01
8.074872195720672607e-02
-3.960109874606132507e-02
1.352963745594024658e-01
4.191958010196685791e-01
-2.906419634819030762e-01
1.191423296928405762e+00
2.823456525802612305e-01
-9.992696642875671387e-01
-2.786429822444915771e-01
2.404601871967315674e-01
-1.655781269073486328e+00
1.613096445798873901e-01
-1.116892248392105103e-01
3.537170588970184326e-01
6.432545185089111328e-02
4.081142544746398926e-01
-3.239609301090240479e-01
-3.050163686275482178e-01
2.441129088401794434e-01
7.878241688013076782e-02
3.823713362216949463e-01
-3.501368463039398193e-01
2.123460471630096436e-01
8.248072266578674316e-01
-5.186370611190795898e-01
-3.063324391841888428e-01
-1.823409795761108398e-01
3.649461567401885986e-01
9.977027177810668945e-01
1.346259862184524536e-01
-6.859450340270996094e-01
-1.474412202835083008e+00
5.809500217437744141e-01
-2.799971960484981537e-02
2.254038751125335693e-01
5.131393074989318848e-01
9.317444562911987305e-01
1.104436039924621582e+00
3.710830688476562500e+00
-1.317661643028259277e+00
-7.452277541160583496e-01
-2.692589044570922852e+00
2.438139468431472778e-01
-8.984027504920959473e-01
1.033474087715148926e+00
-4.501002132892608643e-01
8.795768618583679199e-01
1.607573986053466797e+00
-1.896258234977722168e+00
1.445228576660156250e+00
3.877463042736053467e-01
6.861796379089355469e-01
-1.496799945831298828e+00
-1.692750602960586548e-01
-3.032687492668628693e-02
-3.263597488403320312e+00
2.389776229858398438e+00
-2.941177606582641602e+00
7.401447772979736328e+00
-3.025729954242706299e-01
-2.211332559585571289e+00
-2.447930097579956055e+00
-5.827725887298583984e+00
1.121320843696594238e+00
-5.695691108703613281e-01
-1.312683820724487305e+00
8.993123173713684082e-01
-3.075422048568725586e-01
-1.943290978670120239e-01
-1.629607975482940674e-01
8.117855191230773926e-01
-5.273354053497314453e-01
9.788513183593750000e-01
9.423058480024337769e-02
-6.878878474235534668e-01
-7.462763190269470215e-01
1.149959683418273926e+00
-8.201774358749389648e-01
-1.085822820663452148e+00
8.365833163261413574e-01
1.758831739425659180e+00
1.295510888099670410e+00
2.707825601100921631e-01
-6.926833838224411011e-02
4.278078377246856689e-01
-4.771781265735626221e-01
-1.418978627771139145e-02
-1.836108267307281494e-01
7.515098452568054199e-01
-2.020170837640762329e-01
7.187337279319763184e-01
2.232820838689804077e-01
3.214036300778388977e-02
-1.354064559563994408e-03
6.569238305091857910e-01
1.583635687828063965e+00
