1.939348030090332031e+01
4.309698581695556641e+00
1.561688137054443359e+01
6.280384063720703125e+00
6.376094341278076172e+00
1.562443637847900391e+01
3.081748008728027344e+00
1.575938701629638672e+01
1.544508552551269531e+01
1.874277877807617188e+01
2.153189182281494141e+00
3.170970439910888672e+00
4.687303602695465088e-01
-1.109768152236938477e+00
-5.567467585206031799e-02
1.482796311378479004e+00
1.411129832267761230e+00
2.664787054061889648e+00
-7.520554065704345703e-01
1.412088274955749512e+00
1.516225576400756836e+00
-9.955503046512603760e-02
3.844805240631103516e+00
1.117550849914550781e+00
-7.628674983978271484e+00
4.379808902740478516e+00
6.885350227355957031e+00
-5.013168334960937500e+00
2.883346557617187500e+00
7.957900762557983398e-01
4.856280982494354248e-01
-1.305653750896453857e-01
-4.757441580295562744e-01
2.088476657867431641e+00
9.474356770515441895e-01
7.017396092414855957e-01
4.627919495105743408e-01
2.022273540496826172e+00
-5.110856056213378906e+00
-5.252110004425048828e+00
-7.497904896736145020e-01
-4.043990612030029297e+00
1.029340934753417969e+01
2.949019670486450195e-01
-1.378048360347747803e-01
4.411916732788085938e+00
2.980213642120361328e+00
5.262945652008056641e+00
7.611812114715576172e+00
-5.708766579627990723e-01
-1.834936618804931641e+00
3.384001970291137695e+00
1.331758201122283936e-01
-1.028629302978515625e+00
-4.402835965156555176e-01
-1.088173270225524902e+00
8.234043121337890625e+00
-1.594976067543029785e+00
1.698584198951721191e+00
3.745879828929901123e-01
1.255227804183959961e+00
1.641875505447387695e+00
3.540173053741455078e+00
2.880887091159820557e-01
1.574042797088623047e+00
-9.941063523292541504e-01
1.844492107629776001e-01
1.096311330795288086e+00
1.465197443962097168e+00
7.246285676956176758e-01
3.041629314422607422e+00
1.157268643379211426e+00
2.232774496078491211e+00
1.874942302703857422e+00
1.041582942008972168e+00
-9.584819078445434570e-01
3.423160791397094727e+00
2.440459012985229492e+00
3.432992696762084961e+00
3.496295690536499023e+00
4.278584420680999756e-01
-3.501664876937866211e+00
-2.766891479492187500e+00
2.003608226776123047e+00
-1.583220243453979492e+00
1.262642621994018555e+00
-1.394327431917190552e-01
9.716274142265319824e-01
2.830918133258819580e-01
-1.596754193305969238e-01
1.064151525497436523e+00
6.421953439712524414e-01
-1.980615258216857910e+00
6.329600334167480469e+00
3.000928878784179688e+00
6.511785984039306641e-01
6.994460105895996094e+00
1.184737443923950195e+00
1.396806072443723679e-02
-6.262562274932861328e-01
-2.920480012893676758e+00
-1.975891590118408203e+00
3.314940929412841797e+00
-6.645105361938476562e+00
-7.526610493659973145e-01
1.688326716423034668e+00
1.137269496917724609e+01
3.139736413955688477e+00
2.336566448211669922e+00
1.308228611946105957e+00
1.565436124801635742e+00
-2.331482648849487305e+00
-6.053739070892333984e+00
1.291801571846008301e+00
-6.075755357742309570e-01
1.603877663612365723e+00
-2.475186824798583984e+00
2.087571173906326294e-01
1.591112852096557617e+00
2.254316955804824829e-01
1.273506045341491699e+00
4.076368808746337891e+00
8.860259056091308594e-01
-8.085496425628662109e-01
3.522144556045532227e-01
-3.581658005714416504e-01
5.835908651351928711e-01
2.362876892089843750e+00
-4.657757580280303955e-01
1.264682531356811523e+00
3.673639297485351562e+00
1.769349724054336548e-02
6.489701271057128906e+00
2.654409110546112061e-01
-1.036316680908203125e+01
5.320413112640380859e+00
7.963752269744873047e+00
-5.711579799652099609e+00
3.577272891998291016e+00
1.784051775932312012e+00
1.643304228782653809e+00
1.038563966751098633e+00
-6.204190663993358612e-03
2.812276601791381836e+00
1.751120090484619141e+00
-1.614344716072082520e-01
9.638851284980773926e-01
1.411926031112670898e+00
-9.428804397583007812e+00
-7.578385353088378906e+00
-2.921927690505981445e+00
-4.708675861358642578e+00
1.342338371276855469e+01
3.148013949394226074e-01
-9.629400372505187988e-01
7.085070610046386719e+00
3.480351448059082031e+00
6.909180641174316406e+00
9.570409774780273438e+00
7.075054049491882324e-01
-3.091428995132446289e+00
5.231946468353271484e+00
-4.693452268838882446e-03
-4.949752986431121826e-01
-2.201265573501586914e+00
-1.704394817352294922e+00
9.655231475830078125e+00
-1.160726904869079590e+00
1.534829258918762207e+00
8.874192833900451660e-01
1.515054821968078613e+00
3.700560569763183594e+00
4.880749702453613281e+00
1.275990605354309082e+00
2.692848443984985352e+00
3.974549293518066406e+00
6.526139736175537109e+00
-3.338583409786224365e-01
2.567129850387573242e+00
-4.060439586639404297e+00
6.620691299438476562e+00
-7.910161614418029785e-01
-4.960071563720703125e+00
4.804638028144836426e-01
-1.531034469604492188e+00
-3.935214757919311523e+00
-6.113707423210144043e-01
3.572781562805175781e+00
-5.961781978607177734e+00
5.875863075256347656e+00
6.153527259826660156e+00
-1.277077388763427734e+01
-9.196278572082519531e+00
1.979385972023010254e+00
4.193339496850967407e-02
-3.359337747097015381e-01
-9.502435326576232910e-01
2.993940114974975586e+00
8.651843070983886719e-01
-8.362576961517333984e-01
-3.100036859512329102e+00
7.396970391273498535e-01
-8.433283805847167969e+00
1.132333946228027344e+01
7.487668514251708984e+00
-2.584064900875091553e-01
1.035903263092041016e+01
-6.740911602973937988e-01
3.663384675979614258e+00
-9.644282341003417969e+00
-9.513232231140136719e+00
1.609397411346435547e+00
5.289050579071044922e+00
-2.053862190246582031e+01
7.561954855918884277e-01
5.953848838806152344e+00
2.013959503173828125e+01
2.189380884170532227e+00
5.045062541961669922e+00
-1.815746188163757324e+00
-1.449685096740722656e+00
4.698004722595214844e-01
-1.066795349121093750e+01
1.233385130763053894e-02
2.834546864032745361e-01
-1.261923432350158691e+00
3.873218059539794922e+00
3.428711295127868652e-01
-1.323834210634231567e-01
-1.822531521320343018e-01
-3.075668573379516602e+00
2.860097587108612061e-01
