<!doctype html>
<html lang="en">
<head>
<meta charset="utf-8"/>
<title>GT Strength Emulator (dual view)</title>
<meta name="viewport" content="width=device-width, initial-scale=1"/>
<script src="https://cdn.plot.ly/plotly-2.30.0.min.js"></script>
<script src="https://cdnjs.cloudflare.com/ajax/libs/numeric/1.2.6/numeric.min.js"></script>
<style>
  /* Narrower centered page so plots aren't too wide */
  html, body {
    margin: 0; padding: 0; width: 100%; height: 100%;
    font-family: system-ui,-apple-system,'Segoe UI',Roboto,Helvetica,Arial,sans-serif;
    background: #fff; overflow: hidden; display: flex; justify-content: center;
  }
  .page {
    width: 100%; height: 100%;
    max-width: 1100px;
    display: flex; flex-direction: column;
  }
  .row { display: flex; flex-direction: column; width: 100%; height: 100%; }
  #fig { flex: 1 1 auto; min-height: 0; border: none; }

  /* Top control panel */
  #panel {
    flex: 0 0 auto; border-bottom: 1px solid #e5e7eb; padding: 10px 14px;
    box-sizing: border-box; display: flex; gap: 18px; align-items: center;
  }
  #panel > div { flex: 1; }

  /* Larger fonts */
  .label { font-size: 20px; color: #374151; display: block; margin-bottom: 2px; }
  .value { font-weight: 700; margin-left: 6px; font-size: 18px; }
  input[type="range"] { width: 100%; }

  /* Half-life card: big and bold */
  .hl-card {
    flex-basis: 420px; border: 1px solid #e5e7eb; border-radius: 12px; padding: 12px 16px;
    background: #fff; box-shadow: 0 1px 2px rgba(0,0,0,0.06);
  }
  .hl-title { margin: 0 0 6px 0; font-size: 20px; color: #111827; font-weight: 800; }
  .hl-value { font-size: 52px; font-weight: 900; letter-spacing: 0.2px; line-height: 1.05; }
</style>
</head>
<body>
<div class="page">
  <div class="row">
    <div id="panel">
      <div>
        <span class="label">V0<sup>is</sup> <span id="alphaVal" class="value"></span></span>
        <input id="alpha" type="range" min="0.286" max="1.714" step="0.01" value="1.000">
      </div>
      <div>
        <span class="label">g0 <span id="betaVal" class="value"></span></span>
        <input id="beta" type="range" min="0.143" max="0.857" step="0.01" value="0.500">
      </div>
      <div class="hl-card">
        <p class="hl-title">Predicted half-life</p>
        <div class="hl-value" id="hlVal">—</div>
      </div>
    </div>
    <div id="fig"></div>
  </div>
</div>

<script>
"use strict";
const DATA = {"D":[[1.520756888504426,0.0,0.0,0.0,0.0,0.0,0.0,0.0,0.0,0.0,0.0,0.0,0.0,0.0,0.0,0.0],[0.0,-3.181266401476001,0.0,0.0,0.0,0.0,0.0,0.0,0.0,0.0,0.0,0.0,0.0,0.0,0.0,0.0],[0.0,0.0,0.08003647994670345,0.0,0.0,0.0,0.0,0.0,0.0,0.0,0.0,0.0,0.0,0.0,0.0,0.0],[0.0,0.0,0.0,-1.0674135187427793,0.0,0.0,0.0,0.0,0.0,0.0,0.0,0.0,0.0,0.0,0.0,0.0],[0.0,0.0,0.0,0.0,0.06653442015049522,0.0,0.0,0.0,0.0,0.0,0.0,0.0,0.0,0.0,0.0,0.0],[0.0,0.0,0.0,0.0,0.0,0.0673307165309918,0.0,0.0,0.0,0.0,0.0,0.0,0.0,0.0,0.0,0.0],[0.0,0.0,0.0,0.0,0.0,0.0,-0.6496134340241277,0.0,0.0,0.0,0.0,0.0,0.0,0.0,0.0,0.0],[0.0,0.0,0.0,0.0,0.0,0.0,0.0,-1.9983681195731755,0.0,0.0,0.0,0.0,0.0,0.0,0.0,0.0],[0.0,0.0,0.0,0.0,0.0,0.0,0.0,0.0,-2.822016124075352,0.0,0.0,0.0,0.0,0.0,0.0,0.0],[0.0,0.0,0.0,0.0,0.0,0.0,0.0,0.0,0.0,-6.2843962407514615,0.0,0.0,0.0,0.0,0.0,0.0],[0.0,0.0,0.0,0.0,0.0,0.0,0.0,0.0,0.0,0.0,0.7574738905004207,0.0,0.0,0.0,0.0,0.0],[0.0,0.0,0.0,0.0,0.0,0.0,0.0,0.0,0.0,0.0,0.0,-5.220559312145273,0.0,0.0,0.0,0.0],[0.0,0.0,0.0,0.0,0.0,0.0,0.0,0.0,0.0,0.0,0.0,0.0,2.2691922975802186,0.0,0.0,0.0],[0.0,0.0,0.0,0.0,0.0,0.0,0.0,0.0,0.0,0.0,0.0,0.0,0.0,6.940057286876573,0.0,0.0],[0.0,0.0,0.0,0.0,0.0,0.0,0.0,0.0,0.0,0.0,0.0,0.0,0.0,0.0,-1.7528878539712816,0.0],[0.0,0.0,0.0,0.0,0.0,0.0,0.0,0.0,0.0,0.0,0.0,0.0,0.0,0.0,0.0,0.8855641992194098]],"S1":[[-2.575031557256124,0.01615860785989504,1.255851976334994,0.18518918252041738,-0.3446093730750583,0.5758676242935817,-0.05513284337937454,0.23897049163857742,-0.04322923491930301,0.2896473509838158,0.1280934048262192,-0.8589923440258674,-0.7773506228294662,0.8536758205611187,-0.4162610359667398,0.6207559881445082],[0.01615860785989504,0.018065902556055717,-0.23250915432581423,0.25096983726310174,0.10148996281801241,0.022178704231248517,-0.0385657754134054,0.10187049059605117,-0.02359290845141895,0.4703804231565521,-0.25326409450703,0.03241928091619076,0.18846567842193984,-0.5600376801901294,-0.2945722278990734,-0.14960643739548796],[1.255851976334994,-0.23250915432581423,-1.164690637011349,0.04436360028064748,0.6971064520992897,-0.7534340118982101,0.01599333627684104,-0.5564397177865515,-0.36380403025212443,1.1476237211077045,-0.2915597086728746,0.6504048241356937,2.1393152531982245,-1.07927974551745,0.4925384309217792,-0.427566516720616],[0.18518918252041738,0.25096983726310174,0.04436360028064748,-0.004490048235299602,0.14783779959209875,-0.4064594115327302,0.004829104877573314,0.1637464840431917,0.28147681579684375,-1.1202031987572592,0.3432162469966061,0.30179602189927923,-0.6875826408073442,0.20492150061650882,-0.07700690376714461,0.181153522404239],[-0.3446093730750583,0.10148996281801241,0.6971064520992897,0.14783779959209875,-0.6712268535950833,0.5601826764954286,-0.019842906338556544,0.7639762747242012,0.24715933235455018,-0.3208793047819424,0.24513317717234323,-0.5921421016316532,-0.8136177552543873,0.6547626614641563,-0.8750082391506944,-0.2620158244271283],[0.5758676242935817,0.022178704231248517,-0.7534340118982101,-0.4064594115327302,0.5601826764954286,-0.7314735562142203,0.07581905994876532,-1.2778721871248424,-0.13192395107503663,-0.3728616380696423,-0.12722684259786393,0.7555208419209435,-0.43421888897798394,-0.436477089459867,1.5774946888935808,0.05956571758499038],[-0.05513284337937454,-0.0385657754134054,0.01599333627684104,0.004829104877573314,-0.019842906338556544,0.07581905994876532,-0.007176227580356915,-0.003945266553971195,-0.045613591656851804,0.4518450425457083,-0.13066916292635025,-0.055544461163502805,0.07145839092229825,-0.24247370064639165,0.06607143115329543,-0.14755517844237243],[0.23897049163857742,0.10187049059605117,-0.5564397177865515,0.1637464840431917,0.7639762747242012,-1.2778721871248424,-0.003945266553971195,0.23100974200065635,0.037609617814033096,-1.195137174614485,-0.1665879536266603,0.7101034618975023,-0.35207825622323596,-0.03972318834442062,-0.3164359480234241,0.09451240944059704],[-0.04322923491930301,-0.02359290845141895,-0.36380403025212443,0.28147681579684375,0.24715933235455018,-0.13192395107503663,-0.045613591656851804,0.037609617814033096,0.04544334966975252,0.2892094928509703,-0.28618056822137117,0.1806320252626789,0.2861229362028791,-0.3831058073562429,-0.2566154704249475,-0.06732815284917612],[0.2896473509838158,0.4703804231565521,1.1476237211077045,-1.1202031987572592,-0.3208793047819424,-0.3728616380696423,0.4518450425457083,-1.195137174614485,0.2892094928509703,-2.1933298386672093,0.4068173243077686,0.36728097986018543,-0.3742698167617783,0.43796468706099106,2.0074175151896263,-0.1425457050652077],[0.1280934048262192,-0.25326409450703,-0.2915597086728746,0.3432162469966061,0.24513317717234323,-0.12722684259786393,-0.13066916292635025,-0.1665879536266603,-0.28618056822137117,0.4068173243077686,0.478527782089427,0.09864372197542558,1.0215353960697278,0.05220690375591211,0.04872459739384652,0.2151648406799763],[-0.8589923440258674,0.03241928091619076,0.6504048241356937,0.30179602189927923,-0.5921421016316532,0.7555208419209435,-0.055544461163502805,0.7101034618975023,0.1806320252626789,0.36728097986018543,0.09864372197542558,-1.7029996210866767,-0.6390481753907132,0.3600605243959965,-0.580713140624102,-0.31351429438638206],[-0.7773506228294662,0.18846567842193984,2.1393152531982245,-0.6875826408073442,-0.8136177552543873,-0.43421888897798394,0.07145839092229825,-0.35207825622323596,0.2861229362028791,-0.3742698167617783,1.0215353960697278,-0.6390481753907132,-2.2512081978151315,1.5661835998208329,1.2397236551347286,-0.026117463895109425],[0.8536758205611187,-0.5600376801901294,-1.07927974551745,0.20492150061650882,0.6547626614641563,-0.436477089459867,-0.24247370064639165,-0.03972318834442062,-0.3831058073562429,0.43796468706099106,0.05220690375591211,0.3600605243959965,1.5661835998208329,-0.18481041396774314,-0.40256422352100146,-0.14841999438974188],[-0.4162610359667398,-0.2945722278990734,0.4925384309217792,-0.07700690376714461,-0.8750082391506944,1.5774946888935808,0.06607143115329543,-0.3164359480234241,-0.2566154704249475,2.0074175151896263,0.04872459739384652,-0.580713140624102,1.2397236551347286,-0.40256422352100146,0.3834618115976254,-0.3335133206105506],[0.6207559881445082,-0.14960643739548796,-0.427566516720616,0.181153522404239,-0.2620158244271283,0.05956571758499038,-0.14755517844237243,0.09451240944059704,-0.06732815284917612,-0.1425457050652077,0.2151648406799763,-0.31351429438638206,-0.026117463895109425,-0.14841999438974188,-0.3335133206105506,-0.8240776707735198]],"S2":[[0.8809249702010532,0.8972253765297821,-0.2112040105301604,0.481611584210817,-0.43390150100381675,1.9395292090809222,0.7782765081213512,0.1644502957678814,0.12752625663108122,-0.4720215944954684,0.7044785085854348,0.4516422540871042,0.22570536341380848,0.821094395992186,-0.2916750198612348,-0.04260357532683295],[0.8972253765297821,0.22282771857497685,-0.5713925604786971,-0.11600566501657272,0.18584432182014238,0.23504813276779335,-0.23894426118261333,0.2774801715301788,-0.19459244624757022,-0.5116072854870041,0.02322782933279602,0.7380523398099254,-0.577283734095547,1.4748169678195517,-0.8372735675327883,0.3625719204860133],[-0.2112040105301604,-0.5713925604786971,-1.019417712101096,0.7962425721717257,1.5746820344130918,-1.7060190611608215,0.06854442497597524,-0.22607511890933568,-0.4989468388552706,0.13183213635807678,-1.0469470503084477,-0.8572674097891881,-1.27615845498263,0.37722101306690353,0.06313825384288704,-0.5209734259656841],[0.481611584210817,-0.11600566501657272,0.7962425721717257,0.9877849618534054,0.3665045047847064,0.26042724624157787,0.2621626608179491,0.6362957431531193,0.07653242035342225,-0.7625181452692534,-0.2682084816081691,0.0172739805358812,-1.0017869305321452,2.0299540908582494,0.1024753652156325,-0.5410274122553494],[-0.43390150100381675,0.18584432182014238,1.5746820344130918,0.3665045047847064,0.19434972281852092,1.2108414619095027,0.23805719079516707,0.10437918066201383,-0.11440346374142382,0.334013158012073,0.8826472277498352,0.41880310692043893,0.5300989832028707,1.5474516615637146,0.1819577182168562,-0.9351680780722887],[1.9395292090809222,0.23504813276779335,-1.7060190611608215,0.26042724624157787,1.2108414619095027,-0.2905601419520373,-0.10625026433532125,0.3028842585518878,-0.2167038898337201,-1.4530257291296231,-0.5671239008026434,-0.5131422232217061,-0.11599173852367202,-0.6225320223510112,-0.07695542350925479,-0.3930403164742119],[0.7782765081213512,-0.23894426118261333,0.06854442497597524,0.2621626608179491,0.23805719079516707,-0.10625026433532125,1.854581856055067,-0.3902870735979379,-0.5616789762372746,-0.07218257374751126,-0.9702840260934407,-0.5178816887585778,-0.08393481784960286,1.8225229873650486,-0.2748261078520927,-0.1636450395479792],[0.1644502957678814,0.2774801715301788,-0.22607511890933568,0.6362957431531193,0.10437918066201383,0.3028842585518878,-0.3902870735979379,1.3245138315904725,0.14277876196025413,-1.592891395084163,-1.2836663581620589,-0.9634384827872015,-2.1839837484205176,0.45332188472503543,-0.7248038280395964,-0.3168186054727898],[0.12752625663108122,-0.19459244624757022,-0.4989468388552706,0.07653242035342225,-0.11440346374142382,-0.2167038898337201,-0.5616789762372746,0.14277876196025413,0.16637032750968533,-0.5715976189842392,-0.9081887732877855,0.7775571769788455,-0.17017101820891037,-0.5355384285166772,-0.640746351623153,0.3777694849517386],[-0.4720215944954684,-0.5116072854870041,0.13183213635807678,-0.7625181452692534,0.334013158012073,-1.4530257291296231,-0.07218257374751126,-1.592891395084163,-0.5715976189842392,-0.7919276826559597,-0.17042526260524724,-1.348147301932237,0.3172663163204561,-0.15085666148199425,2.2075763188994872,0.21153131061203173],[0.7044785085854348,0.02322782933279602,-1.0469470503084477,-0.2682084816081691,0.8826472277498352,-0.5671239008026434,-0.9702840260934407,-1.2836663581620589,-0.9081887732877855,-0.17042526260524724,-0.7940890038867812,-1.5438984934575644,-2.5111170827891116,-1.0595902377739606,0.8146381753212933,-0.04812444797345846],[0.4516422540871042,0.7380523398099254,-0.8572674097891881,0.0172739805358812,0.41880310692043893,-0.5131422232217061,-0.5178816887585778,-0.9634384827872015,0.7775571769788455,-1.348147301932237,-1.5438984934575644,0.11915740961998902,-1.0110632259591126,0.4674781904027212,-0.0325503082372986,0.29450998828310554],[0.22570536341380848,-0.577283734095547,-1.27615845498263,-1.0017869305321452,0.5300989832028707,-0.11599173852367202,-0.08393481784960286,-2.1839837484205176,-0.17017101820891037,0.3172663163204561,-2.5111170827891116,-1.0110632259591126,-5.007425612175664,-1.1007621253036937,2.8385036479223364,0.5415519482086498],[0.821094395992186,1.4748169678195517,0.37722101306690353,2.0299540908582494,1.5474516615637146,-0.6225320223510112,1.8225229873650486,0.45332188472503543,-0.5355384285166772,-0.15085666148199425,-1.0595902377739606,0.4674781904027212,-1.1007621253036937,6.186752920682939,0.6596805788824907,-1.5368565104274616],[-0.2916750198612348,-0.8372735675327883,0.06313825384288704,0.1024753652156325,0.1819577182168562,-0.07695542350925479,-0.2748261078520927,-0.7248038280395964,-0.640746351623153,2.2075763188994872,0.8146381753212933,-0.0325503082372986,2.8385036479223364,0.6596805788824907,1.4481516890039103,-0.3193033831280441],[-0.04260357532683295,0.3625719204860133,-0.5209734259656841,-0.5410274122553494,-0.9351680780722887,-0.3930403164742119,-0.1636450395479792,-0.3168186054727898,0.3777694849517386,0.21153131061203173,-0.04812444797345846,0.29450998828310554,0.5415519482086498,-1.5368565104274616,-0.3193033831280441,1.1659817123134892]],"v0":[0.954344597871042,0.8117086810249575,0.7250721129729397,1.48181751924837,1.9074494988267188,0.7866678109682099,1.2956037369989104,0.8570560949886675,-0.8558548651672508,-0.18260321548994712,0.22200985003077103,-0.5745344154372686,-0.594841740033159,6.04192472723238,0.6734121017854622,-2.755031556003633],"fold":6.87533416512056e-12,"x1":-0.5160750660247748,"x2":0.0025444829388367317,"x3":0.01138562895764345,"omega":[-8.0,-7.984981226533167,-7.969962453066333,-7.954943679599499,-7.939924906132666,-7.924906132665832,-7.909887359198999,-7.894868585732166,-7.8798498122653315,-7.864831038798498,-7.849812265331664,-7.834793491864831,-7.819774718397998,-7.804755944931164,-7.78973717146433,-7.774718397997497,-7.759699624530663,-7.74468085106383,-7.729662077596997,-7.7146433041301625,-7.699624530663329,-7.684605757196495,-7.669586983729662,-7.654568210262829,-7.639549436795995,-7.624530663329161,-7.609511889862328,-7.594493116395494,-7.579474342928661,-7.564455569461828,-7.5494367959949935,-7.53441802252816,-7.519399249061327,-7.504380475594493,-7.48936170212766,-7.4743429286608265,-7.459324155193992,-7.444305381727159,-7.429286608260325,-7.414267834793492,-7.399249061326659,-7.3842302878598245,-7.369211514392991,-7.354192740926158,-7.339173967459324,-7.324155193992491,-7.3091364205256575,-7.294117647058823,-7.27909887359199,-7.264080100125156,-7.249061326658323,-7.23404255319149,-7.2190237797246555,-7.204005006257822,-7.188986232790989,-7.173967459324155,-7.158948685857322,-7.1439299123904885,-7.128911138923654,-7.113892365456821,-7.098873591989987,-7.083854818523154,-7.068836045056321,-7.053817271589487,-7.038798498122653,-7.02377972465582,-7.008760951188986,-6.993742177722153,-6.9787234042553195,-6.963704630788485,-6.948685857321652,-6.933667083854818,-6.918648310387985,-6.9036295369211516,-6.888610763454318,-6.873591989987484,-6.858573216520651,-6.843554443053817,-6.828535669586984,-6.81351689612015,-6.798498122653317,-6.783479349186483,-6.76846057571965,-6.753441802252816,-6.7384230287859825,-6.723404255319149,-6.708385481852315,-6.693366708385482,-6.678347934918648,-6.663329161451815,-6.648310387984981,-6.633291614518148,-6.618272841051314,-6.603254067584481,-6.588235294117647,-6.5732165206508135,-6.55819774718398,-6.543178973717146,-6.528160200250313,-6.513141426783479,-6.498122653316646,-6.483103879849812,-6.468085106382979,-6.453066332916145,-6.438047559449312,-6.423028785982478,-6.4080100125156445,-6.392991239048811,-6.377972465581978,-6.362953692115144,-6.347934918648311,-6.332916145181477,-6.317897371714643,-6.30287859824781,-6.287859824780976,-6.272841051314143,-6.257822277847309,-6.2428035043804755,-6.227784730913642,-6.212765957446809,-6.197747183979975,-6.182728410513142,-6.167709637046308,-6.152690863579474,-6.137672090112641,-6.122653316645807,-6.107634543178974,-6.09261576971214,-6.0775969962453065,-6.062578222778473,-6.04755944931164,-6.032540675844806,-6.017521902377973,-6.002503128911139,-5.987484355444305,-5.972465581977472,-5.957446808510639,-5.942428035043805,-5.927409261576971,-5.9123904881101375,-5.897371714643304,-5.882352941176471,-5.867334167709637,-5.852315394242804,-5.83729662077597,-5.822277847309136,-5.807259073842303,-5.79224030037547,-5.777221526908636,-5.762202753441802,-5.747183979974968,-5.732165206508135,-5.717146433041302,-5.702127659574469,-5.687108886107635,-5.6720901126408005,-5.657071339173967,-5.642052565707134,-5.627033792240301,-5.612015018773467,-5.5969962453066335,-5.581977471839799,-5.566958698372966,-5.551939924906133,-5.5369211514393,-5.521902377972466,-5.5068836045056315,-5.491864831038798,-5.476846057571965,-5.461827284105132,-5.446808510638298,-5.4317897371714645,-5.41677096370463,-5.401752190237797,-5.386733416770964,-5.371714643304131,-5.356695869837297,-5.3416770963704625,-5.326658322903629,-5.311639549436796,-5.296620775969963,-5.28160200250313,-5.2665832290362955,-5.251564455569461,-5.236545682102628,-5.221526908635795,-5.206508135168962,-5.191489361702128,-5.176470588235294,-5.16145181476846,-5.146433041301627,-5.131414267834794,-5.116395494367961,-5.1013767209011265,-5.086357947434292,-5.071339173967459,-5.056320400500626,-5.041301627033793,-5.026282853566959,-5.011264080100125,-4.996245306633291,-4.981226533166458,-4.966207759699625,-4.951188986232792,-4.9361702127659575,-4.921151439299123,-4.90613266583229,-4.891113892365457,-4.876095118898624,-4.8610763454317905,-4.846057571964956,-4.831038798498122,-4.816020025031289,-4.801001251564456,-4.785982478097623,-4.7709637046307884,-4.755944931163955,-4.740926157697121,-4.725907384230288,-4.710888610763455,-4.695869837296621,-4.680851063829787,-4.665832290362953,-4.65081351689612,-4.635794743429287,-4.6207759699624535,-4.605757196495619,-4.590738423028786,-4.575719649561952,-4.560700876095119,-4.545682102628286,-4.530663329161452,-4.515644555694618,-4.500625782227784,-4.485607008760951,-4.470588235294118,-4.4555694618272845,-4.440550688360451,-4.425531914893617,-4.410513141426783,-4.39549436795995,-4.380475594493117,-4.365456821026283,-4.350438047559449,-4.335419274092616,-4.320400500625782,-4.305381727158949,-4.2903629536921155,-4.275344180225282,-4.260325406758448,-4.245306633291614,-4.230287859824781,-4.215269086357948,-4.200250312891114,-4.18523153942428,-4.170212765957447,-4.155193992490613,-4.14017521902378,-4.1251564455569465,-4.110137672090113,-4.095118898623279,-4.080100125156445,-4.065081351689612,-4.050062578222779,-4.035043804755945,-4.020025031289112,-4.005006257822278,-3.989987484355445,-3.9749687108886107,-3.9599499374217775,-3.9449311639549434,-3.92991239048811,-3.914893617021277,-3.899874843554443,-3.8848560700876096,-3.8698372966207764,-3.8548185231539422,-3.839799749687109,-3.824780976220276,-3.8097622027534417,-3.7947434292866085,-3.7797246558197752,-3.764705882352941,-3.749687108886108,-3.734668335419274,-3.7196495619524406,-3.7046307884856073,-3.6896120150187732,-3.67459324155194,-3.659574468085107,-3.6445556946182727,-3.6295369211514394,-3.614518147684606,-3.599499374217772,-3.584480600750939,-3.5694618272841057,-3.5544430538172715,-3.5394242803504383,-3.524405506883604,-3.509386733416771,-3.4943679599499378,-3.4793491864831037,-3.4643304130162704,-3.449311639549437,-3.434292866082603,-3.41927409261577,-3.4042553191489366,-3.3892365456821025,-3.3742177722152693,-3.359198998748436,-3.344180225281602,-3.3291614518147687,-3.3141426783479346,-3.2991239048811014,-3.284105131414268,-3.269086357947434,-3.254067584480601,-3.2390488110137676,-3.2240300375469335,-3.2090112640801003,-3.193992490613267,-3.178973717146433,-3.1639549436795997,-3.1489361702127665,-3.1339173967459324,-3.118898623279099,-3.103879849812265,-3.088861076345432,-3.0738423028785986,-3.0588235294117645,-3.0438047559449313,-3.028785982478098,-3.013767209011264,-2.9987484355444307,-2.9837296620775975,-2.9687108886107634,-2.95369211514393,-2.938673341677097,-2.923654568210263,-2.9086357947434296,-2.8936170212765955,-2.8785982478097623,-2.863579474342929,-2.848560700876095,-2.8335419274092617,-2.8185231539424285,-2.8035043804755944,-2.788485607008761,-2.773466833541928,-2.758448060075094,-2.7434292866082606,-2.7284105131414274,-2.7133917396745932,-2.69837296620776,-2.683354192740926,-2.6683354192740927,-2.6533166458072595,-2.6382978723404253,-2.623279098873592,-2.608260325406759,-2.593241551939925,-2.5782227784730916,-2.5632040050062583,-2.5481852315394242,-2.533166458072591,-2.5181476846057578,-2.5031289111389237,-2.4881101376720904,-2.4730913642052563,-2.458072590738423,-2.44305381727159,-2.4280350438047558,-2.4130162703379225,-2.3979974968710893,-2.382978723404255,-2.367959949937422,-2.3529411764705888,-2.3379224030037546,-2.3229036295369214,-2.307884856070088,-2.292866082603254,-2.277847309136421,-2.2628285356695867,-2.2478097622027535,-2.2327909887359203,-2.217772215269086,-2.202753441802253,-2.1877346683354197,-2.1727158948685856,-2.1576971214017524,-2.142678347934919,-2.127659574468085,-2.112640801001252,-2.0976220275344186,-2.0826032540675845,-2.0675844806007513,-2.052565707133917,-2.037546933667084,-2.0225281602002507,-2.0075093867334166,-1.9924906132665834,-1.9774718397997502,-1.962453066332916,-1.9474342928660828,-1.9324155193992496,-1.9173967459324155,-1.9023779724655823,-1.887359198998749,-1.872340425531915,-1.8573216520650817,-1.8423028785982476,-1.8272841051314144,-1.8122653316645811,-1.797246558197747,-1.7822277847309138,-1.7672090112640806,-1.7521902377972465,-1.7371714643304133,-1.72215269086358,-1.707133917396746,-1.6921151439299127,-1.6770963704630795,-1.6620775969962454,-1.6470588235294121,-1.632040050062578,-1.6170212765957448,-1.6020025031289116,-1.5869837296620775,-1.5719649561952442,-1.556946182728411,-1.541927409261577,-1.5269086357947437,-1.5118898623279104,-1.4968710888610763,-1.4818523153942431,-1.46683354192741,-1.4518147684605758,-1.4367959949937426,-1.4217772215269084,-1.4067584480600752,-1.391739674593242,-1.3767209011264079,-1.3617021276595747,-1.3466833541927414,-1.3316645807259073,-1.316645807259074,-1.3016270337922409,-1.2866082603254068,-1.2715894868585735,-1.2565707133917403,-1.2415519399249062,-1.226533166458073,-1.2115143929912389,-1.1964956195244056,-1.1814768460575724,-1.1664580725907383,-1.151439299123905,-1.1364205256570719,-1.1214017521902377,-1.1063829787234045,-1.0913642052565713,-1.0763454317897372,-1.061326658322904,-1.0463078848560707,-1.0312891113892366,-1.0162703379224034,-1.0012515644555693,-0.9862327909887361,-0.9712140175219028,-0.9561952440550687,-0.9411764705882355,-0.9261576971214023,-0.9111389236545682,-0.8961201501877349,-0.8811013767209017,-0.8660826032540676,-0.8510638297872344,-0.8360450563204012,-0.821026282853567,-0.8060075093867338,-0.7909887359198997,-0.7759699624530665,-0.7609511889862333,-0.7459324155193992,-0.7309136420525659,-0.7158948685857327,-0.7008760951188986,-0.6858573216520654,-0.6708385481852321,-0.655819774718398,-0.6408010012515648,-0.6257822277847316,-0.6107634543178975,-0.5957446808510642,-0.5807259073842301,-0.5657071339173969,-0.5506883604505637,-0.5356695869837296,-0.5206508135168963,-0.5056320400500631,-0.490613266583229,-0.4755944931163958,-0.46057571964956256,-0.44555694618272845,-0.43053817271589523,-0.415519399249062,-0.4005006257822279,-0.38548185231539467,-0.37046307884856056,-0.35544430538172733,-0.3404255319148941,-0.32540675844806,-0.31038798498122677,-0.29536921151439355,-0.28035043804755944,-0.2653316645807262,-0.250312891113893,-0.23529411764705888,-0.22027534418022565,-0.20525657071339154,-0.19023779724655832,-0.1752190237797251,-0.16020025031289098,-0.14518147684605776,-0.13016270337922453,-0.11514392991239042,-0.1001251564455572,-0.08510638297872397,-0.07008760951188986,-0.055068836045056635,-0.04005006257822341,-0.0250312891113893,-0.010012515644556075,0.005006257822277149,0.020025031289110373,0.035043804755945374,0.0500625782227786,0.06508135168961182,0.08010012515644505,0.09511889862327827,0.11013767209011327,0.1251564455569465,0.14017521902377972,0.15519399249061294,0.17021276595744617,0.1852315394242794,0.2002503128911144,0.21526908635794761,0.23028785982478084,0.24530663329161406,0.2603254067584473,0.2753441802252805,0.2903629536921155,0.30538172715894873,0.32040050062578196,0.3354192740926152,0.3504380475594484,0.3654568210262834,0.38047559449311663,0.39549436795994986,0.4105131414267831,0.4255319148936163,0.4405506883604495,0.4555694618272845,0.47058823529411775,0.485607008760951,0.5006257822277842,0.5156445556946174,0.5306633291614524,0.5456821026282856,0.5607008760951189,0.5757196495619521,0.5907384230287853,0.6057571964956185,0.6207759699624535,0.6357947434292868,0.65081351689612,0.6658322903629532,0.6808510638297864,0.6958698372966197,0.7108886107634547,0.7259073842302879,0.7409261576971211,0.7559449311639543,0.7709637046307876,0.7859824780976226,0.8010012515644558,0.816020025031289,0.8310387984981222,0.8460575719649555,0.8610763454317887,0.8760951188986237,0.8911138923654569,0.9061326658322901,0.9211514392991234,0.9361702127659566,0.9511889862327916,0.9662077596996248,0.981226533166458,0.9962453066332912,1.0112640801001245,1.0262828535669577,1.0413016270337927,1.056320400500626,1.0713391739674591,1.0863579474342924,1.1013767209011256,1.1163954943679588,1.1314142678347938,1.146433041301627,1.1614518147684603,1.1764705882352935,1.1914893617021267,1.2065081351689617,1.221526908635795,1.2365456821026282,1.2515644555694614,1.2665832290362946,1.2816020025031278,1.2966207759699628,1.311639549436796,1.3266583229036293,1.3416770963704625,1.3566958698372957,1.3717146433041307,1.386733416770964,1.4017521902377972,1.4167709637046304,1.4317897371714636,1.4468085106382969,1.4618272841051319,1.476846057571965,1.4918648310387983,1.5068836045056315,1.5219023779724647,1.536921151439298,1.551939924906133,1.5669586983729662,1.5819774718397994,1.5969962453066326,1.6120150187734659,1.6270337922403009,1.642052565707134,1.6570713391739673,1.6720901126408005,1.6871088861076338,1.702127659574467,1.717146433041302,1.7321652065081352,1.7471839799749684,1.7622027534418017,1.7772215269086349,1.7922403003754699,1.807259073842303,1.8222778473091363,1.8372966207759696,1.8523153942428028,1.867334167709636,1.882352941176471,1.8973717146433042,1.9123904881101375,1.9274092615769707,1.942428035043804,1.9574468085106371,1.9724655819774721,1.9874843554443054,2.0025031289111386,2.017521902377972,2.032540675844805,2.04755944931164,2.0625782227784732,2.0775969962453065,2.0926157697121397,2.107634543178973,2.122653316645806,2.137672090112641,2.1526908635794744,2.1677096370463076,2.182728410513141,2.197747183979974,2.212765957446809,2.2277847309136423,2.2428035043804755,2.2578222778473087,2.272841051314142,2.287859824780975,2.30287859824781,2.3178973717146434,2.3329161451814766,2.34793491864831,2.362953692115143,2.3779724655819763,2.3929912390488113,2.4080100125156445,2.4230287859824777,2.438047559449311,2.453066332916144,2.468085106382979,2.4831038798498124,2.4981226533166456,2.513141426783479,2.528160200250312,2.5431789737171453,2.5581977471839803,2.5732165206508135,2.5882352941176467,2.60325406758448,2.618272841051313,2.633291614518148,2.6483103879849814,2.6633291614518146,2.678347934918648,2.693366708385481,2.7083854818523143,2.7234042553191493,2.7384230287859825,2.7534418022528158,2.768460575719649,2.783479349186482,2.7984981226533154,2.8135168961201504,2.8285356695869837,2.843554443053817,2.85857321652065,2.8735919899874833,2.8886107634543183,2.9036295369211516,2.918648310387985,2.933667083854818,2.9486858573216512,2.9637046307884845,2.9787234042553195,2.9937421777221527,3.008760951188986,3.023779724655819,3.0387984981226523,3.0538172715894873,3.0688360450563206,3.083854818523154,3.098873591989987,3.1138923654568202,3.1289111389236535,3.1439299123904885,3.1589486858573217,3.173967459324155,3.188986232790988,3.2040050062578214,3.2190237797246546,3.2340425531914896,3.249061326658323,3.264080100125156,3.2790988735919893,3.2941176470588225,3.3091364205256575,3.3241551939924907,3.339173967459324,3.354192740926157,3.3692115143929904,3.3842302878598236,3.3992490613266586,3.414267834793492,3.429286608260325,3.4443053817271583,3.4593241551939915,3.4743429286608265,3.4893617021276597,3.504380475594493,3.519399249061326,3.5344180225281594,3.5494367959949926,3.5644555694618276,3.579474342928661,3.594493116395494,3.6095118898623273,3.6245306633291605,3.6395494367959955,3.6545682102628287,3.669586983729662,3.684605757196495,3.6996245306633284,3.7146433041301616,3.7296620775969966,3.74468085106383,3.759699624530663,3.7747183979974963,3.7897371714643295,3.8047559449311628,3.8197747183979978,3.834793491864831,3.849812265331664,3.8648310387984974,3.8798498122653307,3.8948685857321657,3.909887359198999,3.924906132665832,3.9399249061326653,3.9549436795994986,3.9699624530663318,3.9849812265331668,4.0],"w_lo":-8.0,"w_hi":4.0,"retain":0.9,"alpha_min":0.286,"alpha_max":1.714,"beta_min":0.143,"beta_max":0.857,"alpha_c":1.0,"beta_c":0.5,"fQ_q":[0.0,0.01,0.02,0.03,0.04,0.05,0.06,0.07,0.08,0.09,0.1,0.11,0.12,0.13,0.14,0.15,0.16,0.17,0.18,0.19,0.2,0.21,0.22,0.23,0.24,0.25,0.26,0.27,0.28,0.29,0.3,0.31,0.32,0.33,0.34,0.35000000000000003,0.36,0.37,0.38,0.39,0.4,0.41000000000000003,0.42,0.43,0.44,0.45,0.46,0.47000000000000003,0.48,0.49,0.5,0.51,0.52,0.53,0.54,0.55,0.56,0.5700000000000001,0.58,0.59,0.6,0.61,0.62,0.63,0.64,0.65,0.66,0.67,0.68,0.6900000000000001,0.7000000000000001,0.71,0.72,0.73,0.74,0.75,0.76,0.77,0.78,0.79,0.8,0.81,0.8200000000000001,0.8300000000000001,0.84,0.85,0.86,0.87,0.88,0.89,0.9,0.91,0.92,0.93,0.9400000000000001,0.9500000000000001,0.96,0.97,0.98,0.99,1.0,1.01,1.02,1.03,1.04,1.05,1.06,1.07,1.08,1.09,1.1,1.11,1.12,1.1300000000000001,1.1400000000000001,1.1500000000000001,1.16,1.17,1.18,1.19,1.2,1.21,1.22,1.23,1.24,1.25,1.26,1.27,1.28,1.29,1.3,1.31,1.32,1.33,1.34,1.35,1.36,1.37,1.3800000000000001,1.3900000000000001,1.4000000000000001,1.41,1.42,1.43,1.44,1.45,1.46,1.47,1.48,1.49,1.5,1.51,1.52,1.53,1.54,1.55,1.56,1.57,1.58,1.59,1.6,1.61,1.62,1.6300000000000001,1.6400000000000001,1.6500000000000001,1.6600000000000001,1.67,1.68,1.69,1.7,1.71,1.72,1.73,1.74,1.75,1.76,1.77,1.78,1.79,1.8,1.81,1.82,1.83,1.84,1.85,1.86,1.87,1.8800000000000001,1.8900000000000001,1.9000000000000001,1.9100000000000001,1.92,1.93,1.94,1.95,1.96,1.97,1.98,1.99,2.0,2.025,2.05,2.075,2.1,2.125,2.15,2.175,2.2,2.225,2.25,2.275,2.3,2.325,2.35,2.375,2.4,2.425,2.45,2.475,2.5,2.525,2.55,2.575,2.6,2.625,2.65,2.675,2.7,2.725,2.75,2.775,2.8,2.825,2.85,2.875,2.9,2.925,2.95,2.975,3.0,3.0250000000000004,3.05,3.075,3.1,3.125,3.1500000000000004,3.175,3.2,3.225,3.25,3.2750000000000004,3.3,3.325,3.35,3.375,3.4000000000000004,3.425,3.45,3.475,3.5,3.5250000000000004,3.55,3.575,3.6,3.625,3.6500000000000004,3.675,3.7,3.725,3.75,3.7750000000000004,3.8,3.825,3.85,3.875,3.9000000000000004,3.925,3.95,3.975,4.0,4.025,4.050000000000001,4.075,4.1,4.125,4.15,4.175000000000001,4.2,4.225,4.25,4.275,4.300000000000001,4.325,4.35,4.375,4.4,4.425000000000001,4.45,4.475,4.5,4.525,4.550000000000001,4.575,4.6,4.625,4.65,4.675000000000001,4.7,4.725,4.75,4.775,4.800000000000001,4.825,4.85,4.875,4.9,4.925000000000001,4.95,4.975,5.0,5.025,5.050000000000001,5.075,5.1,5.125,5.15,5.175000000000001,5.2,5.225,5.25,5.275,5.300000000000001,5.325,5.35,5.375,5.4,5.425000000000001,5.45,5.475,5.5,5.525,5.550000000000001,5.575,5.6,5.625,5.65,5.675000000000001,5.7,5.725,5.75,5.775,5.800000000000001,5.825,5.85,5.875,5.9,5.925000000000001,5.95,5.975,6.0,6.05,6.1,6.15,6.2,6.25,6.3,6.35,6.4,6.45,6.5,6.55,6.6,6.65,6.7,6.75,6.8,6.85,6.9,6.95,7.0,7.05,7.1,7.15,7.2,7.25,7.3,7.35,7.4,7.45,7.5,7.55,7.6,7.65,7.7,7.75,7.8,7.85,7.9,7.95,8.0,8.05,8.1,8.15,8.2,8.25,8.3,8.35,8.4,8.45,8.5,8.55,8.6,8.65,8.7,8.75,8.8,8.85,8.9,8.95,9.0,9.05,9.1,9.15,9.2,9.25,9.3,9.35,9.4,9.45,9.5,9.55,9.6,9.65,9.7,9.75,9.8,9.85,9.9,9.95,10.0,10.05,10.100000000000001,10.15,10.2,10.25,10.3,10.350000000000001,10.4,10.45,10.5,10.55,10.600000000000001,10.65,10.7,10.75,10.8,10.850000000000001,10.9,10.95,11.0,11.05,11.100000000000001,11.15,11.2,11.25,11.3,11.350000000000001,11.4,11.45,11.5,11.55,11.600000000000001,11.65,11.7,11.75,11.8,11.850000000000001,11.9,11.95,12.0,12.05,12.100000000000001,12.15,12.2,12.25,12.3,12.350000000000001,12.4,12.45,12.5,12.55,12.600000000000001,12.65,12.7,12.75,12.8,12.850000000000001,12.9,12.95,13.0,13.05,13.100000000000001,13.15,13.2,13.25,13.3,13.350000000000001,13.4,13.45,13.5,13.55,13.600000000000001,13.65,13.7,13.75,13.8,13.850000000000001,13.9,13.95,14.0,14.05,14.1,14.15,14.200000000000001,14.25,14.3,14.35,14.4,14.450000000000001,14.5,14.55,14.6,14.65,14.700000000000001,14.75,14.8,14.85,14.9,14.950000000000001,15.0],"fQ_f":[0.0,3.3527694369676513e-06,2.7095735721503506e-05,9.243080043676968e-05,0.00022155765014713211,0.00043776129493518543,0.0007654684368424624,0.0012302870731293264,0.0018590372560695666,0.0026797770046548455,0.003721825460585021,0.005015784437343726,0.0065935590197724716,0.008488377603210811,0.01073481160855061,0.013368795019564679,0.016427643834285122,0.019950075488297712,0.023976228286344544,0.02854768086481622,0.03370747169873434,0.03950011866094274,0.04597163863735702,0.05316956719959361,0.06114297833464274,0.06994250423020763,0.07962035511367746,0.0902303391423175,0.10182788234207917,0.11447004859234788,0.1282155596539635,0.14312481523791123,0.15925991311217633,0.1766846692443738,0.195464637977894,0.2156671322394312,0.23736124377590628,0.2606178634189035,0.28550970137488957,0.3121113075395753,0.34049909183492005,0.37075134456736175,0.402948256805949,0.43717194077918614,0.4735064502894238,0.5120378011437531,0.552853991600428,0.5960450228298769,0.6417029193894858,0.6899217497113241,0.7407976466020813,0.7944288277545639,0.8509156162700227,0.9103604611908022,0.9728679580426874,1.0385448693864254,1.1075001453779838,1.1798449443369932,1.255692653323047,1.3351589087193474,1.4183616168234032,1.5054209744443874,1.596459489506801,1.6916020016601578,1.7909757028944033,1.894710158160722,2.0029373259975762,2.115791579161623,2.233409725263352,2.355931027407183,2.4834972248358587,2.616252553578817,2.7543437671045976,2.8979201569768027,3.0471335735136673,3.202138446451109,3.3630918056088093,3.5301533015595736,3.7034852263015883,3.8832525339334842,4.069622861332177,4.262766548833305,4.462856660914071,4.670069006878635,4.884582161545639,5.106577485938092,5.33623914797522,5.573754143166455,5.819312315307261,6.07310637717708,6.335331931238701,6.606187490339704,6.885874498415377,7.17459735119327,7.47256341689938,7.779983056965706,8.097069646739316,8.424039596192673,8.761112370635479,9.108510511427722,9.466459656693617,9.835188562037505,10.214929121260232,10.605916387076642,11.008388591834676,11.422587168235035,11.848756770051923,12.287145292854815,12.738003894731307,13.201587017010487,13.678152404987435,14.167961128648706,14.671277603398217,15.188369610784195,15.719508319226941,16.264968304747125,16.825027571694864,17.399967573479717,17.990073233300837,18.595632964878344,19.21693869318485,19.85428587517814,20.50797352053369,21.178304212378467,21.865584128024818,22.570123059705434,23.29223443530779,24.032235339110404,24.79044653251856,25.56719247480122,26.362801343827837,27.1776050568059,28.011939291019022,28.86614350456493,29.740560957094782,30.635538730551875,31.55142774991153,32.48858280392045,33.447362565837985,34.42812961417621,35.431250453440335,36.457095534871605,37.506039277187625,38.57846008732457,39.67474038118009,40.79526660435539,41.94042925289845,43.11062289404672,44.306246186971066,45.52770190351955,46.775396948960974,48.0497423827297,49.35115343916948,50.680049548278674,52.03685435645534,53.421995747242555,54.83590586207293,56.27902112101531,57.751782243520445,59.254634269166566,60.78802657840669,62.352412913313806,63.94825139832875,65.57600456100649,67.23613935276319,68.9291271696239,70.65544387296964,72.41556981028462,74.20998983590525,76.03919333176616,77.90367422815063,79.8039310244374,81.74046680984851,83.71378928419865,85.7244107786454,87.77284827643513,89.85962343365337,91.985262599975,94.15029683941185,96.35526195106179,98.60069848986136,100.88715178733109,103.21517197232824,105.585313991796,107.99813763151384,110.45420753684517,112.9540932334907,115.49836914823875,118.0876146297109,120.72241396912052,123.40335642101529,126.13103622403408,128.90605262165414,131.72900988294361,134.6005173233123,137.52118932526227,140.49164535913914,143.51251000388513,146.5844129677885,149.7079891092343,152.88387845745777,161.05671920179412,169.57078889767402,178.43651770560675,187.66454344675287,197.2657136295054,207.2510874760907,217.6319379491799,228.41975377852202,239.62624148758414,251.2633274202062,263.3431597672737,275.8781105933997,288.8807778636139,302.3639874700711,316.3407952587656,330.8244890562516,345.8285906963859,361.3668580470674,377.4532870369874,394.10211368239794,411.32781611387804,429.1451166031102,447.56898358966896,466.6146337078066,486.29753381326213,506.63340301005763,527.638214677315,549.3281984960769,571.7198424761212,594.8298949828036,618.6753667638782,643.2735329763542,668.6419352133254,694.7983835308333,721.7609584747083,749.5480131074454,778.1781750350506,807.6703484339204,838.0437160777136,869.3177413642071,901.5121703422084,934.6470337384122,968.7426489842915,1003.8196222429971,1039.8988504362314,1077.0015232711667,1115.1491252673266,1154.3634377835035,1194.666541044633,1236.0808161687312,1278.6289471938032,1322.3339231047269,1367.219039860208,1413.3079024196488,1460.6244267701186,1509.192841953234,1559.037692092095,1610.183838418233,1662.6564612985,1716.4810622620241,1771.6834660271334,1828.2898225282906,1886.3266089430151,1945.8206317188476,2006.7990286002566,2069.289270655599,2133.3191643040545,2198.9168533425595,2266.11082097279,2334.929891828035,2405.403234000216,2477.560361066802,2551.4311341177604,2627.0457637824907,2704.434812256831,2783.6291953299587,2864.660184411337,2947.559408557754,3032.358856500161,3119.0908786707228,3207.788189229754,3298.4838680926423,3391.2113629568375,3486.004491328818,3582.897442551048,3681.924779828972,3783.121442257856,3886.5227468499284,3992.164390561229,4100.082452318601,4210.313395046683,4322.8940676948305,4437.861707264135,4555.253940834359,4675.1087875909425,4797.464660851928,4922.360370094943,5049.835122984185,5179.928527397477,5312.680593453037,5448.131735536642,5586.322774328505,5727.294938830314,5871.089868392126,6017.749614739434,6167.316644000069,6319.83383873124,6475.344499946436,6633.892349142523,6795.521530326533,6960.276612042908,7128.202589400223,7299.3448860982435,7473.749356455096,7651.462287433951,7832.530400670218,8017.000854498375,8204.921245979118,8396.339612926222,8591.30443593355,8789.864640402067,8992.069598566766,9197.969131523676,9407.61351125696,9621.053462665686,9838.340165590997,10059.525256842999,10284.660832227748,10513.799448574255,10746.994125761552,10984.298348745542,11225.766069586129,11471.451709473955,11721.410160757745,11975.696788971021,12234.367434859168,12497.478416406475,12765.086530863062,13037.249056771785,13314.023755995595,13595.46887574395,13881.643150600308,14172.605804548903,14468.416553001722,14769.135604825487,15074.823664368747,15385.541933488887,15701.35211357