2.578482031822204590e-01
2.977913618087768555e-01
2.075691521167755127e-01
2.060951292514801025e-01
2.356590926647186279e-01
1.676014363765716553e-01
1.605265289545059204e-01
1.281951665878295898e-01
1.875058263540267944e-01
2.857196927070617676e-01
-1.137133613228797913e-01
-5.366972088813781738e-02
-1.350236535072326660e-01
-2.073079943656921387e-01
1.073239892721176147e-01
8.084703236818313599e-02
-6.248836994171142578e+00
4.048714935779571533e-01
2.605423033237457275e-01
3.221777081489562988e-01
3.283568620681762695e-01
2.534383237361907959e-01
2.531197369098663330e-01
1.991957724094390869e-01
2.628635168075561523e-01
4.494718015193939209e-01
-1.794774830341339111e-01
-1.185168549418449402e-01
-2.074601501226425171e-01
-3.179993331432342529e-01
1.731971949338912964e-01
1.215974166989326477e-01
-9.997364044189453125e+00
-5.714231729507446289e-02
-2.068895474076271057e-02
-4.941696301102638245e-02
-3.502313047647476196e-02
-2.012008056044578552e-02
-4.052392207086086273e-03
-1.006362587213516235e-02
-1.041758805513381958e-02
-1.669320464134216309e-02
3.530935617163777351e-03
6.055762991309165955e-03
-2.193958265706896782e-03
1.695194840431213379e-02
1.187061797827482224e-02
1.213454059325158596e-03
-1.706821918487548828e+00
1.277879333496093750e+01
1.403643608093261719e+01
1.393302249908447266e+01
1.548251628875732422e+01
1.703520393371582031e+01
2.030635643005371094e+01
1.894137763977050781e+01
2.030853080749511719e+01
2.655040740966796875e+01
2.848064804077148438e+01
2.638162803649902344e+01
2.589036941528320312e+01
2.644385719299316406e+01
3.009495925903320312e+01
3.174628639221191406e+01
1.470942687988281250e+02
-2.668721079826354980e-01
-8.605009317398071289e-02
-8.344409465789794922e-01
2.839210256934165955e-02
-6.947942078113555908e-02
-1.162247955799102783e-01
-1.507963389158248901e-01
1.420634686946868896e-01
1.346146315336227417e-01
-6.923123598098754883e-01
9.235759973526000977e-01
-1.261283993721008301e+00
-3.955511376261711121e-02
-2.374142408370971680e-01
6.574353575706481934e-02
-5.294281005859375000e+00
1.487659811973571777e-01
-9.128416180610656738e-01
-1.580047160387039185e-01
4.660933613777160645e-01
1.582648456096649170e-01
-6.079441905021667480e-01
-1.063988730311393738e-01
3.617509007453918457e-01
-4.681509137153625488e-01
6.555067300796508789e-01
-2.052962541580200195e+00
-4.923113808035850525e-02
1.951858401298522949e-01
5.111191868782043457e-01
-5.056713581085205078e+00
-1.178900241851806641e+00
3.699660003185272217e-01
3.457254767417907715e-01
-8.660711050033569336e-01
3.375385105609893799e-01
7.314435243606567383e-01
1.365833759307861328e+00
-1.270249247550964355e+00
-1.294970512390136719e+00
3.527356624603271484e+00
2.301059722900390625e+00
-1.209515810012817383e+00
2.423757553100585938e+00
-3.571417331695556641e+00
1.373975351452827454e-02
3.831219077110290527e-01
9.734408855438232422e-01
-3.082846999168395996e-01
-5.014460086822509766e-01
1.939110644161701202e-02
3.667521104216575623e-02
5.709421634674072266e-01
-1.972942501306533813e-01
3.860571235418319702e-02
5.768291354179382324e-01
-1.778379455208778381e-02
-3.635480403900146484e+00
2.219205796718597412e-01
9.253220558166503906e-01
2.387142479419708252e-01
-1.563505977392196655e-01
3.947231546044349670e-02
-8.913942575454711914e-01
1.654715836048126221e-02
9.960259795188903809e-01
-7.173704504966735840e-01
3.972888886928558350e-01
-4.391639232635498047e-01
-1.404638051986694336e+00
3.352385163307189941e-01
-3.640755116939544678e-01
-2.050982117652893066e-01
-4.253194332122802734e-01
-1.481803357601165771e-01
2.159968316555023193e-01
-1.768822371959686279e-01
-6.169934868812561035e-01
1.021567150019109249e-04
-1.168686524033546448e-01
-4.236346721649169922e+00
5.338417291641235352e-01
3.869398683309555054e-02
-4.607091844081878662e-01
-5.955791473388671875e-01
3.596212565898895264e-01
-3.333380818367004395e-01
6.295775175094604492e-01
-1.686858236789703369e-01
-8.926151990890502930e-01
-2.433736324310302734e+00
1.382403522729873657e-01
3.565976321697235107e-01
-3.844372034072875977e-01
-2.882057987153530121e-02
-1.243471652269363403e-01
6.412380188703536987e-02
6.124740839004516602e-01
2.256778031587600708e-01
-1.244208931922912598e+00
3.387247398495674133e-02
-2.632298171520233154e-01
-2.338459156453609467e-02
2.867760360240936279e-01
2.496290206909179688e-02
-1.076259836554527283e-01
2.793145775794982910e-01
-2.520523071289062500e+00
-5.531433224678039551e-01
3.694077953696250916e-02
2.211952805519104004e-01
-2.258761599659919739e-02
-6.000892519950866699e-01
2.243495583534240723e-01
2.732060909271240234e+00
7.538220286369323730e-02
2.054896354675292969e-01
-4.019801691174507141e-02
5.132326483726501465e-02
4.083886742591857910e-01
2.363187819719314575e-01
-3.230454027652740479e-02
1.572439819574356079e-01
-4.496466517448425293e-01
-3.443353772163391113e-01
2.319753408432006836e+00
-5.740235373377799988e-02
-1.638276875019073486e-01
3.472538292407989502e-01
3.982620000839233398e+00
-2.721045613288879395e-01
5.787082910537719727e-01
-1.535928964614868164e+00
-7.800920605659484863e-01
-7.025550603866577148e-01
-1.493731021881103516e+00
-2.456340312957763672e+00
1.115104198455810547e+00
9.765220880508422852e-01
-3.000057637691497803e-01
1.110780835151672363e+00
2.269531011581420898e+00
3.808907270431518555e-01
-7.532964348793029785e-01
4.295940995216369629e-01
1.767598748207092285e+00
-2.167692184448242188e+00
2.215059757232666016e+00
-1.043093800544738770e+00
6.738817691802978516e-01
3.868288397789001465e-01
1.351845383644104004e+00
-2.024720460176467896e-01
-5.763248205184936523e-01
1.680079549551010132e-01
-6.116646528244018555e-01
-2.789814025163650513e-02
6.569059491157531738e-01
-1.148842647671699524e-01
3.540308177471160889e-01
-5.052433967590332031e+00
1.561508178710937500e+00
7.912866473197937012e-01
1.631381630897521973e+00
1.017686128616333008e-01
-2.260048627853393555e+00
-3.816718980669975281e-02
4.804777204990386963e-01
8.420189470052719116e-02
-6.544688940048217773e-01
-2.686403878033161163e-02
-7.995032072067260742e-01
5.240882039070129395e-01
1.098610639572143555e+00
-1.737913042306900024e-01
1.319416403770446777e+00
-9.844064712524414062e-02
1.108867287635803223e+00
2.339961230754852295e-01
3.523231744766235352e+00
2.028327941894531250e+00
-9.486460685729980469e-01
-3.675089403986930847e-02
-1.744578480720520020e+00
-1.202512741088867188e+00
-2.206192761659622192e-01
5.110459923744201660e-01
-1.831551551818847656e+00
4.373726546764373779e-01
-9.292377829551696777e-01
-1.585430026054382324e+00
-2.844250202178955078e+00
1.483516216278076172e+00
-2.503530979156494141e-01
-8.325268626213073730e-01
-2.450728975236415863e-02
1.626370191574096680e+00
-3.581575751304626465e-01
-1.208144575357437134e-01
2.396920919418334961e-01
1.636417388916015625e+00
3.018490374088287354e-01
-3.143256902694702148e-01
1.212840914726257324e+00
1.376890420913696289e+00
4.549779295921325684e-01
-4.153716266155242920e-01
-1.259802579879760742e+00
-7.857730388641357422e-01
5.509348511695861816e-01
1.266091108322143555e+00
3.408611714839935303e-01
-6.806347370147705078e-01
-7.815711498260498047e-01
2.940860092639923096e-01
-1.714982867240905762e+00
2.021002531051635742e+00
4.632206261157989502e-01
-6.706603169441223145e-01
6.782972067594528198e-02
1.895487010478973389e-01
7.670016288757324219e-01
-7.615889310836791992e-01
-9.076710939407348633e-01
-7.733330130577087402e-01
-1.942200899124145508e+00
-2.727787494659423828e-01
-4.376946091651916504e-01
4.530806839466094971e-01
-7.044596076011657715e-01
9.370114803314208984e-01
3.308354318141937256e-01
-1.511920094490051270e+00
-1.992828130722045898e+00
4.979671835899353027e-01
-6.162130236625671387e-01
-4.168359190225601196e-02
2.503822743892669678e-01
-1.160621568560600281e-01
-3.321141898632049561e-01
2.195483297109603882e-01
-6.981260776519775391e-01
-5.861288905143737793e-01
2.873181104660034180e-01
1.898322999477386475e-01
8.135465532541275024e-02
1.506534099578857422e+00
-1.786694228649139404e-01
6.519421935081481934e-02
1.266125887632369995e-01
2.567125558853149414e-01
-5.170050859451293945e-01
-1.429513841867446899e-01
4.224307239055633545e-01
-3.244039118289947510e-01
3.445916771888732910e-01
-5.926894545555114746e-01
-6.386238932609558105e-01
4.507358968257904053e-01
5.469957590103149414e-01
1.041903868317604065e-01
-4.704688787460327148e-01
3.819067180156707764e-01
3.399704098701477051e-01
1.465786814689636230e+00
9.015900492668151855e-01
1.143935322761535645e+00
-6.301168203353881836e-01
-1.341538410633802414e-02
3.874671697616577148e+00
1.761435717344284058e-02
4.476397991180419922e+00
4.226037263870239258e-01
1.350060701370239258e-01
1.544929146766662598e+00
2.393943965435028076e-01
3.484544456005096436e-01
6.756944656372070312e-01
6.789222955703735352e-01
-3.223606944084167480e-02
1.384946256875991821e-01
1.040230274200439453e+00
-2.176882028579711914e+00
2.715643405914306641e+00
-4.131765104830265045e-03
9.947784543037414551e-01
-9.197616577148437500e-02
5.568861961364746094e-01
-4.473278522491455078e-01
1.588422298431396484e+00
-2.664505541324615479e-01
-5.599498152732849121e-01
-2.763137221336364746e-01
1.571633577346801758e+00
6.259229183197021484e-01
-2.627211213111877441e-01
3.012399673461914062e-01
-1.035921335220336914e+00
3.578475236892700195e+00
9.485941529273986816e-01
-1.988935619592666626e-01
-8.867146372795104980e-01
4.204271793365478516e+00
-4.341601729393005371e-01
-4.558823108673095703e-01
1.627036094665527344e+00
1.548640489578247070e+00
-2.034983158111572266e+00
5.811716988682746887e-02
-7.653221487998962402e-02
-4.083491861820220947e-01
5.518271923065185547e+00
-1.086981487274169922e+01
-2.102477788925170898e+00
-8.023294806480407715e-01
-5.057131052017211914e-01
-7.692319869995117188e+00
-3.637314587831497192e-02
-5.915454030036926270e-01
-1.842781901359558105e+00
1.040450096130371094e+00
1.091554045677185059e+00
9.725107997655868530e-02
3.010013699531555176e-02
-1.547108769416809082e+00
1.354785412549972534e-01
-5.593807697296142578e-01
-7.336033582687377930e-01
-3.730050921440124512e-01
8.964818120002746582e-01
-2.998734116554260254e-01
-1.725632071495056152e+00
-8.875605463981628418e-01
9.420621991157531738e-01
8.952040672302246094e-01
1.923947691917419434e+00
-1.883246660232543945e+00
5.401660799980163574e-01
1.489420413970947266e+00
-2.490663528442382812e+00
9.141831099987030029e-02
-2.664658546447753906e+00
-6.171821951866149902e-01
-7.247661948204040527e-01
3.907813727855682373e-01
-1.565633118152618408e-01
2.252246141433715820e+00
-5.748552083969116211e-01
2.018292546272277832e-01
-8.108150959014892578e-01
-1.127417087554931641e+00
7.871298193931579590e-01
3.898836851119995117e+00
-7.404816150665283203e-01
1.003094241023063660e-01
3.017036318778991699e-01
-1.061857461929321289e+00
-8.856739997863769531e-01
6.725786328315734863e-01
1.729007810354232788e-01
-5.537884831428527832e-01
2.378110170364379883e+00
2.998462677001953125e+00
-2.526028752326965332e-01
1.494124829769134521e-01
2.702164351940155029e-01
-2.755370140075683594e-01
-6.528546810150146484e-01
3.349821865558624268e-01
-1.214042186737060547e+00
1.197889328002929688e+00
1.241361260414123535e+00
-1.776601225137710571e-01
9.293671697378158569e-02
1.260777860879898071e-01
-5.448647737503051758e-01
-1.995620578527450562e-01
-6.282575130462646484e-01
3.472206294536590576e-01
2.335394769906997681e-01
6.026725172996520996e-01
-1.104912683367729187e-01
-1.423714518547058105e+00
-8.085698485374450684e-01
6.821700930595397949e-01
-1.146314144134521484e+00
-8.698705673217773438e+00
-3.322066366672515869e-01
-9.210040420293807983e-02
2.432265728712081909e-01
-4.100650250911712646e-01
-2.053487598896026611e-01
-1.538460254669189453e+00
-1.795151978731155396e-01
-2.237544022500514984e-02
1.348702311515808105e+00
2.128782510757446289e+00
-3.040305137634277344e+00
-3.868242204189300537e-01
-2.208204269409179688e-01
6.750921607017517090e-01
-3.099948167800903320e+00
3.769898712635040283e-01
-2.863654792308807373e-01
5.072289943695068359e+00
9.842948913574218750e-01
1.564602136611938477e+00
-1.618235778808593750e+01
-2.665295362472534180e+00
4.023631095886230469e+00
-2.076781541109085083e-01
-3.107012808322906494e-01
2.453028678894042969e+00
1.454498052597045898e+00
-7.658539414405822754e-01
-2.577435731887817383e+00
-1.061945080757141113e+00
5.273128032684326172e+00
2.404819011688232422e+00
2.392086505889892578e+00
-4.006903171539306641e+00
-1.192789554595947266e+00
1.935640811920166016e+00
-5.754105567932128906e+00
-6.300143003463745117e-01
7.513697743415832520e-01
-9.041736125946044922e-01
-4.619310498237609863e-01
-8.938855171203613281e+00
-6.210055947303771973e-01
1.055820345878601074e+00
-3.092700839042663574e-01
8.958724975585937500e+00
-2.619876265525817871e-01
-6.419942378997802734e+00
-2.063688516616821289e+00
-2.849210262298583984e+00
6.404481887817382812e+00
1.502863645553588867e+00
8.464238643646240234e-01
-1.338547945022583008e+00
-1.974463462829589844e+00
-4.430869579315185547e+00
3.510362282395362854e-02
-9.692744016647338867e-01
3.673615753650665283e-01
-6.835623383522033691e-01
-5.160093784332275391e+00
-4.268863201141357422e+00
-5.833879113197326660e-01
2.692137241363525391e+00
-8.185328483581542969e+00
-5.191574096679687500e+00
1.826501250267028809e+00
-1.669325493276119232e-02
4.018198013305664062e+00
1.507925391197204590e+00
1.734698057174682617e+00
-5.201025009155273438e-01
3.360659837722778320e+00
-9.642950296401977539e-01
2.236289262771606445e+00
1.353591561317443848e+00
4.737411975860595703e+00
-1.390444993972778320e+00
1.743579208850860596e-01
2.528850317001342773e+00
3.324730396270751953e+00
-1.795049190521240234e+00
3.181310594081878662e-01
9.922190904617309570e-01
-2.408188819885253906e+00
-3.122842311859130859e+00
-3.192911386489868164e+00
3.865506649017333984e+00
1.901406764984130859e+00
-9.488409161567687988e-01
-9.320528507232666016e-01
3.166237592697143555e+00
1.492365956306457520e+00
6.650260090827941895e-01
1.176532268524169922e+00
-3.098313093185424805e+00
-1.851517357863485813e-03
-3.021563291549682617e+00
-1.335520625114440918e+00
1.970763206481933594e+00
-2.425504684448242188e+00
-5.526921272277832031e+00
-9.196580052375793457e-01
5.410842299461364746e-01
2.472162544727325439e-01
-2.858941078186035156e+00
-5.465680733323097229e-02
2.187461405992507935e-01
1.061431527137756348e+00
2.163801908493041992e+00
1.111365675926208496e+00
1.286347270011901855e+00
1.167029023170471191e+00
-2.024953067302703857e-01
-1.013686895370483398e+00
2.879956662654876709e-01
1.119895339012145996e+00
1.706742167472839355e+00
2.288185119628906250e+00
4.059291779994964600e-01
-6.271310448646545410e-01
6.933911442756652832e-01
-7.916241288185119629e-01
9.212976694107055664e-02
-1.137216165661811829e-01
-6.630710512399673462e-02
-1.076343655586242676e+00
4.696561694145202637e-01
1.130785495042800903e-01
-2.719896078109741211e+00
-1.806993722915649414e+00
-1.874448895454406738e+00
1.645954549312591553e-01
1.601813316345214844e+00
-4.169651031494140625e+00
4.385365962982177734e+00
1.372943878173828125e+00
-2.211952060461044312e-01
-3.375723659992218018e-01
2.632018089294433594e+00
-4.229225218296051025e-03
2.208602130413055420e-01
3.780957758426666260e-01
-1.234073281288146973e+00
-2.595431208610534668e-01
2.001361697912216187e-01
2.983793497085571289e+00
1.447479128837585449e+00
1.351983189582824707e+00
3.214540958404541016e+00
-5.071206092834472656e+00
-2.225592613220214844e+00
-4.416860580444335938e+00
-6.936899423599243164e-01
-4.807430803775787354e-01
2.516838610172271729e-01
2.926500892639160156e+01
-1.637905985116958618e-01
-1.229478232562541962e-02
-1.033006981015205383e-02
1.041488170623779297e+00
1.616584181785583496e+00
