5.371485948562622070e-01
1.717663109302520752e-01
-3.789121210575103760e-01
1.254161238670349121e+00
1.632914841175079346e-01
2.765510976314544678e-01
1.298167109489440918e+00
4.209656119346618652e-01
2.545522451400756836e-01
1.639950424432754517e-01
3.688979148864746094e-01
-5.449753254652023315e-03
1.926585682667791843e-03
-2.785772830247879028e-02
6.722045689821243286e-02
1.589798741042613983e-02
3.284428268671035767e-02
-3.188653290271759033e-02
-8.384237997233867645e-03
-4.417517920956015587e-04
2.600098587572574615e-02
-2.352173626422882080e-02
1.762992120347917080e-03
2.622824534773826599e-02
5.786195397377014160e-03
4.006412997841835022e-02
-7.800909806974232197e-04
6.570505909621715546e-03
1.160003012046217918e-03
8.486756123602390289e-03
-7.843201979994773865e-03
-2.030533924698829651e-02
2.210879698395729065e-02
-1.994590274989604950e-02
2.812997810542583466e-02
1.375805353745818138e-03
-3.150285920128226280e-03
-3.050153143703937531e-02
6.486338563263416290e-03
5.976834334433078766e-03
2.405220456421375275e-02
-1.489797956310212612e-03
2.129236422479152679e-02
-3.177735721692442894e-03
-1.019124779850244522e-02
2.381462603807449341e-02
7.353870663791894913e-03
-1.575536094605922699e-02
2.526275254786014557e-02
1.847065985202789307e-02
-2.239511907100677490e-02
9.071319103240966797e-01
2.802523851394653320e+00
4.842121601104736328e+00
4.947014808654785156e+00
1.136581230163574219e+01
1.589388847351074219e+01
2.528282928466796875e+01
2.931483650207519531e+01
3.124591827392578125e+01
3.336841201782226562e+01
-3.797392547130584717e-02
8.038911223411560059e-02
4.044453613460063934e-03
-5.786058306694030762e-02
8.776862919330596924e-02
-6.187317147850990295e-02
-4.716989770531654358e-02
-3.920409828424453735e-02
2.045953832566738129e-02
-8.786119724391028285e-05
3.125040605664253235e-02
-3.654340282082557678e-02
1.123824901878833771e-02
-3.225015103816986084e-02
-7.947425544261932373e-02
5.061761476099491119e-03
-3.872302547097206116e-02
2.585487999022006989e-02
6.371860951185226440e-02
8.242464065551757812e-02
1.537822932004928589e-01
-2.761985734105110168e-02
7.543166726827621460e-02
-5.679171881638467312e-04
-1.565577536821365356e-01
-6.005252152681350708e-02
-9.608234278857707977e-03
7.760646939277648926e-02
7.407863438129425049e-02
5.154956597834825516e-03
-3.021184355020523071e-02
6.064498052000999451e-02
6.689508259296417236e-02
8.594164997339248657e-02
1.041766162961721420e-02
1.112314034253358841e-02
-5.772601068019866943e-02
1.669638790190219879e-02
8.999643474817276001e-02
-8.119706064462661743e-03
2.406940236687660217e-02
-2.689314773306250572e-03
6.094624474644660950e-02
6.425184756517410278e-02
-1.545878709293901920e-03
5.951881036162376404e-02
-1.118969023227691650e-01
-2.509672008454799652e-02
-4.504663497209548950e-02
3.879090072587132454e-04
-3.605013713240623474e-03
3.821958601474761963e-02
-5.094888433814048767e-02
7.431562244892120361e-02
1.857364177703857422e-02
-2.495474182069301605e-02
-3.945518285036087036e-02
4.001593217253684998e-02
-7.579240947961807251e-02
-7.543979585170745850e-02
2.672534063458442688e-02
-1.202496932819485664e-03
-2.900069952011108398e-02
-2.605513855814933777e-02
-2.630211971700191498e-02
1.177852079272270203e-01
1.140182465314865112e-01
-1.226303875446319580e-01
1.319986730813980103e-01
6.638676673173904419e-02
6.496349722146987915e-02
5.709562823176383972e-02
4.163295403122901917e-02
-2.046684026718139648e-01
6.974468380212783813e-02
-1.290816962718963623e-01
-1.142298877239227295e-01
-1.093485280871391296e-01
3.060390800237655640e-02
1.105416193604469299e-01
8.642042428255081177e-02
-1.979530788958072662e-02
-6.678498815745115280e-03
1.589243300259113312e-02
-2.921920269727706909e-02
1.208581868559122086e-02
-3.886672109365463257e-02
1.463232487440109253e-01
-5.513159930706024170e-02
9.051014482975006104e-02
5.157022178173065186e-02
6.900530308485031128e-02
6.421609222888946533e-02
1.367090195417404175e-01
5.380553752183914185e-02
-7.341828942298889160e-02
3.171981871128082275e-02
-1.084231510758399963e-01
1.335041671991348267e-01
-3.397254971787333488e-03
-1.515928208827972412e-01
3.107370808720588684e-02
-8.264591544866561890e-02
9.338727593421936035e-02
-3.672458603978157043e-02
4.103190079331398010e-02
-5.312287062406539917e-02
-1.271407771855592728e-02
7.677972782403230667e-03
6.575600057840347290e-02
-5.187402293086051941e-02
-6.518425792455673218e-02
-1.325659547001123428e-02
-5.046654492616653442e-02
-4.540185257792472839e-02
1.282669976353645325e-02
4.064795747399330139e-02
-1.870618015527725220e-02
-8.419030159711837769e-02
-7.749777287244796753e-02
1.331141591072082520e-02
9.354874491691589355e-03
2.703550830483436584e-02
-6.463047116994857788e-02
4.803827404975891113e-02
5.023873597383499146e-02
2.046377770602703094e-02
2.447332255542278290e-02
-1.832660660147666931e-02
1.478654295206069946e-01
-4.022951051592826843e-02
-2.183917537331581116e-02
-6.438223272562026978e-02
1.910540508106350899e-03
-4.755323752760887146e-02
-1.491021178662776947e-02
-1.048714295029640198e-02
3.711340948939323425e-02
-9.709428250789642334e-02
-1.670809537172317505e-01
-6.153964251279830933e-02
6.276194751262664795e-02
-4.436227679252624512e-02
2.859193459153175354e-02
7.768751680850982666e-02
-7.637836504727602005e-03
-2.177114598453044891e-02
-9.775283979251980782e-04
-1.265315562486648560e-01
8.279046416282653809e-02
7.842647843062877655e-03
-5.495195463299751282e-02
-4.909374937415122986e-02
-5.760877951979637146e-02
1.186220198869705200e-01
-1.961740665137767792e-02
-6.290321052074432373e-02
8.920254558324813843e-02
-5.570051446557044983e-02
-1.683267392218112946e-02
4.976653307676315308e-02
3.401324898004531860e-02
5.666035041213035583e-02
2.631704136729240417e-02
-4.802417010068893433e-02
7.190646720118820667e-04
4.362803883850574493e-03
6.734295934438705444e-02
1.243667975068092346e-01
-7.304035872220993042e-02
2.918291278183460236e-02
-5.029457807540893555e-02
1.224862411618232727e-02
-3.767305286601185799e-03
1.428752988576889038e-01
8.285712450742721558e-02
7.380901277065277100e-02
-7.008036226034164429e-02
-4.887409508228302002e-02
3.135675936937332153e-02
-1.150184404104948044e-02
4.426221922039985657e-02
6.828071922063827515e-02
-4.624449461698532104e-02
1.632466912269592285e-02
-5.265001207590103149e-02
-1.119242608547210693e-01
-1.110508441925048828e-01
-5.414384230971336365e-02
5.001587420701980591e-02
4.871205613017082214e-02
-9.370901435613632202e-02
5.528757348656654358e-02
-1.005479320883750916e-01
1.194075271487236023e-01
7.183408737182617188e-02
5.702029541134834290e-02
4.366008937358856201e-02
-5.215540295466780663e-04
6.209396943449974060e-02
-1.058216616511344910e-01
7.585566490888595581e-02
6.264692544937133789e-02
4.913976043462753296e-02
-7.250639051198959351e-02
5.075396597385406494e-02
-3.666305169463157654e-02
-7.672616839408874512e-02
1.470793187618255615e-01
3.822482377290725708e-02
4.977691918611526489e-02
-3.269816190004348755e-02
-1.897075027227401733e-02
-2.323436178267002106e-02
-9.566061780788004398e-04
1.801896095275878906e-01
5.021668598055839539e-02
-1.871810294687747955e-02
-2.585809491574764252e-02
5.252073518931865692e-03
-2.696641683578491211e-01
4.198681712150573730e-01
1.087645292282104492e+00
-9.143688678741455078e-01
-1.185394525527954102e+00
-1.172268018126487732e-01
-1.243629097938537598e+00
6.406498700380325317e-02
-8.879300951957702637e-01
-4.302583262324333191e-02
1.204991698265075684e+00
7.951556444168090820e-01
1.027754619717597961e-01
-5.451412796974182129e-01
1.306861281394958496e+00
6.657407283782958984e-01
7.398021817207336426e-01
-7.619667053222656250e-01
2.193443775177001953e+00
-6.138356775045394897e-02
-9.079052805900573730e-01
8.780091404914855957e-01
-1.119023561477661133e+00
8.525273948907852173e-02
1.178644248284399509e-03
2.995285987854003906e-01
1.144881099462509155e-01
-4.034131467342376709e-01
1.256935715675354004e+00
9.145594201982021332e-03
-5.291486158967018127e-02
-2.529950141906738281e-01
9.622556567192077637e-01
5.508892983198165894e-02
-3.769818544387817383e-01
-1.092880249023437500e+00
-4.269753396511077881e-01
-4.306064546108245850e-01
-2.007541656494140625e+00
-2.674591243267059326e-01
2.050543576478958130e-01
-6.050457954406738281e-01
6.210788488388061523e-01
-1.583478808403015137e+00
-6.142959743738174438e-02
2.571493387222290039e-01
2.963365912437438965e-01
2.665424048900604248e-01
-1.469216227531433105e+00
2.141942083835601807e-01
-6.469992995262145996e-01
-4.601241350173950195e-01
-8.443635702133178711e-01
-3.300397098064422607e-01
-7.255520224571228027e-01
-2.695661410689353943e-02
3.407414555549621582e-01
-2.267941087484359741e-01
1.216046139597892761e-01
1.032314598560333252e-01
-1.650579832494258881e-02
1.077200546860694885e-01
2.350012399256229401e-02
-1.337030827999114990e-01
-6.868862360715866089e-02
-3.456715643405914307e-01
1.901665925979614258e-01
7.818853855133056641e-02
2.189828306436538696e-01
6.184588745236396790e-02
-9.995797881856560707e-04
2.999516902491450310e-03
-7.155297398567199707e-01
1.002741232514381409e-01
2.206603884696960449e-01
4.810788631439208984e-01
-2.380198091268539429e-01
4.338561892509460449e-01
-2.104657441377639771e-01
1.607676148414611816e-01
2.362947613000869751e-01
1.341782063245773315e-01
-1.339871138334274292e-01
-9.559980244375765324e-04
6.307674199342727661e-02
-1.394571363925933838e-01
1.386820375919342041e-01
6.193370819091796875e-01
2.951385080814361572e-01
-1.463050395250320435e-01
-1.338838636875152588e-01
-2.377210557460784912e-02
8.426679670810699463e-02
2.339591979980468750e-01
-1.913720667362213135e-01
-8.223482221364974976e-02
8.900855318643152714e-04
2.053362578153610229e-01
-1.482737362384796143e-01
-2.175080329179763794e-01
1.601094305515289307e-01
-1.195231452584266663e-01
-1.556177437305450439e-01
-2.904674112796783447e-01
1.521853208541870117e-01
-6.247233599424362183e-02
1.119945719838142395e-01
-5.772845745086669922e-01
-3.141179680824279785e-01
-4.363786578178405762e-01
-6.840788722038269043e-01
5.866181254386901855e-01
3.656325936317443848e-01
-1.126967668533325195e+00
-1.254962980747222900e-01
8.285931944847106934e-01
1.743423700332641602e+00
-8.484701812267303467e-02
-2.703014314174652100e-01
3.546236157417297363e-01
-1.858686685562133789e+00
-1.048084139823913574e+00
7.664532661437988281e-01
1.462602257728576660e+00
8.627142906188964844e-01
-9.311363697052001953e-01
-6.695157289505004883e-01
7.276983559131622314e-02
-4.277181625366210938e-02
7.402386069297790527e-01
-6.488042473793029785e-01
-2.902607023715972900e-01
-1.722795516252517700e-01
-3.441100716590881348e-01
6.418054103851318359e-01
3.445274829864501953e-01
2.209310233592987061e-01
1.400424242019653320e+00
-6.037166714668273926e-01
-3.451181352138519287e-01
5.779193043708801270e-01
4.878241941332817078e-02
4.829661548137664795e-01
5.396299362182617188e-01
-1.582873582839965820e+00
-4.001853466033935547e-01
8.182135224342346191e-01
-6.555606126785278320e-01
-2.119520455598831177e-01
-6.655191183090209961e-01
8.425982594490051270e-01
-1.475226432085037231e-01
-2.539942562580108643e-01
5.382125377655029297e-01
4.634723663330078125e-01
-5.789350271224975586e-01
3.650228083133697510e-01
-1.323519833385944366e-02
1.574161350727081299e-01
-8.158562779426574707e-01
-5.182601213455200195e-01
-1.266417026519775391e+00
1.124068617820739746e+00
-2.115825414657592773e-01
-1.915090918540954590e+00
1.938326507806777954e-01
4.185519218444824219e-01
-5.355595797300338745e-02
-4.005218669772148132e-02
1.170810535550117493e-01
2.290925979614257812e-01
-6.568296998739242554e-02
6.940480321645736694e-02
7.939266413450241089e-02
1.654529124498367310e-01
8.828822970390319824e-01
3.146333098411560059e-01
-2.291993796825408936e-01
1.527486592531204224e-01
2.232519090175628662e-01
-3.379775583744049072e-01
2.234340906143188477e-01
3.544862270355224609e-01
7.220940589904785156e-01
-1.605023071169853210e-02
1.482281461358070374e-02
7.681414484977722168e-02
3.133979439735412598e-02
-9.769154340028762817e-02
1.204987540841102600e-01
-4.489057511091232300e-02
2.383922338485717773e-01
-4.934301599860191345e-02
-9.634816646575927734e-02
-9.851222857832908630e-03
2.245302647352218628e-01
-1.095084547996520996e-01
-8.419391512870788574e-02
-2.190228700637817383e-01
1.966292597353458405e-02
4.464867711067199707e-02
6.322119850665330887e-03
-1.456427276134490967e-01
-9.521256200969219208e-03
-6.999837607145309448e-02
1.836921423673629761e-01
-1.801041513681411743e-01
1.539597958326339722e-01
2.088157087564468384e-01
4.212654232978820801e-01
7.455437630414962769e-02
-9.426718950271606445e-02
-1.536673605442047119e-01
-3.399463891983032227e-01
-7.759945839643478394e-02
6.023069098591804504e-02
1.202517077326774597e-01
-3.633665293455123901e-02
1.245385631918907166e-01
5.481673479080200195e-01
-9.950638562440872192e-02
-1.908102149172918871e-06
-7.649124017916619778e-04
-1.745475339703261852e-03
3.955279476940631866e-03
-2.551047801971435547e+00
-6.220412850379943848e-01
-2.279319763183593750e+00
-4.033084809780120850e-01
