# Re(EQRPA)	Im(Strength)
0.000000e+00	3.854638e-03
1.500000e-01	3.975372e-03
3.000000e-01	4.101631e-03
4.500000e-01	4.235829e-03
6.000000e-01	4.377893e-03
7.500000e-01	4.528497e-03
9.000000e-01	4.688396e-03
1.050000e+00	4.861894e-03
1.200000e+00	5.043525e-03
1.350000e+00	5.237356e-03
1.500000e+00	5.447305e-03
1.650000e+00	5.669797e-03
1.800000e+00	5.908753e-03
1.950000e+00	6.165983e-03
2.100000e+00	6.443564e-03
2.250000e+00	6.748038e-03
2.400000e+00	7.074367e-03
2.550000e+00	7.429490e-03
2.700000e+00	7.817174e-03
2.850000e+00	8.243194e-03
3.000000e+00	8.710304e-03
3.150000e+00	9.226372e-03
3.300000e+00	9.797857e-03
3.450000e+00	1.043411e-02
3.600000e+00	1.114652e-02
3.750000e+00	1.194794e-02
3.900000e+00	1.285490e-02
4.050000e+00	1.388821e-02
4.200000e+00	1.507375e-02
4.350000e+00	1.644498e-02
4.500000e+00	1.804470e-02
4.650000e+00	1.993030e-02
4.800000e+00	2.217789e-02
4.950000e+00	2.489305e-02
5.100000e+00	2.822509e-02
5.250000e+00	3.239079e-02
5.400000e+00	3.772207e-02
5.550000e+00	4.475495e-02
5.700000e+00	5.441920e-02
5.850000e+00	6.846671e-02
6.000000e+00	9.027123e-02
6.150000e+00	1.234175e-01
6.300000e+00	1.570976e-01
6.450000e+00	1.897589e-01
6.600000e+00	2.564575e-01
6.750000e+00	3.926986e-01
6.900000e+00	6.700310e-01
7.050000e+00	1.190675e+00
7.200000e+00	1.605444e+00
7.350000e+00	1.176364e+00
7.500000e+00	6.602283e-01
7.650000e+00	3.855050e-01
7.800000e+00	2.472273e-01
7.950000e+00	1.725970e-01
8.100000e+00	1.294884e-01
8.250000e+00	1.036675e-01
8.400000e+00	8.862347e-02
8.550000e+00	8.170933e-02
8.700000e+00	8.305734e-02
8.850000e+00	9.639815e-02
9.000000e+00	1.317796e-01
9.150000e+00	1.975879e-01
9.300000e+00	2.227557e-01
9.450000e+00	1.538654e-01
9.600000e+00	9.604572e-02
9.750000e+00	6.602124e-02
9.900000e+00	5.030307e-02
1.005000e+01	4.144154e-02
1.020000e+01	3.620105e-02
1.035000e+01	3.317523e-02
1.050000e+01	3.186010e-02
1.065000e+01	3.241604e-02
1.080000e+01	3.568356e-02
1.095000e+01	4.068233e-02
1.110000e+01	3.921909e-02
1.125000e+01	3.457162e-02
1.140000e+01	3.344296e-02
1.155000e+01	3.650362e-02
1.170000e+01	4.387291e-02
1.185000e+01	4.715794e-02
1.200000e+01	3.975434e-02
1.215000e+01	3.366741e-02
1.230000e+01	3.097968e-02
1.245000e+01	3.012137e-02
1.260000e+01	3.022405e-02
1.275000e+01	3.092331e-02
1.290000e+01	3.208516e-02
1.305000e+01	3.366399e-02
1.320000e+01	3.556850e-02
1.335000e+01	3.772562e-02
1.350000e+01	3.985318e-02
1.365000e+01	4.226893e-02
1.380000e+01	4.523862e-02
1.395000e+01	4.877927e-02
1.410000e+01	5.294003e-02
1.425000e+01	5.781731e-02
1.440000e+01	6.356234e-02
1.455000e+01	7.038920e-02
1.470000e+01	7.862403e-02
1.485000e+01	8.879004e-02
1.500000e+01	1.017960e-01
1.515000e+01	1.187130e-01
1.530000e+01	1.371180e-01
1.545000e+01	1.544993e-01
1.560000e+01	1.776442e-01
1.575000e+01	2.099673e-01
1.590000e+01	2.540813e-01
1.605000e+01	3.148419e-01
1.620000e+01	4.008352e-01
1.635000e+01	5.273358e-01
1.650000e+01	7.230011e-01
1.665000e+01	1.045469e+00
1.680000e+01	1.620008e+00
1.695000e+01	2.732538e+00
1.710000e+01	4.929086e+00
1.725000e+01	7.798667e+00
1.740000e+01	7.037509e+00
1.755000e+01	4.091934e+00
1.770000e+01	2.301565e+00
1.785000e+01	1.408044e+00
1.800000e+01	9.351387e-01
1.815000e+01	6.596024e-01
1.830000e+01	4.894799e-01
1.845000e+01	3.808605e-01
1.860000e+01	3.086952e-01
1.875000e+01	2.510695e-01
1.890000e+01	2.038467e-01
1.905000e+01	1.689052e-01
1.920000e+01	1.427230e-01
1.935000e+01	1.224383e-01
1.950000e+01	1.063125e-01
1.965000e+01	9.324287e-02
1.980000e+01	8.248294e-02
1.995000e+01	7.351568e-02
2.010000e+01	6.593943e-02
2.025000e+01	5.954825e-02
2.040000e+01	5.406347e-02
2.055000e+01	4.934350e-02
2.070000e+01	4.529708e-02
2.085000e+01	4.184894e-02
2.100000e+01	3.902485e-02
2.115000e+01	3.689226e-02
2.130000e+01	3.503743e-02
2.145000e+01	3.261690e-02
2.160000e+01	3.039968e-02
2.175000e+01	2.807950e-02
2.190000e+01	2.582389e-02
2.205000e+01	2.397850e-02
2.220000e+01	2.244366e-02
2.235000e+01	2.112763e-02
2.250000e+01	1.995773e-02
2.265000e+01	1.891895e-02
2.280000e+01	1.799970e-02
2.295000e+01	1.720700e-02
2.310000e+01	1.657644e-02
2.325000e+01	1.617873e-02
2.340000e+01	1.588528e-02
2.355000e+01	1.532037e-02
2.370000e+01	1.492306e-02
2.385000e+01	1.466754e-02
2.400000e+01	1.373568e-02
2.415000e+01	1.271223e-02
2.430000e+01	1.198382e-02
2.445000e+01	1.144747e-02
2.460000e+01	1.102312e-02
2.475000e+01	1.067484e-02
2.490000e+01	1.039038e-02
2.505000e+01	1.016382e-02
2.520000e+01	9.983325e-03
2.535000e+01	9.856290e-03
2.550000e+01	9.806694e-03
2.565000e+01	9.859657e-03
2.580000e+01	1.005575e-02
2.595000e+01	1.042648e-02
2.610000e+01	1.099419e-02
2.625000e+01	1.197849e-02
2.640000e+01	1.362166e-02
2.655000e+01	1.625585e-02
2.670000e+01	2.118464e-02
2.685000e+01	2.779830e-02
2.700000e+01	3.055484e-02
2.715000e+01	3.537634e-02
2.730000e+01	5.121045e-02
2.745000e+01	7.824558e-02
2.760000e+01	8.148009e-02
2.775000e+01	5.416422e-02
2.790000e+01	3.511422e-02
2.805000e+01	2.649985e-02
2.820000e+01	2.129053e-02
2.835000e+01	1.766718e-02
2.850000e+01	1.648733e-02
2.865000e+01	1.751060e-02
2.880000e+01	1.861812e-02
2.895000e+01	1.508294e-02
2.910000e+01	1.122560e-02
2.925000e+01	9.091767e-03
2.940000e+01	8.032839e-03
2.955000e+01	7.724374e-03
2.970000e+01	8.140007e-03
2.985000e+01	9.349053e-03
3.000000e+01	9.509846e-03
