# Re(EQRPA)	Im(Strength)
0.000000e+00	2.315692e-02
1.500000e-01	2.256378e-02
3.000000e-01	2.196777e-02
4.500000e-01	2.137518e-02
6.000000e-01	2.079178e-02
7.500000e-01	2.022139e-02
9.000000e-01	1.964630e-02
1.050000e+00	1.911028e-02
1.200000e+00	1.859281e-02
1.350000e+00	1.809505e-02
1.500000e+00	1.764303e-02
1.650000e+00	1.719147e-02
1.800000e+00	1.676297e-02
1.950000e+00	1.635809e-02
2.100000e+00	1.597722e-02
2.250000e+00	1.562061e-02
2.400000e+00	1.528850e-02
2.550000e+00	1.498111e-02
2.700000e+00	1.469856e-02
2.850000e+00	1.444104e-02
3.000000e+00	1.420967e-02
3.150000e+00	1.400292e-02
3.300000e+00	1.382236e-02
3.450000e+00	1.366808e-02
3.600000e+00	1.354178e-02
3.750000e+00	1.344386e-02
3.900000e+00	1.337641e-02
4.050000e+00	1.334001e-02
4.200000e+00	1.333578e-02
4.350000e+00	1.336971e-02
4.500000e+00	1.344760e-02
4.650000e+00	1.356146e-02
4.800000e+00	1.372234e-02
4.950000e+00	1.393513e-02
5.100000e+00	1.420256e-02
5.250000e+00	1.454727e-02
5.400000e+00	1.496787e-02
5.550000e+00	1.548448e-02
5.700000e+00	1.612547e-02
5.850000e+00	1.690964e-02
6.000000e+00	1.788756e-02
6.150000e+00	1.912517e-02
6.300000e+00	2.074435e-02
6.450000e+00	2.292392e-02
6.600000e+00	2.597564e-02
6.750000e+00	3.057816e-02
6.900000e+00	3.816868e-02
7.050000e+00	5.197578e-02
7.200000e+00	7.756054e-02
7.350000e+00	1.058612e-01
7.500000e+00	9.436326e-02
7.650000e+00	6.976032e-02
7.800000e+00	5.810053e-02
7.950000e+00	5.544788e-02
8.100000e+00	5.798389e-02
8.250000e+00	6.438775e-02
8.400000e+00	7.474292e-02
8.550000e+00	9.012009e-02
8.700000e+00	1.128914e-01
8.850000e+00	1.475329e-01
9.000000e+00	2.028463e-01
9.150000e+00	2.971927e-01
9.300000e+00	4.717767e-01
9.450000e+00	8.185657e-01
9.600000e+00	1.447798e+00
9.750000e+00	1.856667e+00
9.900000e+00	1.309705e+00
1.005000e+01	7.390896e-01
1.020000e+01	4.380164e-01
1.035000e+01	2.868613e-01
1.050000e+01	2.068329e-01
1.065000e+01	1.635443e-01
1.080000e+01	1.429551e-01
1.095000e+01	1.414888e-01
1.110000e+01	1.639843e-01
1.125000e+01	2.153711e-01
1.140000e+01	2.442720e-01
1.155000e+01	2.289229e-01
1.170000e+01	2.628275e-01
1.185000e+01	3.747885e-01
1.200000e+01	4.600714e-01
1.215000e+01	3.716639e-01
1.230000e+01	2.260388e-01
1.245000e+01	1.381761e-01
1.260000e+01	9.269170e-02
1.275000e+01	6.765761e-02
1.290000e+01	5.279152e-02
1.305000e+01	4.361145e-02
1.320000e+01	3.822754e-02
1.335000e+01	3.524848e-02
1.350000e+01	3.181136e-02
1.365000e+01	2.702334e-02
1.380000e+01	2.319162e-02
1.395000e+01	2.058669e-02
1.410000e+01	1.873278e-02
1.425000e+01	1.733913e-02
1.440000e+01	1.626911e-02
1.455000e+01	1.544285e-02
1.470000e+01	1.481315e-02
1.485000e+01	1.436590e-02
1.500000e+01	1.410781e-02
1.515000e+01	1.406926e-02
1.530000e+01	1.437619e-02
1.545000e+01	1.527089e-02
1.560000e+01	1.679537e-02
1.575000e+01	1.707291e-02
1.590000e+01	1.589477e-02
1.605000e+01	1.530482e-02
1.620000e+01	1.538103e-02
1.635000e+01	1.590112e-02
1.650000e+01	1.677032e-02
1.665000e+01	1.799210e-02
1.680000e+01	1.962573e-02
1.695000e+01	2.177699e-02
1.710000e+01	2.461055e-02
1.725000e+01	2.838521e-02
1.740000e+01	3.353106e-02
1.755000e+01	4.072190e-02
1.770000e+01	5.115577e-02
1.785000e+01	6.697169e-02
1.800000e+01	9.116759e-02
1.815000e+01	1.278974e-01
1.830000e+01	1.933233e-01
1.845000e+01	3.233064e-01
1.860000e+01	5.781741e-01
1.875000e+01	8.793872e-01
1.890000e+01	7.572693e-01
1.905000e+01	4.370635e-01
1.920000e+01	2.480346e-01
1.935000e+01	1.532329e-01
1.950000e+01	1.027010e-01
1.965000e+01	7.339218e-02
1.980000e+01	5.510963e-02
1.995000e+01	4.300602e-02
2.010000e+01	3.461365e-02
2.025000e+01	2.856481e-02
2.040000e+01	2.407024e-02
2.055000e+01	2.064638e-02
2.070000e+01	1.798435e-02
2.085000e+01	1.588401e-02
2.100000e+01	1.421701e-02
2.115000e+01	1.290410e-02
2.130000e+01	1.191863e-02
2.145000e+01	1.124084e-02
2.160000e+01	1.060091e-02
2.175000e+01	9.906691e-03
2.190000e+01	9.572613e-03
2.205000e+01	9.844931e-03
2.220000e+01	1.079373e-02
2.235000e+01	1.075600e-02
2.250000e+01	9.009866e-03
2.265000e+01	7.649441e-03
2.280000e+01	6.873240e-03
2.295000e+01	6.412877e-03
2.310000e+01	6.133164e-03
2.325000e+01	5.993440e-03
2.340000e+01	6.002070e-03
2.355000e+01	6.232619e-03
2.370000e+01	6.867119e-03
2.385000e+01	8.032316e-03
2.400000e+01	8.572479e-03
2.415000e+01	7.622337e-03
2.430000e+01	6.696897e-03
2.445000e+01	6.246108e-03
2.460000e+01	6.165425e-03
2.475000e+01	6.343602e-03
2.490000e+01	6.760680e-03
2.505000e+01	7.464396e-03
2.520000e+01	8.485975e-03
2.535000e+01	9.887140e-03
2.550000e+01	1.206707e-02
2.565000e+01	1.531031e-02
2.580000e+01	2.072836e-02
2.595000e+01	3.107851e-02
2.610000e+01	5.145103e-02
2.625000e+01	8.578815e-02
2.640000e+01	1.052230e-01
2.655000e+01	9.010906e-02
2.670000e+01	6.232464e-02
2.685000e+01	4.007945e-02
2.700000e+01	2.970621e-02
2.715000e+01	2.258377e-02
2.730000e+01	1.591202e-02
2.745000e+01	1.172106e-02
2.760000e+01	9.240468e-03
2.775000e+01	7.745440e-03
2.790000e+01	6.870284e-03
2.805000e+01	6.478914e-03
2.820000e+01	6.502491e-03
2.835000e+01	6.459401e-03
2.850000e+01	6.001997e-03
2.865000e+01	5.685638e-03
2.880000e+01	5.836704e-03
2.895000e+01	6.646554e-03
2.910000e+01	8.323875e-03
2.925000e+01	9.424940e-03
2.940000e+01	8.650367e-03
2.955000e+01	7.800121e-03
2.970000e+01	7.976148e-03
2.985000e+01	9.517658e-03
3.000000e+01	1.307484e-02
