2.141771793365478516e+00
3.892799019813537598e-01
-2.597517371177673340e-01
9.450650811195373535e-01
5.025786399841308594e+00
3.741284608840942383e+00
1.542878270149230957e+00
2.143269062042236328e+00
2.683315515518188477e+00
2.137448072433471680e+00
-4.536344707012176514e-01
1.066525951027870178e-01
-1.078466400504112244e-01
-8.827073872089385986e-02
1.864109337329864502e-01
2.026017755270004272e-01
-1.922866255044937134e-01
1.161244809627532959e-01
2.234243452548980713e-01
-1.434510499238967896e-01
2.422052901238203049e-03
-2.256962284445762634e-02
2.717031911015510559e-02
-3.590222215279936790e-03
-3.849126994609832764e-01
-1.204357504844665527e+00
-4.022103548049926758e-01
-3.608817979693412781e-02
5.538736656308174133e-02
2.188668400049209595e-01
-7.334882766008377075e-02
-1.545676887035369873e-01
-2.341318726539611816e-01
-1.995043158531188965e-01
-1.080081388354301453e-01
-8.196392655372619629e-02
-6.088004708290100098e-01
2.946492135524749756e-01
5.067352652549743652e-01
-7.563954591751098633e-01
7.082971572875976562e+00
9.573697090148925781e+00
9.689328193664550781e+00
1.329177188873291016e+01
1.531505107879638672e+01
1.557541656494140625e+01
1.762000083923339844e+01
1.920508193969726562e+01
1.924736976623535156e+01
1.926496315002441406e+01
2.142227745056152344e+01
2.535481834411621094e+01
2.571335983276367188e+01
-2.638649225234985352e+00
-3.442916572093963623e-01
-2.517499923706054688e-01
7.825239002704620361e-02
1.313746333122253418e+00
-3.178910911083221436e-01
-3.035578727722167969e-01
-1.199771404266357422e+00
-5.778842419385910034e-02
6.122436523437500000e-01
1.506903171539306641e+00
1.795215159654617310e-01
-2.236987277865409851e-02
-5.991830825805664062e-01
1.060784533619880676e-01
-2.916498184204101562e-01
-5.095303654670715332e-01
8.456410169601440430e-01
2.586699128150939941e-01
-1.449935734272003174e-01
-5.111441761255264282e-02
-3.295285463333129883e+00
9.958629012107849121e-01
-1.029235243797302246e+00
7.054093480110168457e-01
5.076003074645996094e-01
4.912675619125366211e-01
-1.742160916328430176e-01
-2.164019793272018433e-01
5.347313880920410156e-01
9.286273717880249023e-01
1.725728809833526611e-01
-7.646535336971282959e-02
-9.131132364273071289e-01
-3.221236467361450195e-01
1.357555240392684937e-01
-5.230351686477661133e-01
2.315362095832824707e-01
-7.242045998573303223e-01
-4.452707245945930481e-02
-3.596067726612091064e-01
8.504083380103111267e-03
-5.058758854866027832e-01
6.978823989629745483e-02
3.337930440902709961e-01
8.082183599472045898e-01
9.665273874998092651e-02
-1.860824346542358398e+00
-7.755936384201049805e-01
5.641644597053527832e-01
2.741342484951019287e-01
-2.920279026031494141e+00
1.231648802757263184e+00
2.002143621444702148e+00
1.054911851882934570e+00
3.372496843338012695e+00
4.924009740352630615e-01
-9.107966423034667969e-01
3.572214543819427490e-01
7.304614067077636719e+00
5.411636233329772949e-01
-1.722220540046691895e+00
-2.486394882202148438e+00
9.067370891571044922e-01
-5.973906517028808594e-01
-5.090674757957458496e-01
-3.133439421653747559e-01
1.072632431983947754e+00
-1.822353124618530273e+00
4.668687880039215088e-01
-7.484458386898040771e-03
-1.307066231966018677e-01
-1.864771544933319092e-01
4.844791069626808167e-02
2.369777679443359375e+00
-1.905930191278457642e-01
-2.104685604572296143e-01
-2.570709884166717529e-01
8.089329600334167480e-01
1.584321022033691406e+00
-2.129751490429043770e-03
6.624771595001220703e+00
-2.575598239898681641e+00
-4.613108634948730469e+00
-2.116148233413696289e+00
2.721191406250000000e+00
1.880842447280883789e-01
8.856276273727416992e-01
3.874588727951049805e+00
2.918986678123474121e-01
2.749284982681274414e+00
-4.448057711124420166e-01
3.888308107852935791e-01
-2.468414604663848877e-01
-7.615186274051666260e-02
-8.129201531410217285e-01
-1.028685688972473145e+00
3.160008415579795837e-02
5.010193213820457458e-02
5.913330912590026855e-01
1.457237958908081055e+00
-1.404143333435058594e+00
8.472298979759216309e-01
2.845311760902404785e-01
6.503596305847167969e-01
-2.650456726551055908e-01
-3.083509951829910278e-02
1.738746017217636108e-01
2.788412868976593018e-01
-3.178506791591644287e-01
1.411509066820144653e-01
-5.396898388862609863e-01
2.354318857192993164e+00
-8.999361097812652588e-02
8.784148097038269043e-01
-1.070894956588745117e+00
-5.160748958587646484e-01
3.093341924250125885e-02
-4.246509671211242676e-01
1.167744770646095276e-01
1.763788014650344849e-01
-7.946753501892089844e-01
1.224040165543556213e-01
-6.916291117668151855e-01
-5.001726150512695312e-01
-7.770062685012817383e-01
8.219354599714279175e-02
6.036777496337890625e-01
-1.999538391828536987e-01
1.634803861379623413e-01
3.497340679168701172e-01
3.114413022994995117e-01
-1.431861147284507751e-02
9.350484609603881836e-01
-6.860454678535461426e-01
5.992118716239929199e-01
-4.025697112083435059e-01
-2.631925046443939209e-01
1.474706530570983887e+00
4.998081922531127930e-01
2.044719755649566650e-01
-9.073359519243240356e-02
3.017430305480957031e+00
-6.292904019355773926e-01
-1.187664151191711426e+00
-6.492716073989868164e-01
-2.925238132476806641e+00
2.692464590072631836e-01
2.086792439222335815e-01
-2.773193120956420898e-01
-6.195480823516845703e+00
1.358818769454956055e+00
4.651481509208679199e-01
2.430347681045532227e+00
-2.194370180368423462e-01
3.156014084815979004e-01
2.336030900478363037e-01
3.257422447204589844e-01
-6.421235203742980957e-01
6.269812583923339844e-01
-8.074861019849777222e-02
6.140777468681335449e-01
1.165858842432498932e-02
-1.983240693807601929e-01
1.691744029521942139e-01
-2.351567596197128296e-01
8.666635155677795410e-01
3.557066321372985840e-01
5.654518604278564453e-01
-3.148380815982818604e-01
-7.493861913681030273e-01
4.832304418087005615e-01
-8.559306144714355469e+00
2.502259492874145508e+00
2.529092073440551758e+00
3.431927919387817383e+00
-5.268311500549316406e-01
-5.587845444679260254e-01
-9.650262594223022461e-01
9.687237143516540527e-01
-9.009312838315963745e-02
-1.561118602752685547e+00
-2.241545915603637695e+00
-3.137518763542175293e-01
-7.473105192184448242e-02
-1.357262432575225830e-01
1.561798572540283203e+00
6.185672879219055176e-01
-3.959687799215316772e-02
-8.649582862854003906e-01
3.425845503807067871e-01
5.976476892828941345e-02
1.403046727180480957e+00
1.834586448967456818e-02
2.548435330390930176e-01
-6.706206202507019043e-01
1.050039172172546387e+00
4.916015639901161194e-02
-2.955134212970733643e-01
4.667143523693084717e-01
2.520294189453125000e-01
3.159633278846740723e-01
2.925459742546081543e-01
-3.362662076950073242e+00
6.734376549720764160e-01
-9.924402832984924316e-01
8.525378108024597168e-01
-3.578140735626220703e-01
2.017090022563934326e-01
-6.810111999511718750e-01
3.705789893865585327e-02
3.650922477245330811e-01
3.544991612434387207e-01
-2.265781909227371216e-01
-6.181746125221252441e-01
5.000167489051818848e-01
3.748414516448974609e-01
2.816133387386798859e-02
-2.154964357614517212e-01
3.385994136333465576e-01
-2.620627284049987793e-01
7.066681981086730957e-02
-3.407297730445861816e-01
6.234448775649070740e-02
-6.778193116188049316e-01
1.492887288331985474e-01
2.031134963035583496e-01
1.040503978729248047e+00
3.062751889228820801e-01
-1.242873549461364746e+00
-7.983995676040649414e-01
7.273674607276916504e-01
2.050368189811706543e-01
-3.851830959320068359e+00
5.967383980751037598e-01
1.483936667442321777e+00
2.034113168716430664e+00
4.552679061889648438e+00
1.914289742708206177e-01
-8.535954356193542480e-01
6.994275003671646118e-02
6.743288993835449219e+00
-2.051693916320800781e+00
-2.764256715774536133e+00
-1.007464408874511719e+00
5.514519810676574707e-01
-2.030196338891983032e-01
-5.044429898262023926e-01
1.011754155158996582e+00
-4.164283871650695801e-01
-2.697309494018554688e+00
-2.305718809366226196e-01
8.775271475315093994e-02
3.127177357673645020e-01
1.710033789277076721e-02
-3.971667289733886719e-01
1.416503429412841797e+00
-7.617193460464477539e-01
3.525651097297668457e-01
3.737015128135681152e-01
-1.518480945378541946e-02
4.352163374423980713e-01
-6.744539737701416016e-01
6.088850975036621094e+00
-7.036854028701782227e-01
-3.747404813766479492e+00
-2.964368581771850586e+00
3.056855440139770508e+00
-1.392034888267517090e-01
6.107128262519836426e-01
3.818836688995361328e+00
-2.489535093307495117e+00
5.065687656402587891e+00
-3.024552464485168457e-01
-6.224036961793899536e-02
4.935070276260375977e-01
9.031103551387786865e-02
6.459172815084457397e-02
-1.077338457107543945e+00
7.377749681472778320e-01
5.006917566061019897e-02
4.899078607559204102e-01
1.549699187278747559e+00
-1.816612243652343750e+00
5.448391437530517578e-01
-4.295364022254943848e-03
8.419030904769897461e-01
-8.830307126045227051e-01
3.717307150363922119e-01
5.181239247322082520e-01
-5.385265350341796875e-01
7.258077263832092285e-01
-8.308944851160049438e-02
-2.960329353809356689e-01
2.655473709106445312e+00
3.538856208324432373e-01
3.496970534324645996e-01
-1.241707324981689453e+00
-2.695634402334690094e-02
-3.042706549167633057e-01
2.177090942859649658e-01
1.206259056925773621e-01
4.473151862621307373e-01
-3.115436732769012451e-01
2.977470159530639648e-01
1.749034523963928223e+00
-5.748128890991210938e-01
-9.566897153854370117e-01
-8.086996674537658691e-01
8.171384781599044800e-02
-1.649323999881744385e-01
4.748643636703491211e-01
-5.501899495720863342e-02
-1.302144974470138550e-01
-3.421567613258957863e-03
4.868538379669189453e-01
-3.995648324489593506e-01
-2.542161941528320312e-02
-4.761200845241546631e-01
-1.914245039224624634e-01
1.653112053871154785e+00
7.332920283079147339e-02
-6.580747663974761963e-02
-2.246678918600082397e-01
3.010017871856689453e+00
-1.444592237472534180e+00
-7.323209047317504883e-01
-1.194380521774291992e+00
-3.940873622894287109e+00
-2.088662087917327881e-01
-8.745856466703116894e-04
-1.618013232946395874e-01
-7.133353710174560547e+00
8.227196931838989258e-01
1.456636428833007812e+00
3.281993150711059570e+00
-2.649514079093933105e-01
2.945071756839752197e-01
2.565926015377044678e-01
-3.713629543781280518e-01
-3.437353670597076416e-01
4.615289568901062012e-01
4.790241364389657974e-03
-2.424168772995471954e-02
-3.021288812160491943e-01
-3.658828139305114746e-01
2.400759607553482056e-01
-6.608022749423980713e-02
7.018548846244812012e-01
2.114035040140151978e-01
3.454126417636871338e-01
6.304763257503509521e-02
-6.078747510910034180e-01
7.367081046104431152e-01
-1.023035049438476562e+01
2.738075971603393555e+00
2.441195964813232422e+00
4.299742698669433594e+00
-1.726770520210266113e+00
-5.909292101860046387e-01
-1.976694226264953613e+00
-1.909087151288986206e-01
-8.674863576889038086e-01
-2.331001281738281250e+00
-8.480229973793029785e-01
2.343997955322265625e+00
-5.530685186386108398e-01
-1.493053674697875977e+00
-8.944402337074279785e-01
