1.544488525390625000e+01
1.572438812255859375e+01
1.323075008392333984e+01
1.549415683746337891e+01
6.141582012176513672e+00
1.898278427124023438e+01
3.303582668304443359e+00
1.303417968750000000e+01
1.806062698364257812e+01
8.366421699523925781e+00
8.118239402770996094e+00
-5.285495758056640625e+00
-6.892369747161865234e+00
-1.887475967407226562e+00
1.257118034362792969e+01
-2.684355974197387695e+00
7.257040500640869141e+00
8.396291732788085938e-01
5.543178081512451172e+00
4.330555438995361328e+00
1.941904544830322266e+00
9.073339104652404785e-01
-4.593730866909027100e-01
1.796671032905578613e+00
-1.315658092498779297e+01
5.574158668518066406e+00
7.793221473693847656e+00
-7.999342441558837891e+00
1.004612064361572266e+01
4.270406723022460938e+00
-4.628512263298034668e-01
-1.355189800262451172e+01
-1.589174747467041016e+01
1.071343803405761719e+01
-1.008302021026611328e+01
1.600966644287109375e+01
6.441713333129882812e+00
2.135118722915649414e+00
-1.204623579978942871e+00
4.564003944396972656e-01
-2.599575281143188477e+00
1.456097602844238281e+00
-5.880645513534545898e-01
-3.038750030100345612e-02
3.963004827499389648e+00
-6.731281280517578125e+00
-3.206989049911499023e+00
-8.113581657409667969e+00
-4.032409667968750000e+00
7.967668056488037109e+00
4.781888008117675781e+00
8.569651603698730469e+00
6.860983371734619141e-01
-8.989563941955566406e+00
-8.105942726135253906e+00
-4.268042564392089844e+00
1.462222003936767578e+01
1.725294709205627441e+00
-3.289849281311035156e+00
-9.982922077178955078e-01
3.205382108688354492e+00
1.615020942687988281e+01
-7.853407859802246094e+00
5.360069274902343750e+00
-4.340429782867431641e+00
-4.825847148895263672e+00
-5.320966720581054688e+00
4.566875457763671875e+00
1.507702827453613281e+00
1.862834572792053223e+00
-2.533116042613983154e-01
-5.634831428527832031e+00
2.162692695856094360e-01
7.024166107177734375e+00
4.047994613647460938e+00
2.947282552719116211e+00
7.079688906669616699e-01
-5.230761170387268066e-01
5.074954032897949219e+00
-2.767749547958374023e+00
1.710471391677856445e+00
-4.668021500110626221e-01
3.201639413833618164e+00
-3.234780073165893555e+00
8.478980511426925659e-02
2.092734336853027344e+00
-7.150856852531433105e-01
3.418699264526367188e+00
2.319502830505371094e+00
-3.749687910079956055e+00
1.098847031593322754e+00
-5.520932197570800781e+00
-1.945445537567138672e+00
-2.351832687854766846e-01
-6.654595136642456055e-01
3.060140848159790039e+00
4.739945232868194580e-01
7.579372525215148926e-01
-3.323994278907775879e-01
-2.678758144378662109e+00
2.379766464233398438e+00
-1.356119871139526367e+00
6.974561214447021484e+00
4.780038356781005859e+00
1.477056860923767090e+00
-1.102154850959777832e+00
3.754536151885986328e+00
-3.582192063331604004e-01
-3.584923028945922852e+00
2.758969783782958984e+00
8.832041025161743164e-01
3.405822038650512695e+00
3.630116283893585205e-01
-2.885737180709838867e+00
-9.122469425201416016e-01
-3.777283430099487305e+00
-1.505813479423522949e+00
-2.687609910964965820e+00
2.961997747421264648e+00
7.273562550544738770e-01
-7.094877243041992188e+00
-2.572725296020507812e+00
5.198759078979492188e+00
-9.293199181556701660e-01
-9.452350139617919922e-01
-1.117866277694702148e+00
5.809011936187744141e+00
-5.871621608734130859e+00
2.585985183715820312e+00
1.659696221351623535e+00
-2.216897308826446533e-01
-4.955849051475524902e-01
7.162544131278991699e-01
4.859652221202850342e-01
-4.449491977691650391e+00
2.875523328781127930e+00
2.118158102035522461e+00
2.977345943450927734e+00
-2.750130593776702881e-01
6.844421863555908203e+00
-2.097642660140991211e+00
1.036561131477355957e+00
4.369348049163818359e+00
3.034883022308349609e+00
-3.710867643356323242e+00
1.124105930328369141e+00
-2.846455097198486328e+00
-8.248502016067504883e-02
-6.586414575576782227e-01
1.789822936058044434e+00
-1.050298333168029785e+00
7.049351185560226440e-02
8.383784443140029907e-02
9.462197422981262207e-01
-7.286732792854309082e-01
6.801531791687011719e+00
2.646631002426147461e-01
5.586420059204101562e+00
3.015867948532104492e+00
9.525405168533325195e-01
-2.894408464431762695e+00
3.752723932266235352e+00
3.121831655502319336e+00
1.694332718849182129e+00
7.006668299436569214e-02
-2.853605985641479492e+00
4.708217144012451172e+00
2.550391435623168945e+00
-1.663461446762084961e+00
-2.189295530319213867e+00
-4.964752793312072754e-01
-1.116788387298583984e+00
-4.046658992767333984e+00
5.828194618225097656e-01
4.308268070220947266e+00
-1.011700272560119629e+00
