-1.093750000000000000e+02 2.109375000000000000e+02 -2.343750000000000000e+01 -1.328125000000000000e+02
-1.171875000000000000e+02 1.953120040893554688e+01 -6.640619659423828125e+01 -2.460937957763671875e+02
-1.250000000000000000e+02 1.875000000000000000e+02 -1.875000000000000000e+02 -1.875000000000000000e+02
-1.406250000000000000e+02 7.031250000000000000e+01 -3.906250000000000000e+01 -5.468750000000000000e+01
-1.484375000000000000e+02 1.289062042236328125e+02 -1.132811965942382812e+02 -7.421880340576171875e+01
-1.562500000000000000e+01 1.328125000000000000e+02 -2.265625000000000000e+02 -2.421875000000000000e+02
-1.562500000000000000e+02 4.687500000000000000e+01 -7.812500000000000000e+01 -1.406250000000000000e+02
-1.718750000000000000e+02 1.796875000000000000e+02 -1.796875000000000000e+02 -1.015625000000000000e+02
-1.796875000000000000e+02 1.132811965942382812e+02 -2.226562042236328125e+02 -2.734379959106445312e+01
-1.875000000000000000e+02 9.375000000000000000e+01 -1.562500000000000000e+02 -2.187500000000000000e+02
-2.031250000000000000e+02 2.265625000000000000e+02 -7.031250000000000000e+01 -2.343750000000000000e+01
-2.109375000000000000e+02 3.515620040893554688e+01 -1.953120040893554688e+01 -1.054688034057617188e+02
-2.187500000000000000e+02 1.406250000000000000e+02 -4.687500000000000000e+01 -1.718750000000000000e+02
-2.343750000000000000e+01 6.640619659423828125e+01 -1.757812042236328125e+02 -1.367187957763671875e+02
-2.343750000000000000e+02 2.343750000000000000e+01 -2.109375000000000000e+02 -7.031250000000000000e+01
-2.421875000000000000e+02 2.070312042236328125e+02 -1.289062042236328125e+02 -5.859379959106445312e+01
-2.500000000000000000e+02 1.250000000000000000e+02 -1.250000000000000000e+02 -1.250000000000000000e+02
-2.656250000000000000e+02 7.812500000000000000e+00 -1.015625000000000000e+02 -1.171875000000000000e+02
-2.734375000000000000e+02 1.914062042236328125e+02 -5.078120040893554688e+01 -1.171879959106445312e+01
-2.812500000000000000e+02 1.093750000000000000e+02 -1.562500000000000000e+01 -2.031250000000000000e+02
-2.890625000000000000e+02 1.835937957763671875e+02 -7.421880340576171875e+01 -1.601562042236328125e+02
-2.968750000000000000e+02 2.421875000000000000e+02 -2.421875000000000000e+02 -3.906250000000000000e+01
-3.046875000000000000e+02 5.078120040893554688e+01 -1.601562042236328125e+02 -8.984380340576171875e+01
-3.125000000000000000e+01 2.343750000000000000e+02 -1.406250000000000000e+02 -7.812500000000000000e+01
-3.125000000000000000e+02 3.125000000000000000e+01 -2.187500000000000000e+02 -1.562500000000000000e+02
-3.281250000000000000e+02 1.640625000000000000e+02 -7.812500000000000000e+00 -8.593750000000000000e+01
-3.359375000000000000e+02 9.765619659423828125e+01 -8.203119659423828125e+01 -4.296879959106445312e+01
-3.437500000000000000e+02 2.031250000000000000e+02 -1.093750000000000000e+02 -2.343750000000000000e+02
-3.593750000000000000e+02 8.593750000000000000e+01 -1.484375000000000000e+02 -7.812500000000000000e+00
-3.671875000000000000e+02 1.445312042236328125e+02 -1.914062042236328125e+02 -1.210938034057617188e+02
-3.750000000000000000e+02 6.250000000000000000e+01 -6.250000000000000000e+01 -6.250000000000000000e+01
-3.906250000000000000e+01 5.859379959106445312e+01 -1.992187957763671875e+02 -3.515620040893554688e+01
-3.906250000000000000e+02 1.953125000000000000e+02 -1.640625000000000000e+02 -1.796875000000000000e+02
-3.984375000000000000e+02 3.906199932098388672e+00 -2.382812042236328125e+02 -1.992187957763671875e+02
-4.062500000000000000e+02 1.718750000000000000e+02 -2.031250000000000000e+02 -1.562500000000000000e+01
-4.140625000000000000e+02 1.210938034057617188e+02 -1.367187957763671875e+02 -9.765619659423828125e+01
-4.218750000000000000e+02 5.468750000000000000e+01 -5.468750000000000000e+01 -2.265625000000000000e+02
-4.296875000000000000e+02 2.382812042236328125e+02 -9.765619659423828125e+01 -1.523437957763671875e+02
-4.375000000000000000e+02 2.187500000000000000e+02 -3.125000000000000000e+01 -9.375000000000000000e+01
-4.531250000000000000e+02 1.015625000000000000e+02 -1.953125000000000000e+02 -1.484375000000000000e+02
-4.687500000000000000e+01 1.171875000000000000e+02 -1.171875000000000000e+02 -1.640625000000000000e+02
-4.609375000000000000e+02 1.601562042236328125e+02 -1.445312042236328125e+02 -2.304687957763671875e+02
-4.687500000000000000e+02 1.562500000000000000e+01 -1.718750000000000000e+02 -4.687500000000000000e+01
-4.843750000000000000e+02 1.484375000000000000e+02 -8.593750000000000000e+01 -1.953125000000000000e+02
-4.921875000000000000e+02 8.203119659423828125e+01 -3.906199932098388672e+00 -1.835937957763671875e+02
-5.468750000000000000e+01 1.757812042236328125e+02 -3.515620040893554688e+01 -2.148437957763671875e+02
-6.250000000000000000e+01 1.562500000000000000e+02 -9.375000000000000000e+01 -3.125000000000000000e+01
-7.812500000000000000e+01 3.906250000000000000e+01 -1.328125000000000000e+02 -2.109375000000000000e+02
-8.593750000000000000e+01 2.226562042236328125e+02 -2.070312042236328125e+02 -1.679687957763671875e+02
-9.375000000000000000e+01 7.812500000000000000e+01 -2.343750000000000000e+02 -1.093750000000000000e+02
