1.000000000000000000e+00
3.203623845029608397e+00
1.967662505573064546e+00
3.405066593247628171e-01
6.131481750020909560e-01
3.290216289513460124e-01
9.009032117179361920e-01
4.396553899246877228e-01
1.963934445048831079e-01
2.541229553005038000e-02
7.422717241351320383e-02
1.194998721682999192e-02
2.990730827489362031e+00
-5.870476296743330769e-02
2.188619003930800389e-01
7.677162634851393552e-02
-3.834426224214902423e-01
-5.099360539254069735e-01
9.904429662167825443e-02
2.816128040214082029e-01
4.762466932331988367e+00
-2.026690521089176134e-01
-1.523635570491402413e+00
4.927535365251475064e+00
7.904904647447080990e+00
6.507998670145620501e+00
8.000731948223814172e+00
1.227223024413499530e+01
1.481638378952631463e+01
1.223686287057053335e+01
1.335132295272018510e+01
1.718285411669311458e+01
1.657370309568082334e+01
1.896946662042912379e+01
2.201056677904099956e+01
2.157617548193101698e+01
2.345149740944949812e+01
3.016709095229301596e+01
2.708299928230824705e+01
2.766536326513105237e+01
3.260140228181268895e+01
-5.429841696779622584e-01
1.946189604726428657e+00
2.385332394516881671e-01
-6.162375753578316129e+00
-1.031302280622689471e+00
-4.211451683143915048e+00
-7.516196487560073081e+00
-1.477193146129255785e+00
-1.225751720205839224e+00
2.302311921681063911e-01
-3.597701294426130514e-01
-1.684908495814684937e+00
6.580971430011140377e+00
-2.753862896851232978e-01
-4.723477812167410916e-01
6.296999223094051246e+00
-1.404732894204609561e+00
-7.387989547290508163e+00
3.999623035908586921e+00
-4.757885014969337689e+00
-6.529843975006079937e+00
3.742568940545173195e+00
1.930778380148894469e+00
1.826244860067809377e-03
3.210029758273749145e+00
-4.277741005504431371e+00
6.251055431689645836e+00
2.589762589707311768e-01
1.213025868557854103e+00
-5.487774864769070504e-01
-3.511841228893450406e+00
3.855178566933486373e+00
-1.706389981289385904e+00
5.567846418067593284e+00
-4.319792702249361405e+00
-1.958177118236962055e+00
-4.242485689354322353e+00
4.445080917548923094e-01
-5.635176305866807844e+00
-5.087150273417180735e+00
3.608810343767413276e+00
-2.290678627754173746e+00
1.734070757155183218e+00
3.421310611523676659e+00
6.159091348089624773e+00
-6.808084030042982349e-01
4.695403759046030245e+00
1.740340117605374270e-01
-4.655493255256217822e+00
-6.805023756975869809e+00
-2.167095721180219758e+00
2.922352364984247775e+00
-2.536440811793458039e+00
-1.691348555983089197e+00
-2.110339493984445980e+00
-2.759006104442729423e+00
-4.360092682878011772e+00
-5.333115016102685679e+00
-2.487676565357880509e+00
-1.773503926940036335e+00
4.181314161722661238e-01
3.796470661188842133e+00
1.528757456542415571e+00
-7.794113436314042964e-01
4.200222870524146224e+00
2.520763255229415911e+00
-2.980843625749181935e+00
-8.350240274154482334e-01
5.299796899620327295e+00
-2.397024640179568067e+00
-3.243896889188534249e+00
-4.519702823480611364e+00
-1.060392527343473112e+00
-5.571366356122427810e+00
-2.829118810855612232e+00
3.221429482149171242e-01
1.444224381290865403e-02
-3.603450143170516817e+00
1.643425520113428240e+00
-2.033588139321914845e+00
-3.871701847061758794e+00
1.313997684384256015e-01
-2.622617993703982631e+00
4.622558058815114279e+00
6.770526466150923461e-01
3.115555609392582692e+00
1.581260239120778399e+00
-1.081062955764872324e+00
2.337401930094795244e+00
5.856650808478125469e+00
-1.204232474368019368e+01
-2.319593325736741374e+00
-8.276943655726762827e-01
5.094615950780703173e+00
5.349432001798031244e+00
5.403139129903984816e+00
5.441446253848400971e-01
-8.308110570097442249e+00
5.033368114358881540e-01
6.361985052665091622e+00
1.152979089092096121e+00
-2.400972588426971033e+00
-4.492332746812898847e+00
3.770099211100461201e+00
-2.152216966392639375e+00
-4.139976789146651903e+00
-4.323231758113269763e+00
-1.878058738942734340e+00
2.515885393336502407e+00
1.807133980682551488e+00
-7.051665921819896710e+00
-5.383766088263007177e+00
-4.924604695732896609e+00
3.973689476864584513e+00
-5.206908162785707894e+00
-3.660155632873081544e+00
2.238207941310732085e+00
2.079508045665532379e+00
-1.286284398024708953e+00
-5.107398468612320386e+00
1.265559255298174479e+00
-1.147229647152706589e+00
6.172174233262156307e+00
5.188492763712448053e+00
-2.681515623957383188e+00
-2.007290702876392885e+00
-2.735930035439591901e+00
-1.364387023067524518e-01
-3.140799414921172428e+00
-1.282246472930704595e+00
6.618560740227071859e-01
4.168474988621350796e+00
4.049090540269631333e+00
1.111955722007047065e+00
1.222553139816643375e+00
2.315590384676962099e+00
2.081762785128880466e+00
6.302238642415607384e-01
3.465954975801717186e+00
-7.064001148947546271e-01
1.669014149734030950e+00
4.560574124019209918e+00
4.097637561888797464e+00
1.721599974409558920e-01
1.722093027564933099e+00
1.982567503956903232e-01
-1.122125616092167100e+00
3.367189865097912627e+00
6.186850856883124861e-01
4.211432550606192926e+00
-5.659925180289179458e+00
-1.220855011581198024e+00
-1.863259147644423575e+00
1.108816852520724705e+00
1.741479367930740763e+00
-5.153307348958494627e-01
1.219466140812499461e-01
4.585884833254046278e+00
1.991342789853623785e+00
2.033390629473522448e+00
-3.755255874976636932e+00
7.267465207901064872e+00
7.043064651959775269e+00
-3.914009927955425461e+00
-2.196922101067027899e+00
-8.273405742619993619e-01
-4.633986489344465554e+00
-2.112796767861910840e+00
3.777849864439134286e+00
-2.952811043912308087e+00
-3.599557388519583068e+00
-6.247646201085784945e+00
2.836807023717823117e+00
-3.191363790300000947e+00
4.676766365066217790e-01
1.468816368754628510e+00
1.041000244795306839e+00
2.308754165734618891e+00
1.146289442167194750e+00
9.190648590426603315e-02
1.830602458637355046e+00
-6.049236704588729641e-01
3.377487411457225530e+00
1.869079440306310014e+00
3.675269839315303599e+00
2.059604233661883388e+00
-5.108690641788627751e+00
2.616453584680460853e+00
-6.998804954268681655e+00
1.660022283432331047e+00
2.015199492568483741e+00
-1.315933862477034921e+00
-3.360593277691601433e+00
1.681769654443702633e+00
3.722966396552243928e+00
-5.457405869609327498e-01
8.797720655806553491e-01
4.082073981470882629e+00
4.714630328882216670e-01
-2.839393417824950472e+00
3.567674872037559286e+00
-9.928128389892527939e-02
-2.521207880291516990e+00
-1.868238440260912014e+00
4.508874626146350373e+00
-3.264742941653787422e+00
-3.268220619259179394e+00
3.447524723007826086e+00
8.623772638821749492e-01
3.472690602089325118e+00
-2.733837693832008586e+00
3.257088790140330592e-01
-1.440986191792719695e-01
1.659144335311015794e+00
-6.413301114591665186e-01
4.374147704713898577e+00
3.595928209622947236e-01
-6.802870988392044627e-01
-1.172969842075673785e+00
1.052708293165506737e+00
1.985152280137270520e+00
4.897284890704265869e+00
6.998216658365682186e+00
-1.107191299682231733e+00
-2.922669235283440248e+00
-2.063180475831360994e+00
-3.124766241482024309e+00
-2.736205048664302808e+00
-1.327717466039756156e+00
-4.177173727478564191e-01
-1.634040539166061512e+00
-4.254674041650722494e+00
-1.983084915819752103e+00
-4.530424619870127567e-01
-2.177457269155695485e+00
-2.662841848645336462e+00
-4.000346537006207015e+00
-3.868218574279015387e-01
-5.268301612385553057e-01
3.657003034618386533e-03
5.235303364808101545e-01
-3.101751137726696861e+00
8.173979786738068132e-01
-3.007712137429347621e+00
4.756178941335584831e+00
5.100779120228350338e-01
2.664612451936587245e+00
-6.482477435219738959e-01
3.930289785546492443e+00
-7.460717743542658598e-01
-1.295257895793639369e+00
-4.338416460484711301e+00
-1.931941232169368972e+00
3.355621788194033783e+00
-3.629136639841602729e+00
6.562061124607387885e-01
-1.814870388350613650e+00
1.443026804328252588e+00
5.485729998772978178e+00
5.305811981441874714e-01
-2.564355338195563494e+00
-8.245996969567538359e-01
5.168244553520993101e-01
8.092650550277493693e-01
5.525655575469663461e-01
1.044543312684827807e+00
3.633432474686600688e+00
1.150552253002785852e+00
1.022008345080581249e+00
-1.760424970251221355e+00
-8.458352519838444605e-01
-3.438748195182403045e+00
3.521279725179458087e+00
4.312659444170624745e+00
1.001568896191178393e+00
-4.880085611904785292e-01
8.977140367599895088e-01
1.884360814796553374e+00
-1.953504360825694341e+00
1.400558113664602811e+00
-3.520489226751707945e-01
1.607707667389000061e+00
4.355993446966434091e-01
-9.105710706778350622e-03
1.279067741742150766e+00
-1.661487599543715277e+00
-1.261362287622954104e-01
-4.749122172969400424e+00
-5.449278299615221144e-01
-2.017412682047661776e-01
3.082669999154240337e+00
6.503580340018830785e-01
9.087947758511884189e+00
-2.835985886333253436e+00
4.174332160641554879e+00
-7.999859289984695421e-01
-5.503217761688121712e+00
1.940485585069565033e+00
1.846410629198730780e+00
-2.273708078502198582e+00
7.037343964850378830e-01
-1.720653125293846175e+00
5.415873755595914663e-01
-1.787189966124153040e+00
-1.088430442667021270e+00
-2.480847270042936814e-01
-2.827978673399436982e+00
-1.344556128706593245e+00
1.987685949574083955e+00
-9.134221677376082038e-01
-4.258069772816424070e+00
-6.617637965425692270e-01
4.678814046844112506e-01
-2.129342777417007948e+00
-3.219385253681137371e-01
1.055559280566399138e+00
5.976947955794236211e-01
-7.268644962633659112e-01
-2.151445402869283541e+00
3.635462248146071329e-01
4.022292169516561877e+00
1.193315739582819113e+00
3.022757874616714524e+00
6.554127512179355186e+00
-1.522757507971920221e+00
-2.076016980625665198e+00
2.705577588635383890e-01
2.107584897010181813e+00
3.711097636337993499e+00
4.541096968485661023e+00
-7.621649109248608278e-01
3.427686809387051614e-01
-4.434773690093579468e+00
-1.792882440789673737e+00
1.986685163087625439e+00
-7.698546498481450007e-01
-1.251594716834585785e+00
-1.644126720359846194e+00
4.887627081656758854e+00
-1.054914888208302814e+00
-2.921027370295558256e+00
-2.946872868567653292e+00
-9.028857564628536281e-01
7.174321499973904670e-01
6.468159573668407214e-01
4.672065865510591776e-01
5.142596563206537352e-01
-1.722699608014945927e+00
-1.182316930706339919e+00
3.962455782159061135e-01
1.269220941281437920e+00
9.809283524664089704e-01
3.744180336714499346e-01
1.002351273164006962e+00
-4.450609458119625383e-02
-4.467431916218440047e-01
-5.841841975378139207e-01
7.592923259625233845e-01
3.087393993183742413e-01
-9.266524380573608333e-02
5.648762780177930543e-01
-6.388637235207017540e-01
2.776937248698029825e-01
1.127684818716914394e+00
1.171801494268721822e+00
4.829507119282847732e-02
2.571870581272563516e+00
-2.369625151104426397e+00
-2.310726854604871594e+00
6.613936090097098930e-01
-2.476361851460553432e+00
-3.644620733140089275e+00
-2.725357141055047894e+00
1.167971354454006294e-01
2.624048833601888120e+00
3.233404056097672896e+00
6.793207915569412059e+00
1.424397146969159644e+00
4.327092790988853466e+00
-3.750347101665235883e+00
-4.042136831531382701e-01
-1.546087956557043730e-01
1.644316101827741905e+00
-3.086789578118211086e+00
3.751060685943478634e-01
2.663016952766091627e+00
4.288978743610162847e-01
-5.126726344745603292e+00
-4.665263746985439219e+00
1.067250671934528938e+00
8.146439982808487690e-01
2.193444920259484121e+00
3.516746942189081349e+00
-1.588697263339540422e+00
1.858755079448230152e+00
-8.772948640603703829e-01
2.479174242249987614e+00
6.370665224701153040e-01
2.350436202713638068e+00
2.790355615607511997e+00
-2.469074491620462108e+00
6.874995578916400785e-01
4.109695578042683373e+00
1.863797323207507128e+00
7.252172278073241163e-01
3.382660939891112863e-03
-1.817302234201510602e+00
-2.820326063281830553e+00
1.468948450891493396e+00
1.884763331030612443e+00
6.114407762410752234e+00
5.841801820690269847e-02
6.273252053102884584e-01
5.907264584018321329e-01
2.574170119637246401e+00
6.745270229576798560e-01
1.302725245428311585e+00
-7.185435785317624280e-01
3.093510974987582762e-01
-1.151179017068130639e+00
-1.902148535520026496e+00
3.282143101371102212e-01
5.688326158838739044e-01
-3.102125901709923972e-01
8.645345057965420077e-01
-2.921717473250105002e-01
-3.139002666915131634e-01
2.069860191328324994e+00
-2.343028013211004179e+00
2.741289313503176284e-01
4.847898393076637003e-03
4.260482623642987576e+00
-6.800868208125148584e+00
2.887119615725602273e+00
-1.804963325605562607e+00
-3.668568007268647513e+00
-3.664198930207755112e+00
1.147460061470658710e+00
-3.213237030762814417e-01
2.500690922566101371e+00
-3.973152455080532913e-02
5.293599506105275410e-01
1.137547645128755835e+00
2.367826207058988608e+00
2.548912191251060833e+00
8.211058588432837979e+00
3.975182346139207734e+00
2.886798888718022482e+00
1.046011687436577464e+00
-2.388614798790332561e+00
4.344746637315134663e+00
-6.290338002443692567e+00
3.777809533933063957e+00
2.197490033688668021e+00
-8.053124760722860653e-01
-9.086681124747170157e-01
-1.123481093221709859e+00
2.967356150578686513e+00
2.770214650880839624e+00
3.689208221091081707e+00
-2.400379361353090768e-01
1.636590568342488061e-01
-3.582200175668701081e-02
9.568131595087897567e-02
1.751151722290174018e+00
2.940526149746795603e+00
8.592318512734309355e-01
1.192148188863622504e+00
4.498776788329529097e+00
2.151069268135460399e-01
2.490109328686622714e+00
3.554719207527516023e+00
6.305730652001826364e-01
-3.138329044089915421e+00
-2.497558216116120722e+00
3.843449081480675433e-01
6.105599088008059283e+00
1.765343878056136351e+00
3.279644501214919128e+00
2.234315996353771094e+00
-1.708801866432908767e+00
1.371299437565978607e+00
-1.035598565549988859e+00
1.838640300928635396e+00
-1.008760769336274565e+00
2.260395094122380044e+00
1.102768538050447722e+00
-6.911264854334759900e-01
-3.347806126565534335e+00
-9.684695121154048847e-01
-5.215674193878354625e-01
5.564149072440688570e+00
2.187729030995799462e-01
4.877791243278522870e+00
-1.330631023651085876e+00
2.353690520248116480e-01
-2.219524047278446766e+00
2.990719824269587601e+00
-2.480966744554331083e+00
9.553247298102954810e-01
1.353893755319407199e-01
-1.256756863986414618e+00
-1.788811585276475435e+00
1.889281591857667530e+00
2.594330822965529748e+00
-3.106132691799526224e+00
1.402552219325583271e+00
2.606393207260376599e+00
8.196833864359411859e-01
3.823733704198884809e+00
-9.150558710815841490e-01
-1.516715754999631516e+00
-1.976055036373900009e+00
-2.782848387503393806e+00
-1.511846065080308721e+00
-9.705551823602481809e-01
-1.714843228004771403e+00
1.679776273791060648e+00
-1.195746826508979899e+00
-1.571639502754968776e+00
-1.542515971058447288e+00
-2.412628396847151802e+00
3.426026884342845413e-01
-2.893159646985980160e+00
9.710784254092320600e-01
2.075567798563561842e-02
-2.466916239027393765e+00
3.838232412900859924e-01
8.335000767975423441e-01
-6.768243120361444598e-01
1.889620890944703202e+00
1.554402037433735950e+00
-5.492726237338006356e+00
-2.324937199990841030e+00
1.983874671638934606e+00
-9.860828026298578131e-01
-3.326211268549250200e+00
1.201752682744785083e+00
1.698375611139820274e+00
-2.856916822176809312e+00
-3.241856416655932271e+00
-1.447842799539974079e+00
-4.604214296260911166e-02
4.618585662355867427e+00
2.123258049774738865e+00
2.590670477954875039e+00
2.844991867207877334e+00
-4.271366981098180027e+00
-3.408871661800138675e+00
-3.818172262061204858e+00
-8.777511705472469394e-01
2.655465027446326953e+00
2.452039360819379787e+00
-8.466433620726633580e-02
-4.339234657292552200e+00
8.893697221637061334e-01
-2.348332742123068473e-01
3.763904636638157331e-01
-2.821784018928930937e+00
1.433008991559255652e+00
-2.606360406110898253e+00
-3.432168792729223039e+00
1.768043924292917596e-02
5.242213073575192617e-01
4.529893356321381542e-02
2.067313867194091326e-01
1.295624597402401434e+00
-1.833496748905370177e+00
3.060504187072543014e-01
-9.591699930267361118e-01
1.602676053064304273e+00
6.206940887291235720e-01
2.230354245190079077e+00
4.840787175938904285e-01
7.453747979039012650e-01
3.211703774073660256e+00
-1.167272752691298210e-01
1.755688995611923042e+00
-4.659549254216500458e+00
4.232524624875244612e-01
-2.742441000112930904e+00
-1.691428392971758843e+00
-4.795251026236616809e+00
-2.572856383530038649e+00
-4.067464800306381356e+00
7.216562797628774284e+00
3.655291611655920314e-01
3.261291725629931748e-01
-2.883649995826660373e+00
-3.186195802295334056e-01
-3.210602202789021309e+00
9.267871754479773960e-01
1.803517776319024934e-01
3.740083365860969788e+00
1.355571000052280040e+00
-2.345797803997799136e+00
9.154584354067119012e-01
9.814469035876146608e-01
4.909434011836014022e+00
1.066982926135082277e+00
-9.484468521220815740e-01
-1.597297403847810271e+00
9.353930396315204732e+00
2.102257408832127750e-01
3.359668792490367650e+00
2.665685995446914980e+00
1.550681476617408183e+00
2.013819642078693573e+00
5.738058231809382903e+00
1.290544410180291868e+00
2.092670532917555004e+00
-3.967430161390599758e-02
1.339564145858163968e+00
-9.060325599902285809e-01
-1.157798360914143565e+00
8.048672639402624895e+00
4.266863890429166695e+00
2.989633824653016969e+00
2.163020138744034870e+00
1.211951840938279949e-02
1.304390695495199282e+01
7.999909218042391412e-01
2.669176433536914583e+00
-3.033640519641588096e+00
4.541372649805605732e+00
2.412542438704293191e-01
-1.054927585514360278e+00
-1.078952400423057317e-01
4.899564591032681826e-01
3.629953333793162429e+00
1.661224756681164205e+00
2.155165240292671758e+00
6.380422482779494864e+00
-1.737240912952435767e-01
4.103881827199069576e+00
2.047846661221015552e+00
2.302550187128995507e+00
5.621316863568234012e+00
5.834401611851769864e+00
-1.997910883683758243e+00
5.380911166094249687e+00
-4.931465194703357757e-01
-3.369311823293629438e+00
-2.917051852395041500e+00
1.971728419275791344e+00
-9.246061608153482325e+00
-1.136494090459824052e-01
-1.364384928581832357e+00
3.450476787084878261e+00
4.444286767446074649e+00
-5.380588449196473277e+00
3.642623270256793333e+00
-1.866072193808365531e+00
-2.390173532031584003e+00
-3.684846407857419237e+00
-3.271933962624300474e+00
2.751207902939829530e+00
-1.306636240122079240e+00
8.048660503882346662e-01
2.725142417997564959e+00
4.129507423861364934e-01
-1.758627749897334169e+00
-2.317461622130299492e+00
-3.697816903085980655e+00
1.576324222402484265e-01
3.375044861396656604e-01
-5.209695342465587853e-01
1.772993602052097550e+00
1.540892742790557143e-02
2.593766312663396079e+00
3.196571611780397948e+00
-7.260921960010542797e+00
2.796100147743722619e+00
-5.690196617402085710e-01
-2.803936793691699680e+00
1.812827357721779942e+00
-4.955603152722669602e-01
4.596458987537109797e-01
6.862925679196655082e+00
6.058628288329792611e+00
-1.057217897678506491e+00
-6.194014400484841865e+00
-1.011394667733434893e+00
2.496882787775630774e+00
3.546098287517592818e-01
1.333552450032428616e-01
6.784226874326162893e+00
4.324513198852211748e-01
2.852707600867966931e-01
5.449849196653679506e+00
-3.212782491369887250e+00
9.210110576225857271e-01
-2.234772377815203714e-01
-1.764831754661312369e+00
-1.233522330505568920e+00
7.442794207893731473e-01
-4.125619484232368350e+00
4.630611186919658451e+00
1.781327603580978858e+00
-2.296203760927121973e+00
1.646126827006920701e+00
1.198964331266071937e-01
-7.979726196524403736e-01
4.841636836752282846e+00
-1.421064345598631151e+00
2.626628597036617108e-01
4.365875426221452194e-01
1.015026393820390949e+00
5.491970775580523600e-01
-2.062844560645169079e+00
-2.573446171259273108e+00
3.122809942269531014e+00
-3.577828070129929205e-01
7.785138677159514353e-01
-4.019561577837175825e+00
1.308762355424251567e+00
3.387254402176806956e+00
1.888846991541198284e+00
2.199479283609095503e+00
6.160254148316212763e+00
6.046903503153254533e+00
-2.296838251057005120e-01
8.855663868445934339e-01
2.938375393620271669e+00
7.782075993472984399e-01
-6.319304246932341051e+00
2.919097073266709863e+00
-1.172175558892736502e+00
8.459104504100564137e-01
-1.691686880230571788e+00
-2.526659708304760166e+00
4.523782873308309860e+00
4.888284985924406634e+00
6.645127649759776212e+00
6.211727112558669717e+00
-1.852997263705034522e-02
-4.479359980763664151e-01
-1.302738533297126411e+00
2.417453651366202383e+00
7.020608121502092125e-01
1.136076494220755073e+01
6.822412485391174397e-02
9.903327917133555758e+00
5.098247182586277404e+00
-7.471096378099466584e-01
2.456695687421451169e+00
2.180760694552791090e+00
4.043300601791773863e-01
2.855751891171028234e+00
-5.855915866521443913e-01
-1.163271522924529178e+00
-2.289887086475501654e+00
-4.740757477681333043e+00
6.503721813441855737e+00
7.943204372757362020e-01
1.575281169982585494e+00
-3.692906459606760894e+00
1.693374711437429125e+00
3.211969355644113677e-01
-5.782283761175386338e+00
-1.912708777151899131e+00
5.585771554294395314e-01
-3.904700842637109925e-01
-2.261432675399841941e+00
1.764508323581379656e+00
-1.066034689331583296e+00
3.991261479438775073e+00
1.406994998845440437e+00
-1.794164068528895581e-02
-1.790578409969155294e+00
1.269349082544695584e+00
-3.466013261339960128e+00
3.393574974158232727e-01
-5.030235536958391762e+00
-1.767128085680517380e+00
2.372109858926022330e+00
-1.020481938481991868e+00
1.946471300911265523e+00
-9.789242895658964994e-01
-6.756736885993300801e-01
-1.591829920511884433e+00
3.479870514381715907e+00
-7.140046964738698598e+00
-2.711654554331353051e-01
-2.587227268134401736e+00
4.487891649071559463e+00
-3.619769671573384251e+00
-6.787398635377427381e-01
1.044118656609274609e+00
-2.846971894627449817e+00
1.920705862886056492e+00
-5.639769287789776264e+00
-7.919160906003379630e+00
-4.241623323034387383e+00
3.465376217505644618e-01
4.482727795151510541e+00
-4.839213285343748616e+00
1.090029201662982672e+00
7.040374740598445591e+00
4.034748535858485585e-01
1.015558442028360986e+00
3.327049725645504719e+00
8.907800241080318315e+00
2.480597198048037910e+00
5.364528287854986033e-01
-4.687455679338012438e+00
6.049306334122957374e+00
3.420838693193079538e-01
9.939009638884595432e+00
7.519678754290472611e+00
-6.059413443975579794e-01
-3.803772539886010939e+00
-2.689755365381286456e+00
1.740844413718581229e+00
8.959605347116715857e-01
3.546448559369929754e+00
3.788238573333144732e+00
6.549236209175614221e+00
3.812975591383461982e+00
-7.729991576013621746e-01
1.248439053205520510e+00
1.107336924024705960e+00
8.890046017877709650e-01
9.907422154733563247e+00
2.091941157485612379e+00
-9.666671574695280267e-01
-9.863766026618178140e-01
1.226332888684471545e+00
-1.601767447599794947e+00
1.054762429814415592e+00
-8.039832054637875425e-01
-3.267217992129675341e+00
-2.633536317862785747e+00
2.301397063234424945e+00
-4.130029807660384300e+00
-1.865801814124549429e-01
2.307320578672594491e-01
2.345377059614904280e-01
2.185301877836634432e+00
1.866601965870687385e+00
0.000000000000000000e+00
0.000000000000000000e+00
0.000000000000000000e+00
0.000000000000000000e+00
0.000000000000000000e+00
