1.053586959838867188e+01
1.544558429718017578e+01
7.852270603179931641e+00
1.128336143493652344e+01
1.621538352966308594e+01
1.794619369506835938e+01
1.559020900726318359e+01
1.561020469665527344e+01
1.298261642456054688e+01
1.771710586547851562e+01
-1.123490428924560547e+01
1.789165616035461426e+00
7.992225289344787598e-01
-5.299022197723388672e+00
6.523569107055664062e+00
-9.809563159942626953e-01
2.378917932510375977e+00
-2.985329389572143555e+00
1.738745808601379395e+00
1.709869027137756348e+00
3.374026536941528320e+00
1.140148258209228516e+01
-5.107842445373535156e+00
3.687210083007812500e+00
-2.912683010101318359e+00
-1.524043679237365723e+00
-8.526086807250976562e-01
4.522007465362548828e+00
3.394254446029663086e+00
-3.127347707748413086e+00
-1.747392535209655762e+00
-3.747730016708374023e+00
6.580594778060913086e-01
6.137394905090332031e+00
6.403136730194091797e+00
-2.355090528726577759e-01
-1.177478551864624023e+00
5.579366207122802734e+00
-6.242665767669677734e+00
1.158106207847595215e+00
3.949824571609497070e+00
2.141167163848876953e+00
8.561017036437988281e+00
3.713466227054595947e-01
-1.597021102905273438e+00
5.668105125427246094e+00
5.055521011352539062e+00
-4.737428665161132812e+00
-7.496700622141361237e-03
-1.297112107276916504e+00
1.567041277885437012e+00
2.014395892620086670e-01
1.438401937484741211e+00
-1.123468637466430664e+00
1.020024061203002930e+00
4.600563526153564453e+00
1.344763278961181641e+00
4.363815784454345703e+00
6.805753111839294434e-01
4.551751613616943359e+00
-9.511577606201171875e+00
2.226264923810958862e-01
2.025384753942489624e-01
6.309369206428527832e-01
1.413379788398742676e+00
-4.798582077026367188e+00
5.878773331642150879e-01
2.901609182357788086e+00
7.715456485748291016e-01
-3.350793123245239258e-01
1.644414305686950684e+00
4.152927398681640625e+00
5.005349159240722656e+00
-2.591992139816284180e+00
2.922498941421508789e+00
-2.930918931961059570e+00
1.702230572700500488e+00
-1.785022318363189697e-01
2.429095029830932617e+00
1.667910695075988770e+00
1.132409930229187012e+00
4.623384773731231689e-01
9.137874603271484375e+00
1.280001759529113770e+00
2.340840250253677368e-01
7.856537699699401855e-01
-4.367311000823974609e+00
-6.382020115852355957e-01
-2.391858339309692383e+00
4.893796920776367188e+00
4.445130348205566406e+00
4.542934894561767578e-01
9.824811935424804688e+00
3.801703453063964844e-01
1.357042789459228516e+00
1.405039310455322266e+00
-2.512216269969940186e-01
-1.686675101518630981e-01
-6.520932316780090332e-01
1.013444304466247559e+00
7.408677339553833008e-01
4.985001564025878906e+00
-2.738135814666748047e+00
8.843002915382385254e-01
1.262568354606628418e+00
-1.100162029266357422e+00
9.546799063682556152e-01
1.332306414842605591e-01
2.943041563034057617e+00
3.208503127098083496e-01
-1.202847599983215332e+00
4.912294387817382812e+00
-9.439721703529357910e-01
1.735467553138732910e+00
-1.274250268936157227e+00
3.410385131835937500e+00
3.715460062026977539e+00
6.071324348449707031e-01
6.651175618171691895e-01
-1.407458782196044922e+00
-1.426773929595947266e+01
5.886853218078613281e+00
3.696412742137908936e-01
-9.889165878295898438e+00
2.490422725677490234e+00
7.967804908752441406e+00
2.653082847595214844e+00
-2.296094655990600586e+00
7.500273704528808594e+00
-2.589863061904907227e+00
1.264529705047607422e+01
1.025496101379394531e+01
-5.162908554077148438e+00
-7.537053585052490234e+00
3.912626981735229492e+00
-1.185304403305053711e+00
-1.058005714416503906e+01
9.608017921447753906e+00
-1.690800309181213379e+00
-5.285576343536376953e+00
-1.329532504081726074e+00
-5.347538590431213379e-01
1.103640440851449966e-02
4.610026836395263672e+00
4.631111145019531250e+00
-3.990613937377929688e+00
1.162220120429992676e+00
7.814116001129150391e+00
2.168976306915283203e+00
-2.413556337356567383e+00
8.876965522766113281e+00
1.352655768394470215e+00
1.183732795715332031e+01
-4.828382015228271484e+00
7.248655319213867188e+00
7.194537162780761719e+00
-3.741822719573974609e+00
-2.587624788284301758e+00
-1.591899037361145020e+00
-1.672150731086730957e+00
1.852723479270935059e+00
2.221054583787918091e-01
4.181618690490722656e+00
5.550263404846191406e+00
-1.276901841163635254e+00
6.101005554199218750e+00
9.614369273185729980e-01
5.068665027618408203e+00
4.926721096038818359e+00
2.292606353759765625e+00
-1.263010406494140625e+01
1.480365037918090820e+00
1.138664484024047852e+00
-5.243090152740478516e+00
2.381441444158554077e-01
-1.101521205902099609e+01
3.917514562606811523e+00
5.987574577331542969e+00
2.208625316619873047e+00
5.430829524993896484e+00
-3.475602865219116211e+00
9.924077033996582031e+00
6.332067012786865234e+00
-3.107529640197753906e+00
-2.582185268402099609e+00
-6.072060585021972656e+00
3.676869630813598633e+00
-3.849618196487426758e+00
6.856720447540283203e+00
-2.849912643432617188e+00
4.492863640189170837e-02
8.432942628860473633e-02
1.404986476898193359e+01
-3.034853339195251465e-01
-1.343638300895690918e+00
-9.545785188674926758e-02
-7.406753063201904297e+00
-9.863520264625549316e-01
-4.245932579040527344e+00
1.183348751068115234e+01
6.677730560302734375e+00
-4.995163917541503906e+00
1.336961174011230469e+01
1.498226523399353027e+00
1.034798979759216309e+00
-3.472466468811035156e-01
-2.870099306106567383e+00
-1.421535015106201172e+00
3.020678460597991943e-01
-7.528241157531738281e+00
1.496524620056152344e+01
4.522744178771972656e+00
-2.264591455459594727e+00
5.811345100402832031e+00
-4.740723133087158203e+00
-2.228834152221679688e+00
3.920382559299468994e-01
-4.068620204925537109e+00
-6.609452724456787109e+00
5.950680375099182129e-01
-1.363874197006225586e+00
7.790324687957763672e+00
-3.987152099609375000e+00
-3.828250169754028320e+00
-3.934660196304321289e+00
-3.866460323333740234e+00
-4.236353397369384766e+00
-2.189904212951660156e+00
3.394707202911376953e+00
3.290971219539642334e-01
1.421279072761535645e+00
7.292876243591308594e-01
