1.748942881822586060e-01
2.224942743778228760e-01
2.409441471099853516e-01
1.991013288497924805e-01
1.162604391574859619e-01
2.149696946144104004e-01
1.130770817399024963e-01
1.110161021351814270e-01
1.586692333221435547e-01
6.888621952384710312e-03
2.455073446035385132e-01
-8.172151446342468262e-02
-8.720409125089645386e-02
6.275508552789688110e-02
-1.084003131836652756e-02
3.750944510102272034e-02
-1.428122725337743759e-02
3.110040128231048584e-01
3.366445899009704590e-01
2.624236345291137695e-01
1.691274195909500122e-01
2.934127748012542725e-01
1.593911498785018921e-01
1.525846868753433228e-01
2.211027294397354126e-01
1.375799160450696945e-02
3.396839201450347900e-01
-1.195785179734230042e-01
-1.160539314150810242e-01
8.233369886875152588e-02
-1.301486324518918991e-02
4.849136620759963989e-02
-2.788578346371650696e-02
-1.501166634261608124e-02
1.350437942892313004e-02
-6.124353036284446716e-03
-3.034653491340577602e-04
-1.603386551141738892e-02
1.054398529231548309e-02
2.470356645062565804e-03
7.575467694550752640e-03
-2.064052270725369453e-03
3.000462660565972328e-03
-2.015410922467708588e-03
8.933091536164283752e-03
1.741393585689365864e-03
-8.459128439426422119e-03
8.687122724950313568e-03
-1.216896623373031616e-02
1.283948707580566406e+01
1.403791904449462891e+01
1.548810386657714844e+01
1.706301307678222656e+01
2.031060791015625000e+01
2.595732116699218750e+01
2.645599555969238281e+01
2.637970352172851562e+01
2.721734428405761719e+01
2.657044029235839844e+01
2.858402442932128906e+01
2.646671867370605469e+01
2.581980323791503906e+01
2.328070449829101562e+01
3.070778846740722656e+01
3.336651611328125000e+01
-3.539298772811889648e+00
-1.319420456886291504e+00
1.473247885704040527e+00
1.229159116744995117e+00
5.511398911476135254e-01
1.263638377189636230e+00
8.219539523124694824e-01
1.351105690002441406e+00
-3.519511461257934570e+00
1.616753220558166504e+00
-1.215187788009643555e+00
-3.123394548892974854e-01
7.827434688806533813e-02
-4.380790293216705322e-01
2.435561120510101318e-01
-2.862025499343872070e+00
-1.773929834365844727e+00
-7.113107442855834961e-01
2.972906231880187988e-01
6.165292859077453613e-01
5.019440054893493652e-01
9.109907746315002441e-01
7.092190980911254883e-01
-1.123924136161804199e+00
1.034769177436828613e+00
-1.285471558570861816e+00
-1.688798666000366211e+00
-4.295994043350219727e-01
-1.985501289367675781e+00
-1.551649093627929688e+00
-1.982934713363647461e+00
5.176745057106018066e-01
-3.652409315109252930e-01
-7.117021083831787109e-01
2.041032791137695312e+00
-6.855687499046325684e-02
4.823845326900482178e-01
2.549297332763671875e+00
1.054826259613037109e+00
-8.553866147994995117e-01
8.884298205375671387e-01
-6.009756401181221008e-02
-1.042046308517456055e+00
6.917321085929870605e-01
-4.832451641559600830e-01
5.947754383087158203e+00
-6.345260143280029297e-01
-2.125580310821533203e-01
8.524438738822937012e-01
-2.829589843750000000e-01
1.490811824798583984e+00
-3.662199378013610840e-01
-1.982664614915847778e-01
9.122089743614196777e-01
2.729110717773437500e-01
-9.801100492477416992e-01
-1.771449089050292969e+00
2.846691608428955078e+00
1.871116161346435547e-01
-3.304953575134277344e-01
3.287645876407623291e-01
5.742636919021606445e-01
-3.592106103897094727e-01
-2.805583775043487549e-01
2.131389081478118896e-01
-2.545857131481170654e-01
-1.814603656530380249e-01
6.069884896278381348e-01
-6.104458570480346680e-01
5.487366914749145508e-01
-1.217356231063604355e-02
2.463605701923370361e-01
-2.847842276096343994e-01
-1.095040678977966309e+00
2.783772349357604980e-01
-2.940343320369720459e-02
-1.620632410049438477e+00
-1.653732210397720337e-01
-2.495153099298477173e-01
-5.133275389671325684e-01
1.391921658068895340e-03
-1.594933509826660156e+00
2.511297166347503662e-01
1.540747191756963730e-02
1.103154897689819336e+00
4.375336468219757080e-01
-1.182468160986900330e-01
1.381729096174240112e-01
-9.237748980522155762e-01
5.081544518470764160e-01
5.094113349914550781e-01
-3.211092352867126465e-01
-1.411790400743484497e-01
8.998839855194091797e-01
4.831696152687072754e-01
-8.852885663509368896e-02
5.396535992622375488e-01
-1.848544627428054810e-01
4.727756679058074951e-01
3.661833405494689941e-01
-3.939177036285400391e+00
-2.514888048171997070e-01
-1.469168543815612793e+00
1.424946933984756470e-01
-5.235907435417175293e-01
8.687520399689674377e-03
8.462109565734863281e-01
-1.638216257095336914e+00
-5.900725722312927246e-01
-1.223706364631652832e+00
7.237635254859924316e-01
8.013551235198974609e-01
-3.140284419059753418e-01
6.770895421504974365e-02
2.411665439605712891e+00
-1.940820455551147461e+00
-2.459896564483642578e+00
-1.710426449775695801e+00
3.578681647777557373e-01
-1.357162952423095703e+00
-8.566150665283203125e-01
-7.444828748703002930e-01
4.244184195995330811e-01
-3.370470702648162842e-01
1.067811250686645508e+00
-1.673697471618652344e+00
2.930716574192047119e-01
-9.109138846397399902e-01
-7.395008802413940430e-01
7.127376738935709000e-03
4.146715164184570312e+00
2.781306505203247070e-01
-1.604557633399963379e+00
-1.866181492805480957e+00
1.698538541793823242e+00
-6.841287612915039062e+00
-7.261615276336669922e+00
2.746335268020629883e+00
2.509142398834228516e+00
7.308105826377868652e-01
-1.550929665565490723e+00
1.316727280616760254e+00
8.300662040710449219e-01
1.324328422546386719e+00
-1.227691292762756348e+00
7.682525515556335449e-01
-1.264155030250549316e+00
2.929982900619506836e+00
1.780267953872680664e+00
2.343427091836929321e-01
1.961944103240966797e+00
-1.308082640171051025e-01
2.067302465438842773e-01
-8.707244396209716797e-01
-2.258494853973388672e+00
1.539252042770385742e+00
-2.377063274383544922e+00
-6.012925505638122559e-01
-9.967533349990844727e-01
2.107686363160610199e-02
-1.731579750776290894e-01
-2.348991334438323975e-01
1.596808135509490967e-01
-1.535971403121948242e+00
2.074217051267623901e-01
4.637264609336853027e-01
-1.269790530204772949e-01
-9.672788381576538086e-01
7.822282314300537109e-01
-5.716491341590881348e-01
-1.640719771385192871e+00
4.068133980035781860e-02
3.870761767029762268e-02
4.704893529415130615e-01
1.757701992988586426e+00
-4.899909198284149170e-01
-7.092453241348266602e-01
-1.384379863739013672e-01
-6.043011546134948730e-01
-2.782668828964233398e+00
-6.744725704193115234e-01
2.173635005950927734e+00
5.447661876678466797e-01
-1.003578752279281616e-01
-1.035121642053127289e-02
-8.905481100082397461e-01
8.372161388397216797e-01
2.281396985054016113e-01
9.193316102027893066e-01
-7.028778642416000366e-02
1.025036692619323730e+00
1.127431392669677734e+00
-3.374365568161010742e-01
2.856363654136657715e-01
-1.605995416641235352e+00
1.552966237068176270e+00
1.035789370536804199e+00
4.801084101200103760e-01
-1.356091022491455078e+00
-1.271583314519375563e-04
-2.387014031410217285e-01
-6.464347839355468750e-01
4.263971149921417236e-01
-1.870624065399169922e+00
-4.804098010063171387e-01
-6.840361356735229492e-01
2.088831216096878052e-01
-1.491559386253356934e+00
-2.231790870428085327e-01
-1.814794689416885376e-01
-1.772381663322448730e-01
2.798620164394378662e-01
1.669434756040573120e-01
-1.243454217910766602e+00
3.482422828674316406e-01
1.857426285743713379e+00
-1.902041673660278320e+00
-1.461285650730133057e-01
-3.794152736663818359e-01
1.810744106769561768e-01
-3.754132688045501709e-01
1.225266605615615845e-01
-5.192732214927673340e-01
3.457807004451751709e-01
-5.508459806442260742e-01
4.730252549052238464e-03
-8.065140992403030396e-02
-1.069927692413330078e+00
3.998864442110061646e-02
-2.239394634962081909e-01
-5.360541343688964844e-01
-1.289504766464233398e+00
4.421688616275787354e-01
-3.559239804744720459e-01
-1.032637119293212891e+00
7.478238642215728760e-02
1.972824931144714355e-01
-6.740338802337646484e-01
-6.227747797966003418e-01
-8.747071623802185059e-01
1.616547584533691406e+00
-1.825558423995971680e+00
2.035489538684487343e-03
-7.658683657646179199e-01
3.731044754385948181e-02
7.701962590217590332e-01
-2.034893482923507690e-01
3.460716307163238525e-01
-7.034686207771301270e-01
-2.714140415191650391e-01
1.605707049369812012e+00
2.403475999832153320e+00
-2.327780723571777344e+00
3.990312516689300537e-01
1.139071822166442871e+00
6.078230142593383789e-01
-1.929198019206523895e-02
1.775401830673217773e+00
1.085415005683898926e+00
-2.408540695905685425e-01
1.601839184761047363e+00
1.667454838752746582e-01
-6.396295130252838135e-02
6.857999563217163086e-01
9.161707162857055664e-01
1.889820694923400879e-01
-1.726566433906555176e+00
8.936653733253479004e-01
-9.544562697410583496e-01
4.391329765319824219e+00
1.337920546531677246e+00
2.372181892395019531e+00
4.562553405761718750e+00
1.006152868270874023e+00
-3.876731991767883301e-01
-4.316020756959915161e-02
1.803733110427856445e+00
1.188420534133911133e+00
3.303400874137878418e-01
6.626336574554443359e-01
2.408896923065185547e+00
2.379166841506958008e+00
-1.153035283088684082e+00
-3.097216844558715820e+00
3.105548024177551270e-01
-3.413886949419975281e-02
-4.541908502578735352e-01
3.743524253368377686e-01
1.890617370605468750e+00
8.440149426460266113e-01
-3.378376960754394531e-01
3.077850580215454102e+00
4.589306116104125977e-01
2.671565115451812744e-01
1.661979913711547852e+00
3.137338638305664062e+00
2.137512922286987305e+00
1.920350313186645508e+00
-8.359093070030212402e-01
1.607445001602172852e+00
1.835522890090942383e+00
1.617293357849121094e+00
3.793379306793212891e+00
-8.378071784973144531e-01
8.450289368629455566e-01
1.055183887481689453e+00
-7.721173763275146484e-01
8.891757130622863770e-01
5.567844510078430176e-01
-3.208498954772949219e+00
-8.065882325172424316e-01
1.144070863723754883e+00
1.392908811569213867e+00
1.071056723594665527e+00
2.635339021682739258e+00
-4.978636205196380615e-01
7.602204680442810059e-01
-4.749432086944580078e+00
3.615551710128784180e+00
-4.695890426635742188e+00
-1.424879550933837891e+00
-1.709082245826721191e+00
5.195344448089599609e+00
-1.826845109462738037e-01
2.297347784042358398e+00
1.422279238700866699e+00
2.201044082641601562e+00
7.348012447357177734e+00
7.657247066497802734e+00
4.143955707550048828e-01
-1.176776215434074402e-01
-1.206160545349121094e+00
4.698713421821594238e-01
-2.530649602413177490e-01
2.305599927902221680e+00
4.701247215270996094e+00
-1.164797306060791016e+00
-2.497533321380615234e+00
1.874419152736663818e-01
-2.457404695451259613e-02
1.143335103988647461e+00
-1.860738992691040039e+00
2.304240703582763672e+00
-4.897090792655944824e-01
1.728949666023254395e+00
-2.576456546783447266e+00
-2.332189559936523438e+00
-5.006132721900939941e-01
4.847118854522705078e+00
-1.944405198097229004e+00
1.856398731470108032e-01
4.457848548889160156e+00
-1.368801116943359375e+00
6.546612977981567383e-01
-1.745562553405761719e+00
-1.360038876533508301e+00
-4.042813181877136230e-01
-1.874952197074890137e+00
-3.194446265697479248e-01
-2.425761461257934570e+00
2.281798362731933594e+00
5.624892115592956543e-01
6.085367798805236816e-01
-9.596142172813415527e-01
-3.227862119674682617e+00
-5.576286315917968750e-01
-4.283109188079833984e+00
-1.109967231750488281e+00
-4.282887935638427734e+00
-8.669716119766235352e-01
-1.384077668190002441e+00
2.499924153089523315e-01
1.839513301849365234e+00
2.497615814208984375e+00
-1.773569583892822266e+00
-6.285766124725341797e+00
-2.160539388656616211e+00
-3.665990114212036133e+00
3.881236314773559570e+00
-4.445782184600830078e+00
2.971454262733459473e-01
1.096655726432800293e+00
-1.803655385971069336e+00
1.701346755027770996e+00
1.836466670036315918e+00
2.033473402261734009e-01
2.021241426467895508e+00
4.035795629024505615e-01
1.229135036468505859e+00
-6.586503386497497559e-01
-3.095665454864501953e+00
4.236296176910400391e+00
-2.737241268157958984e+00
-6.421509385108947754e-01
-4.957726955413818359e+00
-8.243649601936340332e-01
-1.496966958045959473e+00
-6.760751247406005859e+00
-2.587884426116943359e+00
2.699388265609741211e-01
-2.345855951309204102e+00
6.769703626632690430e-01
-8.398621559143066406e+00
3.792314529418945312e-01
-8.927312850952148438e+00
1.143833518028259277e+00
4.304148197174072266e+00
-1.160982799530029297e+01
-6.912335872650146484e+00
4.199490547180175781e+00
2.313623905181884766e+00
7.145048141479492188e+00
-1.493085980415344238e+00
-4.983233213424682617e-01
-2.002903461456298828e+00
8.029938340187072754e-01
-1.330917358398437500e+01
-2.819813489913940430e+00
-1.012688159942626953e+00
5.458682537078857422e+00
-2.703959941864013672e+00
7.481028556823730469e+00
4.309785842895507812e+00
-1.100009155273437500e+01
6.104802608489990234e+00
-7.430859565734863281e+00
-5.164277553558349609e+00
-3.506278276443481445e+00
6.424140930175781250e-01
-1.094106197357177734e+00
-6.693195700645446777e-01
-3.527853965759277344e+00
2.228709608316421509e-01
-1.958426356315612793e+00
-8.279931068420410156e+00
1.213342547416687012e+00
-1.578769302368164062e+01
-1.813112735748291016e+00
-7.060368061065673828e+00
1.480389952659606934e+00
3.498016357421875000e+00
6.170618057250976562e+00
3.337854743003845215e-01
4.752696752548217773e-01
2.251946449279785156e+00
5.580008983612060547e+00
4.125416576862335205e-01
1.161915206909179688e+01
-6.731956005096435547e+00
1.748874425888061523e+00
1.245793247222900391e+01
1.013884830474853516e+01
4.997519016265869141e+00
7.286024093627929688e+00
-2.575910883024334908e-03
-1.500445008277893066e+00
-1.432521194219589233e-01
1.551871418952941895e+00
-3.906105041503906250e+00
-9.687426686286926270e-01
3.073953628540039062e+00
-3.447453379631042480e-01
-1.703543782234191895e+00
1.242715454101562500e+01
2.812249898910522461e+00
9.833325386047363281e+00
-3.811248540878295898e+00
2.205298662185668945e+00
1.251433968544006348e+00
7.673395633697509766e+00
6.851962804794311523e-01
1.953893661499023438e+00
-2.744990110397338867e+00
-2.299962043762207031e+00
3.187509298324584961e+00
-7.857859134674072266e+00
1.573630809783935547e+00
2.797711849212646484e+00
-2.907743692398071289e+00
1.293983936309814453e+00
-2.786041259765625000e+00
-1.036116313934326172e+01
-1.590185761451721191e+00
3.500732421875000000e+00
-9.505384445190429688e+00
-3.688175916671752930e+00
-4.814886569976806641e+00
-8.454662322998046875e+00
2.116330623626708984e+00
6.398542523384094238e-01
-2.127463817596435547e-01
8.466154336929321289e-01
5.278430581092834473e-01
1.421379566192626953e+00
-1.456876873970031738e+00
7.837576419115066528e-02
2.079707860946655273e+00
-5.186327695846557617e-01
3.309133946895599365e-01
-5.462568402290344238e-01
-1.157606959342956543e+00
2.819660902023315430e-01
-1.398916635662317276e-02
-1.338532686233520508e+00
-6.753610372543334961e-01
1.926863491535186768e-01
-1.472266077995300293e+00
-6.420390605926513672e-01
-6.633380889892578125e+00
-1.755187511444091797e+00
2.655040264129638672e+00
-1.369403076171875000e+01
1.249619722366333008e+00
-2.755078315734863281e+00
-2.958134375512599945e-02
4.387764453887939453e+00
5.373860597610473633e-01
-4.634054601192474365e-01
2.676933288574218750e+00
4.564834237098693848e-01
-8.814130425453186035e-01
-3.698946475982666016e+00
3.948619365692138672e+00
-3.315788745880126953e+00
-4.213956356048583984e+00
-1.343158602714538574e+00
1.489929199218750000e+00
2.240347623825073242e+00
-2.191538333892822266e+00
-3.526347577571868896e-01
1.625986218452453613e+00
5.237331867218017578e+00
3.891349554061889648e+00
-4.582601070404052734e+00
6.628448486328125000e+00
-3.962074872106313705e-03
4.333539485931396484e+00
1.100928902626037598e+00
-6.525788784027099609e+00
-1.466279745101928711e+00
-7.973711967468261719e+00
4.258170127868652344e+00
2.079455852508544922e+00
6.602795124053955078e+00
8.253850787878036499e-02
5.108794569969177246e-01
1.066658645868301392e-02
1.376998782157897949e+00
1.822291016578674316e+00
