2.448497116565704346e-01
5.609152317047119141e-01
1.746612042188644409e-01
5.154082775115966797e-01
4.546557068824768066e-01
3.245083987712860107e-01
4.680023491382598877e-01
-1.018842402845621109e-02
2.592754960060119629e-01
4.267673790454864502e-01
3.852213621139526367e-01
-2.716573774814605713e-01
-3.109459280967712402e-01
1.883482784032821655e-01
2.225508242845535278e-01
1.722023636102676392e-01
8.331512451171875000e+00
7.311565279960632324e-01
2.025308758020401001e-01
6.888800859451293945e-01
5.957558751106262207e-01
4.625720679759979248e-01
7.358628511428833008e-01
-5.952428653836250305e-02
4.007751345634460449e-01
6.081404685974121094e-01
5.974776744842529297e-01
-4.068325161933898926e-01
-5.043237805366516113e-01
2.997983992099761963e-01
3.305436968803405762e-01
2.719202041625976562e-01
1.427450084686279297e+01
-1.046610921621322632e-01
-1.364152319729328156e-02
-5.500976368784904480e-02
-4.667125269770622253e-02
-3.915083780884742737e-02
-4.360134154558181763e-02
-1.693147420883178711e-02
1.093742717057466507e-02
2.431229688227176666e-02
-6.990128196775913239e-03
-1.747731305658817291e-02
1.857758685946464539e-02
-2.127547003328800201e-02
-5.222467705607414246e-03
-6.101452279835939407e-03
1.956511139869689941e+00
1.278672409057617188e+01
1.370150566101074219e+01
1.399207592010498047e+01
1.547959709167480469e+01
1.702997779846191406e+01
2.030634498596191406e+01
1.885138702392578125e+01
1.894985961914062500e+01
2.650326538085937500e+01
2.646640205383300781e+01
2.592544555664062500e+01
2.657829284667968750e+01
2.661602020263671875e+01
3.007623672485351562e+01
3.175654602050781250e+01
1.390674133300781250e+02
-3.817362189292907715e-01
-7.898871898651123047e-01
-5.366889834403991699e-01
-1.058790758252143860e-01
3.963181748986244202e-02
-8.529664576053619385e-02
5.543732047080993652e-01
1.962466537952423096e-01
5.235742926597595215e-01
3.138422667980194092e-01
-8.017486929893493652e-01
-3.704937398433685303e-01
-4.784603118896484375e-01
-9.750090539455413818e-02
8.313830941915512085e-02
7.139856338500976562e+00
-6.048502326011657715e-01
-7.794738411903381348e-01
5.843364000320434570e-01
-5.682169795036315918e-01
-1.586545944213867188e+00
6.760843396186828613e-01
-3.555114567279815674e-01
3.502721190452575684e-01
-1.815893769264221191e+00
-6.925182938575744629e-01
1.318429827690124512e+00
1.786909818649291992e+00
1.814271062612533569e-01
-5.509425997734069824e-01
2.917392015457153320e+00
-4.548635184764862061e-01
3.064118623733520508e-01
-8.550503104925155640e-02
-9.150921702384948730e-01
-2.759565412998199463e-01
8.537030220031738281e-01
-4.091886579990386963e-01
4.109948873519897461e-01
-9.738517999649047852e-01
-3.112830519676208496e-01
-1.517947793006896973e+00
4.870968759059906006e-01
-5.826230645179748535e-01
6.153536319732666016e+00
-7.644625008106231689e-02
-1.148329302668571472e-01
8.012319207191467285e-01
-6.903617829084396362e-02
2.016040533781051636e-01
2.726936042308807373e-01
7.266043424606323242e-01
2.727502882480621338e-01
1.430167555809020996e-01
-3.517978638410568237e-02
1.581202298402786255e-01
3.653072714805603027e-01
3.631240367889404297e+00
2.563953399658203125e-01
-1.063779592514038086e+00
3.950061742216348648e-03
6.563800573348999023e-02
6.098982691764831543e-01
9.577437043190002441e-01
-1.007638812065124512e+00
-7.942472696304321289e-01
4.695291221141815186e-01
-6.872232556343078613e-01
-6.107056140899658203e-01
2.340173959732055664e+00
6.323187351226806641e-01
8.391436934471130371e-01
6.217566877603530884e-02
4.746725559234619141e-01
-1.273387074470520020e+00
7.123118638992309570e-01
1.719225764274597168e+00
9.547721743583679199e-01
2.872729599475860596e-01
5.187524557113647461e-01
5.772526741027832031e+00
7.843585014343261719e-01
1.889007836580276489e-01
1.238751769065856934e+00
-1.113872051239013672e+00
8.801290988922119141e-01
-2.414328902959823608e-01
-1.704823851585388184e+00
-7.878448814153671265e-02
2.105717062950134277e-01
-1.885218501091003418e+00
1.183273121714591980e-01
1.560156643390655518e-01
9.044489860534667969e-01
-2.558182775974273682e-01
3.002412989735603333e-02
3.220696747303009033e-01
-3.521529436111450195e-01
2.033243887126445770e-02
1.565142631530761719e+00
-2.123857662081718445e-02
-3.075290024280548096e-01
-4.017453640699386597e-03
1.669800467789173126e-02
-3.983432799577713013e-02
1.809199303388595581e-01
4.171457588672637939e-01
2.110077619552612305e+00
5.050951242446899414e-01
-3.399156630039215088e-01
-4.204072058200836182e-02
5.420235991477966309e-01
4.151945561170578003e-02
4.481432139873504639e-01
3.782964468002319336e+00
-2.292027920484542847e-01
-3.350773826241493225e-02
1.967665404081344604e-01
7.064728438854217529e-02
1.668146252632141113e-01
-1.816138863563537598e+00
-4.318635165691375732e-01
-5.957703590393066406e-01
2.159630656242370605e-01
-1.409041434526443481e-01
-2.824843406677246094e+00
-1.236666202545166016e+00
-3.305931687355041504e-01
-1.817051917314529419e-01
1.168714404106140137e+00
4.200750589370727539e-02
2.079645246267318726e-01
2.584126889705657959e-01
-1.829639375209808350e-01
1.504989743232727051e+00
-8.187775611877441406e+00
-7.700865864753723145e-01
6.395195722579956055e-01
2.893612086772918701e-01
-1.283250451087951660e-01
7.044796347618103027e-01
-2.475148886442184448e-01
-6.094924211502075195e-01
1.454134106636047363e+00
2.518507540225982666e-01
-7.058819383382797241e-02
-1.492008566856384277e+00
5.603497028350830078e-01
7.774984240531921387e-01
-2.895418167114257812e+00
-4.012778997421264648e-01
1.617766916751861572e-01
3.597589135169982910e-01
-5.681700110435485840e-01
7.016747444868087769e-02
4.013045132160186768e-01
-1.521532237529754639e-01
1.625846982002258301e+00
1.913481950759887695e-01
5.097757577896118164e-01
1.246197938919067383e+00
9.903970956802368164e-01
5.429430007934570312e-01
-1.655813097953796387e+00
1.058961510658264160e+00
3.072837926447391510e-02
-8.001358062028884888e-02
1.248114109039306641e+00
-7.730375528335571289e-01
-9.529877305030822754e-01
1.867469102144241333e-01
-4.587986692786216736e-02
-1.101911425590515137e+00
-4.042555689811706543e-01
-9.358815103769302368e-02
3.481493890285491943e-01
-5.025235563516616821e-02
5.842625498771667480e-01
2.170437097549438477e+00
-3.085226118564605713e-01
-7.254204154014587402e-01
-9.855261445045471191e-02
2.969407662749290466e-02
-3.596882820129394531e-01
1.841414421796798706e-01
-2.732505500316619873e-01
1.309798657894134521e-01
-9.149309247732162476e-03
2.925719916820526123e-01
-1.446182250976562500e+00
-3.053873777389526367e-01
-2.021208763122558594e+00
1.852516382932662964e-01
1.399503946304321289e+00
-4.936898872256278992e-02
-1.078748982399702072e-02
-5.923958495259284973e-02
-1.208067089319229126e-01
-2.767243981361389160e-01
3.838832974433898926e-01
-1.863556802272796631e-01
-9.381815791130065918e-01
-2.218783199787139893e-01
2.000867128372192383e-01
1.418781399726867676e+00
-7.515844702720642090e-01
-5.439838767051696777e-01
-6.265989542007446289e-01
-4.803380668163299561e-01
2.123000174760818481e-01
8.988747000694274902e-01
-5.407763123512268066e-01
-1.221803545951843262e+00
6.948407888412475586e-01
1.011629939079284668e+00
6.189491748809814453e-01
-5.416537523269653320e-01
4.322108268737792969e+00
-3.419192880392074585e-02
8.693038821220397949e-01
1.225806832313537598e+00
1.294155359268188477e+00
2.498757839202880859e+00
1.684423685073852539e+00
1.722533464431762695e+00
-3.806155025959014893e-01
5.383974909782409668e-01
-1.525661796331405640e-01
4.483388066291809082e-01
4.596846103668212891e-01
8.936164379119873047e-01
-4.145811796188354492e-01
-5.206322073936462402e-01
1.191856861114501953e+00
-2.596107311546802521e-02
-8.100702762603759766e-01
1.077239736914634705e-01
-1.819380819797515869e-01
-1.627430021762847900e-01
-2.866691052913665771e-01
2.867090702056884766e-01
-8.143582344055175781e-01
-6.825731396675109863e-01
-6.071456670761108398e-01
-2.560835778713226318e-01
-7.304688096046447754e-01
-2.474096268415451050e-01
-2.467494010925292969e-01
-4.282927513122558594e-01
-2.925965189933776855e-01
-5.783335566520690918e-01
-1.677021741867065430e+00
-1.699455857276916504e+00
-1.672485172748565674e-01
5.954588763415813446e-03
-9.838332235813140869e-02
-6.900659799575805664e-01
-4.831628203392028809e-01
7.392114996910095215e-01
5.953291058540344238e-01
1.432641625404357910e+00
7.266440391540527344e-01
8.432965278625488281e-01
3.117744028568267822e-01
-1.097759485244750977e+00
-2.367902100086212158e-01
1.666140317916870117e+00
1.022393703460693359e-01
1.385710239410400391e+00
2.559746265411376953e+00
-2.945797145366668701e-01
1.183212947845458984e+01
6.755807399749755859e-01
1.753447055816650391e+00
7.285038232803344727e-01
8.119307756423950195e-01
1.021363362669944763e-01
3.567433059215545654e-01
-1.244903802871704102e+00
-1.200682371854782104e-01
-5.101602077484130859e-01
-1.482349485158920288e-01
9.590793251991271973e-01
1.539644300937652588e-01
1.197378039360046387e+00
5.679280757904052734e-01
5.152031779289245605e-01
-1.735754847526550293e+00
-1.563031673431396484e+00
-6.447272300720214844e-01
8.967823982238769531e-01
6.326065659523010254e-01
-2.720351144671440125e-02
8.288574814796447754e-01
1.261430382728576660e+00
-1.752504408359527588e-01
7.348549842834472656e+00
-4.688282966613769531e+00
-8.452496528625488281e+00
-1.261957645416259766e+01
-3.903923034667968750e+00
-1.175839543342590332e+00
1.156139945983886719e+01
8.579026460647583008e-01
-1.252445697784423828e+00
7.731989622116088867e-01
1.794438362121582031e+00
4.850560188293457031e+00
1.621057689189910889e-01
2.525792360305786133e+00
-2.383036613464355469e+00
7.462652325630187988e-01
1.393303871154785156e+00
2.930233716964721680e+00
-7.836247682571411133e-01
2.533450126647949219e-01
3.193888902664184570e+00
5.304158851504325867e-02
1.625467181205749512e+00
-6.461933851242065430e-01
-6.947626471519470215e-01
-1.522597074508666992e+00
-1.805067509412765503e-01
-9.906268119812011719e-01
-1.302229464054107666e-01
-9.096785783767700195e-01
1.028093338012695312e+00
-3.005176484584808350e-01
4.780967533588409424e-01
-2.495687723159790039e+00
-4.234503805637359619e-01
1.810212373733520508e+00
-5.412545204162597656e-01
-7.439356446266174316e-01
-1.328803449869155884e-01
-2.253570318222045898e+00
2.599641561508178711e+00
8.481196761131286621e-01
-8.808430433273315430e-01
-1.817375123500823975e-01
1.791719198226928711e+00
5.911130905151367188e+00
-6.493415832519531250e-01
1.113164544105529785e+00
-2.730139791965484619e-01
-1.754326969385147095e-01
-9.640447050333023071e-02
6.008963584899902344e-01
-1.255870163440704346e-01
2.458092212677001953e+00
1.199471056461334229e-01
-4.037803411483764648e-01
-2.825440883636474609e+00
3.490949630737304688e+00
6.651427149772644043e-01
-9.398397207260131836e-01
-3.709959506988525391e+00
1.556717157363891602e+00
1.544184684753417969e+00
1.018583297729492188e+01
9.187266230583190918e-01
-4.889396429061889648e-01
6.193019866943359375e+00
1.408765763044357300e-01
6.391655206680297852e-01
-1.829642891883850098e+00
-6.513302680104970932e-03
-6.335659027099609375e-01
-1.275238037109375000e+00
-1.575574398040771484e+00
3.560117185115814209e-01
-5.216500282287597656e+00
5.019761919975280762e-01
-2.282614856958389282e-01
1.025378584861755371e+00
6.838766932487487793e-01
8.889691829681396484e-01
2.664748728275299072e-01
-1.057331800460815430e+00
-3.445402383804321289e+00
2.399884462356567383e+00
-5.925565958023071289e-01
-2.029804944992065430e+00
-5.236477375030517578e+00
-1.591919660568237305e+00
-1.659158587455749512e+00
-8.549498558044433594e+00
3.465586006641387939e-01
2.580319046974182129e-01
-8.486422300338745117e-01
-7.316523790359497070e-01
4.806631505489349365e-01
9.100234031677246094e+00
1.045193195343017578e+00
2.043834447860717773e+00
-7.748167514801025391e-01
7.379750013351440430e-01
-8.303189277648925781e-01
5.746263980865478516e+00
2.028252124786376953e+00
-3.283398449420928955e-01
5.086923122406005859e+00
-3.929626941680908203e-01
6.073589920997619629e-01
-5.699402332305908203e+00
3.317144513130187988e-01
-4.292547702789306641e+00
-2.949521255493164062e+01
1.931033730506896973e+00
-9.491495490074157715e-01
-2.461054623126983643e-01
1.025753974914550781e+00
-8.738208413124084473e-01
1.405126810073852539e+00
3.566471934318542480e-01
-2.689387559890747070e+00
-1.228676915168762207e+00
7.291117310523986816e-01
3.268421888351440430e+00
-4.292404651641845703e-01
-1.637450933456420898e+00
4.749832630157470703e+00
2.830596566200256348e-01
2.372021675109863281e+00
-1.838341832160949707e+00
1.553860187530517578e+00
-6.246778368949890137e-01
-3.192496597766876221e-01
2.096843481063842773e+00
-3.910106182098388672e+00
1.504025012254714966e-01
2.176040858030319214e-01
-3.587652921676635742e+00
-8.860043883323669434e-01
-7.538995742797851562e-01
5.046283245086669922e+00
-1.060281872749328613e+00
1.065607190132141113e+00
-1.733662843704223633e+00
1.034984588623046875e+00
-7.048276662826538086e-01
-2.088178157806396484e+00
-5.154122829437255859e+00
4.180197119712829590e-01
-1.519048511981964111e-01
3.310751438140869141e+00
-4.675966262817382812e+00
-1.708954453468322754e+00
-6.877058506011962891e+00
-1.270745277404785156e+00
1.688363552093505859e+00
1.999712586402893066e+00
-1.027510091662406921e-01
4.408876001834869385e-01
1.171055316925048828e+00
8.834411501884460449e-01
8.146878331899642944e-02
1.639434218406677246e+00
1.236309409141540527e+00
2.511361122131347656e+00
-1.849049806594848633e+00
1.253413796424865723e+00
-1.252195686101913452e-01
2.187873363494873047e+00
-7.564201951026916504e-01
-3.655642747879028320e+00
1.777719892561435699e-02
1.295776367187500000e+00
1.041946411132812500e+00
-1.570647001266479492e+00
5.640103667974472046e-02
2.382741451263427734e+00
-2.385935932397842407e-01
-1.364745616912841797e+00
-1.020187854766845703e+00
-9.854514002799987793e-01
1.363441228866577148e+00
3.991215467453002930e+00
1.297792077064514160e+00
1.016913890838623047e+00
-4.465794563293457031e-01
-1.817558258771896362e-01
2.076839685440063477e+00
-1.673738509416580200e-01
-9.186637401580810547e-01
4.954935908317565918e-01
-7.551841139793395996e-01
1.060226321220397949e+00
1.958982110023498535e+00
-1.327146530151367188e+00
9.207751154899597168e-01
1.401755213737487793e+00
-4.636309146881103516e+00
-1.913210988044738770e+00
-1.091013431549072266e+00
1.448379039764404297e+00
3.496504306793212891e+00
-2.210372209548950195e+00
2.032260894775390625e+00
3.882668912410736084e-01
-3.765642881393432617e+00
-7.979736924171447754e-01
-6.841267943382263184e-01
2.471719264984130859e+00
-6.282304525375366211e-01
2.608550190925598145e-01
1.326973676681518555e+00
3.544134616851806641e+00
4.871093630790710449e-01
-9.856048822402954102e-01
-1.128543376922607422e+00
-5.757805705070495605e-01
-1.489537000656127930e+00
-6.341710090637207031e-01
1.305525541305541992e+00
2.591322898864746094e+00
-2.423418045043945312e+00
-2.435802936553955078e+00
-2.920686006546020508e+00
1.677643418312072754e+00
-2.307589530944824219e+00
6.631690859794616699e-01
5.224236011505126953e+00
-3.986290931701660156e+00
-7.775552272796630859e-01
1.331398487091064453e+00
4.943483352661132812e+00
1.094710946083068848e+00
4.070033550262451172e+00
-2.876775741577148438e+00
2.316544950008392334e-01
4.607723057270050049e-01
2.854574918746948242e+00
6.287215232849121094e+00
6.540023088455200195e-01
2.174386739730834961e+00
-2.201768636703491211e+00
-4.040236949920654297e+00
-6.752722263336181641e-01
-1.435215353965759277e+00
-1.726227998733520508e-01
-2.565423727035522461e+00
3.877555608749389648e+00
9.339565277099609375e+00
-1.818740516901016235e-01
-1.724341511726379395e-02
-6.779236253350973129e-03
1.940847396850585938e+00
2.081011056900024414e+00
