1.546629619598388672e+01
7.240697860717773438e+00
1.659312248229980469e+01
2.272009849548339844e+00
9.216019630432128906e+00
1.554703330993652344e+01
1.438366603851318359e+01
8.281787872314453125e+00
1.544483184814453125e+01
1.812577056884765625e+01
3.331880092620849609e+00
4.315326511859893799e-01
1.063602089881896973e+00
-2.799747467041015625e+00
-3.806537687778472900e-01
2.333884000778198242e+00
3.238128900527954102e+00
-2.577347755432128906e+00
-1.715656876564025879e+00
2.873724460601806641e+00
-1.082981204986572266e+01
3.558410644531250000e+00
2.931727409362792969e+00
-3.831808328628540039e+00
2.916167497634887695e+00
8.979052543640136719e+00
-1.467163324356079102e+00
-1.216356849670410156e+01
1.412719345092773438e+01
-5.714036941528320312e+00
-8.603541374206542969e+00
7.297153472900390625e+00
-5.919241428375244141e+00
-2.576417684555053711e+00
-1.553279280662536621e+00
-3.240445613861083984e+00
1.450014207512140274e-02
-5.906969904899597168e-01
2.912427663803100586e+00
2.099051177501678467e-01
1.996334671974182129e+00
-3.110677897930145264e-01
1.121007061004638672e+01
1.087529882788658142e-01
1.691923141479492188e+00
-3.913808345794677734e+00
1.448879337310791016e+01
6.642807006835937500e+00
1.988432765007019043e+00
7.940040588378906250e+00
4.748663902282714844e+00
2.436997890472412109e+00
-8.252134323120117188e+00
-3.516487360000610352e+00
4.440878868103027344e+00
5.821524620056152344e+00
1.265754985809326172e+01
-1.898837804794311523e+00
2.769567489624023438e+00
-3.963147163391113281e+00
-5.854953289031982422e+00
-5.813419818878173828e+00
2.576865434646606445e+00
1.718914628028869629e+00
1.353795051574707031e+00
-1.146285653114318848e+00
-1.268040388822555542e-02
-2.879909873008728027e-01
2.809021472930908203e+00
-5.556704476475715637e-02
2.171296596527099609e+00
3.375662803649902344e+00
2.543777525424957275e-01
7.540996670722961426e-01
-1.055259466171264648e+00
6.270006656646728516e+00
-1.591103553771972656e+00
3.564302921295166016e+00
5.420995235443115234e+00
1.374745368957519531e+00
9.027531743049621582e-01
-1.814835071563720703e+00
1.458077430725097656e+00
1.648715972900390625e+00
-1.449562907218933105e+00
2.599395036697387695e+00
2.474781721830368042e-01
3.133682727813720703e+00
1.849324345588684082e+00
5.308129787445068359e+00
-1.362294673919677734e+00
9.662083983421325684e-01
-4.693791270256042480e-02
1.073714852333068848e+00
-2.753070354461669922e+00
2.616426229476928711e+00
-6.025136113166809082e-01
5.671824216842651367e-01
2.212728261947631836e+00
4.375763535499572754e-01
1.909610867500305176e+00
-7.111983776092529297e+00
3.025612831115722656e+00
-2.420069932937622070e+00
1.922477483749389648e+00
2.517521858215332031e+00
4.999094486236572266e+00
1.256341934204101562e+00
-4.310594201087951660e-01
-1.705638408660888672e+00
-7.988476753234863281e-01
-9.878990650177001953e-01
2.206329107284545898e+00
-8.480604887008666992e-01
-1.046470761299133301e+00
6.645249366760253906e+00
4.333492755889892578e+00
4.225141406059265137e-01
9.784954190254211426e-01
-5.502490043640136719e+00
-1.758741289377212524e-01
3.227891921997070312e-01
9.035728573799133301e-01
-4.687237739562988281e-01
-3.051545023918151855e-01
5.565868020057678223e-01
-7.936570048332214355e-01
8.096137046813964844e-01
2.679941356182098389e-01
5.168576240539550781e-01
8.220598220825195312e+00
-4.301045894622802734e+00
3.367805480957031250e+00
8.626572608947753906e+00
1.603578180074691772e-01
2.614600896835327148e+00
1.947773694992065430e+00
2.082577228546142578e+00
3.177040576934814453e+00
-5.990049839019775391e+00
-2.352385520935058594e+00
5.878963470458984375e+00
4.330440998077392578e+00
-2.663832664489746094e+00
8.189160346984863281e+00
3.906483352184295654e-01
-9.995683670043945312e+00
-8.766902089118957520e-01
2.747434854507446289e+00
4.767018854618072510e-01
-2.193383455276489258e+00
2.611812829971313477e+00
2.848560094833374023e+00
3.232730627059936523e+00
-1.339481353759765625e+00
-3.583367764949798584e-01
-3.203574657440185547e+00
1.645065665245056152e+00
-5.561321258544921875e+00
4.143506050109863281e+00
4.990484237670898438e+00
5.667900085449218750e+00
-2.191072940826416016e+00
-3.730491101741790771e-01
-1.655065417289733887e+00
1.634599447250366211e+00
1.026389026641845703e+01
7.637723922729492188e+00
-2.338178396224975586e+00
-1.648590922355651855e+00
5.143821239471435547e+00
2.573237657546997070e+00
-9.924346208572387695e-01
1.109669446945190430e+00
-5.078620433807373047e+00
-1.196109890937805176e+00
