5.000000074505805969e-02 3.926990926265716553e-01
5.000000074505805969e-02 7.853981852531433105e-01
5.000000074505805969e-02 0.000000000000000000e+00
5.000000074505805969e-02 1.178097248077392578e+00
5.000000074505805969e-02 1.570796370506286621e+00
2.111111134290695190e-01 3.926990926265716553e-01
2.111111134290695190e-01 7.853981852531433105e-01
2.111111134290695190e-01 0.000000000000000000e+00
2.111111134290695190e-01 1.178097248077392578e+00
2.111111134290695190e-01 1.570796370506286621e+00
3.722222149372100830e-01 3.926990926265716553e-01
3.722222149372100830e-01 7.853981852531433105e-01
3.722222149372100830e-01 0.000000000000000000e+00
3.722222149372100830e-01 1.178097248077392578e+00
3.722222149372100830e-01 1.570796370506286621e+00
5.333333611488342285e-01 3.926990926265716553e-01
5.333333611488342285e-01 7.853981852531433105e-01
5.333333611488342285e-01 0.000000000000000000e+00
5.333333611488342285e-01 1.178097248077392578e+00
5.333333611488342285e-01 1.570796370506286621e+00
6.944444179534912109e-01 3.926990926265716553e-01
6.944444179534912109e-01 7.853981852531433105e-01
6.944444179534912109e-01 0.000000000000000000e+00
6.944444179534912109e-01 1.178097248077392578e+00
6.944444179534912109e-01 1.570796370506286621e+00
8.555555343627929688e-01 3.926990926265716553e-01
8.555555343627929688e-01 7.853981852531433105e-01
8.555555343627929688e-01 0.000000000000000000e+00
8.555555343627929688e-01 1.178097248077392578e+00
8.555555343627929688e-01 1.570796370506286621e+00
1.016666650772094727e+00 3.926990926265716553e-01
1.016666650772094727e+00 7.853981852531433105e-01
1.016666650772094727e+00 0.000000000000000000e+00
1.016666650772094727e+00 1.178097248077392578e+00
1.016666650772094727e+00 1.570796370506286621e+00
1.177777767181396484e+00 3.926990926265716553e-01
1.177777767181396484e+00 7.853981852531433105e-01
1.177777767181396484e+00 0.000000000000000000e+00
1.177777767181396484e+00 1.178097248077392578e+00
1.177777767181396484e+00 1.570796370506286621e+00
1.338888883590698242e+00 3.926990926265716553e-01
1.338888883590698242e+00 7.853981852531433105e-01
1.338888883590698242e+00 0.000000000000000000e+00
1.338888883590698242e+00 1.178097248077392578e+00
1.338888883590698242e+00 1.570796370506286621e+00
1.500000000000000000e+00 3.926990926265716553e-01
1.500000000000000000e+00 7.853981852531433105e-01
1.500000000000000000e+00 0.000000000000000000e+00
1.500000000000000000e+00 1.178097248077392578e+00
1.500000000000000000e+00 1.570796370506286621e+00
