3.132967948913574219e-01
2.394454330205917358e-01
2.206629514694213867e-01
1.658282279968261719e-01
-6.644463539123535156e-02
2.078186571598052979e-01
5.152254924178123474e-02
8.444660156965255737e-02
3.676362335681915283e-02
-3.036205172538757324e-01
-2.378432825207710266e-02
3.258596956729888916e-01
2.999937236309051514e-01
2.232583612203598022e-01
-7.915366441011428833e-02
2.802935540676116943e-01
7.841910421848297119e-02
1.191331744194030762e-01
4.297809302806854248e-02
-4.140088260173797607e-01
-4.279245436191558838e-02
-4.991567693650722504e-03
-3.943839110434055328e-03
-2.377181226620450616e-05
1.028910651803016663e-02
-6.338510662317276001e-03
3.226905362680554390e-03
5.151886027306318283e-03
-1.712408848106861115e-02
-1.536335702985525131e-02
-1.705006882548332214e-02
1.274597740173339844e+01
1.409425640106201172e+01
1.547432231903076172e+01
1.684262657165527344e+01
2.029470252990722656e+01
2.653504943847656250e+01
2.565625190734863281e+01
2.322465896606445312e+01
2.647688865661621094e+01
3.207717514038085938e+01
-6.153067588806152344e+00
-9.285536408424377441e-01
-2.602682590484619141e+00
-1.121711373329162598e+00
5.178982257843017578e+00
-9.249302148818969727e-01
3.162090301513671875e+00
-1.139179430902004242e-02
-2.090457916259765625e+00
-7.194784164428710938e+00
-5.990528687834739685e-02
-2.585275471210479736e-01
-7.375323176383972168e-01
1.614058375358581543e+00
2.035306692123413086e+00
-4.185711741447448730e-01
3.301501870155334473e-01
1.366640180349349976e-01
-2.666723489761352539e+00
-1.769044101238250732e-01
-5.704389810562133789e-01
-1.214391812682151794e-01
1.356809020042419434e+00
6.769741773605346680e-01
-4.953841269016265869e-01
-1.381911396980285645e+00
-3.169456720352172852e+00
5.059299468994140625e-01
1.300244331359863281e+00
-1.405188322067260742e+00
-1.629010587930679321e-01
1.013617396354675293e+00
1.002614125609397888e-01
-7.617863416671752930e-01
-1.213806346058845520e-01
1.588577628135681152e+00
1.309691429138183594e+00
2.275307029485702515e-01
3.424499630928039551e-01
5.761427879333496094e+00
4.134072363376617432e-01
-4.351664483547210693e-01
2.518949508666992188e-01
-5.695118904113769531e-01
-1.024487495422363281e+00
-8.356189131736755371e-01
-1.919018626213073730e-01
-1.376494616270065308e-01
1.057556033134460449e+00
5.384858846664428711e-01
6.925976276397705078e-01
4.426124691963195801e-01
-8.729715645313262939e-02
-2.661187410354614258e+00
-8.455670356750488281e+00
1.602294743061065674e-01
-2.320061773061752319e-01
4.506745934486389160e-01
-1.642743796110153198e-01
-4.359679818153381348e-01
-2.380426377058029175e-01
6.815801858901977539e-01
2.833591774106025696e-02
2.028344422578811646e-01
-1.631635874509811401e-01
2.147679328918457031e-01
2.474069446325302124e-01
4.230816960334777832e-01
3.413874208927154541e-01
5.520138144493103027e-01
2.331668511033058167e-02
3.629393875598907471e-01
5.974838733673095703e-01
-9.795114994049072266e-01
-7.121363282203674316e-01
-2.077775001525878906e-01
1.789723932743072510e-01
-4.991930425167083740e-01
-2.505454421043395996e-01
9.730202555656433105e-01
-2.838084101676940918e-01
1.274008035659790039e+00
-6.087653711438179016e-02
5.796678662300109863e-01
-4.436214566230773926e-01
-2.814528532326221466e-03
-7.164477556943893433e-02
1.453876852989196777e+00
5.030320286750793457e-01
-2.327519804239273071e-01
-3.227997124195098877e-01
4.769428372383117676e-01
-3.634628951549530029e-01
-1.212669134140014648e+00
1.855789124965667725e-01
-7.645541429519653320e-01
1.060468927025794983e-01
2.407493889331817627e-01
3.985081613063812256e-02
6.581111550331115723e-01
4.138085544109344482e-01
3.007983565330505371e-01
8.821303397417068481e-02
2.246845513582229614e-01
8.875768631696701050e-02
3.494364395737648010e-02
-4.512961581349372864e-02
-8.636579513549804688e-01
-1.082631945610046387e-01
1.014690399169921875e+00
1.418091893196105957e+00
2.088795185089111328e+00
1.650894999504089355e+00
-6.818591594696044922e+00
5.053044319152832031e+00
1.087704277038574219e+01
-5.495095252990722656e+00
8.768975257873535156e+00
-7.531269073486328125e+00
-1.219581127166748047e+01
4.785155132412910461e-02
3.006247282028198242e+00
2.981234312057495117e+00
-3.841027736663818359e+00
-9.198619842529296875e+00
3.422528982162475586e+00
-3.429476976394653320e+00
-2.180289983749389648e+00
6.735091209411621094e+00
1.064018905162811279e-01
1.165799856185913086e+00
2.611424446105957031e+00
-2.341392755508422852e+00
-3.893970251083374023e+00
9.446963071823120117e-01
-4.216884136199951172e+00
2.044766247272491455e-01
3.278860569000244141e+00
6.661965847015380859e+00
6.725669860839843750e+00
-2.512439966201782227e+00
1.079890918731689453e+01
1.138822197914123535e+00
-1.080597496032714844e+01
4.495698958635330200e-02
1.642622470855712891e+00
1.077473163604736328e+00
2.688709974288940430e+00
-2.381244659423828125e+00
1.029239940643310547e+01
1.034911251068115234e+01
2.460445404052734375e+00
-1.735412240028381348e+00
1.414378285408020020e+00
2.315979719161987305e+00
3.511985301971435547e+00
2.903483152389526367e+00
4.342337846755981445e-01
-4.591423034667968750e+00
1.124119609594345093e-01
-9.603283405303955078e-01
1.118262195587158203e+01
2.328494638204574585e-01
-3.984170675277709961e+00
-1.143362236022949219e+01
-2.127341747283935547e+00
2.852150201797485352e+00
1.630688071250915527e+00
9.127001762390136719e-01
3.416278123855590820e+00
4.541069984436035156e+00
-4.242287874221801758e-01
-1.061241817474365234e+01
-1.440611243247985840e+00
-1.149446144700050354e-01
2.612413883209228516e+00
-2.139251947402954102e+00
2.362647771835327148e+00
-1.940487146377563477e+00
-7.417391777038574219e+00
-2.154387235641479492e+00
1.256754684448242188e+01
1.769855856895446777e+00
-4.680408954620361328e+00
-3.313916206359863281e+00
-2.825377941131591797e+00
-1.592625141143798828e+00
1.429238677024841309e+00
-8.052784204483032227e-01
9.586234092712402344e+00
-2.726673841476440430e+00
2.011948823928833008e+00
-6.319303512573242188e+00
4.322283267974853516e+00
-8.336442947387695312e+00
1.408783626556396484e+01
6.736758708953857422e+00
1.374638843536376953e+01
6.745779514312744141e+00
-3.451587200164794922e+00
-6.041346073150634766e+00
4.987937927246093750e+00
9.543815612792968750e+00
-3.374444961547851562e+00
6.321942329406738281e+00
9.115601539611816406e+00
-3.542505741119384766e+00
1.238073229789733887e+00
3.663081526756286621e-01
1.456882357597351074e+00
-6.323116779327392578e+00
-2.237281084060668945e+00
-6.357047080993652344e+00
3.948444604873657227e+00
-6.623414516448974609e+00
-5.554203033447265625e+00
1.155425190925598145e+00
-5.613875389099121094e+00
-1.675364375114440918e+00
1.601448631286621094e+01
0.000000000000000000e+00
2.432766914367675781e+00
1.956010460853576660e+00
