1.000000000000000000e+00
2.159869010038331982e+00
1.639554069438040607e+00
4.101716808589155883e-01
1.455259548753782273e-01
9.229035971174603947e-01
6.131499802952699030e-01
4.853547876665081362e-01
2.273149550118465645e-01
3.009386066251062974e-01
3.181702690144861401e-01
2.164176550800686605e-01
2.978591475817725875e+00
-2.339461191189013134e-01
2.008066684915950639e-01
1.657605259376291884e-01
-2.725107704476139037e-01
-3.241682033770147964e-01
2.038869850326846256e-01
4.721978889964589809e-01
5.349309696119470381e+00
-6.341760293862795939e-01
-1.191597512304833462e+00
4.263225258239114801e+00
5.423637539030143451e+00
7.992196308083156175e+00
7.922347496592376359e+00
9.801342227286665931e+00
1.399674312783658614e+01
1.168249181931612668e+01
1.208311267083374929e+01
1.656435623812944158e+01
1.657069574208913210e+01
2.291172053708559275e+01
2.092279806241306161e+01
2.223441498786859682e+01
2.562319317780514538e+01
2.775617841640275429e+01
2.531075498477676433e+01
3.018226682830499286e+01
3.134464112113791501e+01
-1.477018057161209708e+00
2.564785258081531349e+00
2.698956315282153628e+00
-3.223459693474555632e+00
3.422653668320094766e-01
-1.944503262290727674e+00
-3.958974281535943884e+00
-3.151001622781570255e+00
-1.336877052303272473e+00
-3.371715279103413732e+00
-1.015448744363101063e+00
5.430539666682535627e-01
4.196359815063226861e+00
6.208871520800993693e-01
-1.697834202205400933e+00
8.732135988373291857e-01
-1.642744306899341256e+00
-5.050276508856362589e+00
6.321614439974266197e+00
3.228458594544088456e+00
-6.075053131288104424e+00
-2.492131163949296901e+00
3.899587850580804593e-02
-1.284050184646378989e+00
1.218238578128309157e+00
-4.980432738164606299e+00
-1.843484935967121041e+00
-8.328925649589071778e-01
4.767694584654484480e+00
-2.285016411643970180e+00
-2.539110569553714836e+00
-7.502654020162122794e-01
1.071684469837657527e+00
-3.049682768967670654e+00
3.046461100619988205e+00
3.528367967732347399e+00
-7.562717085132655281e-01
4.616057851405548362e+00
3.607420446361345179e-01
-1.390196311016834496e+00
-1.775837377371324299e+00
-9.230363751755664481e+00
-2.008850804518793609e+00
3.920636910206993342e+00
5.075616569308681214e+00
-1.046424800365064911e+00
-2.076967366721671926e+00
-6.438832660810393627e+00
-5.475376853840576707e+00
-7.742276178500434369e+00
-1.693630593665444772e+00
-2.538751526931909197e+00
-3.295185739137691083e+00
-1.802862457727356649e+00
-6.186613775698035056e+00
2.460844258133839890e+00
-5.874470521575205773e+00
-4.466740084995569404e+00
-2.879578051093929503e+00
6.883927483577532147e-01
-1.452704758802963125e+00
2.453785647269217662e+00
6.788094624172549274e-01
-4.969467624200489264e-01
-1.947972839669474265e-01
-2.765126741871057003e+00
-5.827753160184023784e+00
6.633627824308765408e-01
-4.963526740528673820e+00
3.019475119180158096e+00
2.996125292741425472e+00
-4.164013867335578212e+00
-1.268257091078909493e+00
-1.181894106341399242e+00
-4.530354564732673728e-01
-8.308179123719587889e-01
-6.119892348740748611e-01
-7.492492679957389434e+00
3.014122351005267042e+00
-1.358287678960425238e+00
-1.250000423024239526e-01
-6.679591665469254425e-01
3.507157647320437555e+00
-7.971858190895779739e-01
-6.806156161954461936e+00
6.420871902871617687e-01
-4.019835926836167195e-01
3.469092298632694860e+00
2.900601194012778716e+00
3.973666897833627143e+00
-9.283955651043099166e+00
-2.425083394182780960e+00
1.997115394943298705e+00
1.028194442574387413e+00
2.005834137303577513e+00
-2.212973332120976355e+00
7.970005414864181903e-01
-5.350342207371346248e+00
-3.117387343052702708e-01
-4.716248125696886007e+00
2.165292097301719232e-01
3.586406330939581721e+00
4.166148777677645132e-01
5.085875021254623540e+00
-1.777904482138889852e+00
2.602444012973031406e-01
-2.447889118283802234e-01
-1.690451834068854575e+00
5.421583314327020453e+00
3.513285508322848916e+00
-1.869291386624116980e+00
1.291916902565567238e+00
-4.559890393942573006e+00
8.071158528595201442e-01
-8.353845149789922431e-01
3.983161209813468329e-01
7.380455550564851031e+00
3.706785278846422838e+00
1.408309847275901250e+00
-6.597548800158133941e-01
-2.359084716940841986e+00
-2.369152303206959242e+00
-2.328759069013294436e+00
-5.827652239169511805e-01
-1.729195424092470734e+00
8.588312506820074965e-01
1.111337897597539870e+00
-1.725739510841180602e+00
9.953736101748202891e-01
3.650584624726606719e+00
-3.671855761397322948e-01
-3.299824195604569521e+00
-8.413124028356608886e-01
-1.227833812989787221e+00
7.816205903690407464e-01
3.448165515457364716e+00
2.523044858397785362e+00
-1.885289008094347477e-02
1.858718569074833127e+00
1.617146335408706781e+00
2.737238345070409640e+00
6.165768040099341540e+00
9.967749956592211191e+00
5.584642159927688532e+00
-5.474232102338190131e+00
-7.561792441101640172e-01
-3.170195944006171107e+00
-2.168601390000166607e+00
-1.532043112528839179e+00
-7.156279488728052307e-01
-1.698281727532912899e-01
-1.080512780618417379e+00
-3.844702489529351563e+00
9.128840042757367712e+00
-3.571280575655452871e+00
3.204221294437550327e+00
-3.140547754346801224e+00
-3.507105676117682425e+00
3.715417131069017609e-01
-2.183323924868858068e+00
1.730803305289988048e+00
5.833629037329391975e-01
-1.885081848206972888e+00
-3.778115749721132344e-02
-6.124339616010623821e+00
-1.181198658381312355e-01
-3.981646806340932709e+00
3.255953513901591823e+00
-4.538645348249969125e+00
4.106535750496425607e-01
4.006471889639440676e+00
-1.126266237457641317e+00
4.243198638070545314e+00
-1.192621307948583259e-01
5.465717394384058458e+00
-2.191889329707834122e+00
5.230649464756307765e+00
3.414060237653822050e+00
-1.703882068680621087e+00
5.883942577786667627e+00
-2.104018294615827234e+00
-4.138703416326196205e+00
3.072653047042256613e+00
2.556396752141084860e+00
-8.951854458760444277e-01
2.941310212718005745e-01
-6.435374919878548983e-02
2.733784281280270401e-01
5.567961154548686231e+00
-1.317789611272111916e+00
3.400248406234305243e+00
4.187509330655048601e+00
9.480693504101853630e-01
-5.490092144478306846e-01
-5.421145525541460231e+00
3.458839844188093871e+00
-1.632182390332938438e+00
3.272944378567452794e+00
-7.739974346091620383e-01
-3.048861512498346915e+00
3.329521795907569803e+00
-2.663183007447302852e-01
-2.643923174669756015e+00
1.897987135466698172e+00
2.989443513621154458e-01
-4.174331966076141320e+00
-1.913049531806679582e+00
5.307151391011647235e+00
2.329918147648730731e+00
2.284329297109243484e+00
-2.954488054627849358e+00
-5.826012765899589718e-01
-2.198040622688117285e+00
-2.421346759183254704e+00
-2.615503364581047485e+00
-2.479112951349537575e+00
-5.890958833412787143e-01
-2.773964416602401784e+00
-1.776279603077179636e-01
-1.849169368676925052e+00
1.952991475973417268e+00
3.145780237850139383e+00
5.701373578699164391e+00
-1.460000693810647565e+00
5.813456748422216602e-01
1.200669975906404785e+00
-1.166349471642422309e+00
-1.272606553686923547e+00
1.138111805403841048e+00
1.590252850164659115e+00
-1.165824306696332968e+00
-1.498628298904203238e+00
-6.025915093913490894e-01
-2.938632623750266237e+00
1.398487076181637034e+00
6.457955741882721590e-01
1.241079663802754224e-01
4.461186972028396980e-01
-2.006686945809690314e+00
-2.254906509903586986e+00
1.264690708298218835e+00
2.156469878690408792e-01
5.882831996544841680e-01
3.028053603244637224e-02
1.914707898800841912e+00
-6.453469449561537452e-01
-2.069189378367017440e+00
-6.141599776750040762e-01
2.170642252808011374e+00
-2.376400706902207283e+00
6.375847528340630177e-01
-1.556252543694523149e+00
7.797838016102732750e-01
2.215586478395529524e-01
-2.614321074344554408e+00
2.255639251050105987e+00
4.437429452520929907e+00
5.149247469334857996e+00
6.396715734000446574e+00
1.302630541395797703e+00
-3.052869060957277725e+00
3.121157279059435297e+00
-1.155275614274942964e+00
-8.045614565895750081e-01
4.082515141605744802e+00
8.540584873837923086e-01
6.523430743606630777e+00
2.797601300186777218e-01
3.618955814940668425e+00
-5.169200497282362416e-01
2.744298838065632573e+00
-1.451250834579416171e-01
-2.817253356428985889e-01
1.470368154367821756e+00
1.859620337563176351e+00
2.527452429467631045e+00
3.893372181177843672e+00
4.632124740011431818e+00
2.053211602312524420e+00
-1.955387055914347694e-01
-7.511301058315767998e-01
4.104712722107772827e+00
1.518005387935025263e+00
1.035498273639027911e+00
6.881786828151095214e-01
-9.002411440165514200e-01
-2.299999257580710221e+00
-3.371038970712665339e-01
-2.168587099333625812e+00
-6.326162980548934556e+00
-2.616222412624393368e+00
3.424487796323505417e+00
7.930209194487664703e+00
6.575078848355367711e+00
5.055765504249086995e+00
-9.741063859585322726e-01
-5.904785799486261810e-01
-1.078657223670184351e+00
1.423428835790005176e-01
-1.970191059231640729e+00
8.149942646875176777e-01
-9.313677212998772159e-01
-1.499767961334699029e+00
-3.212328754605811576e-01
1.895473857831925013e+00
-5.317719867876287143e-01
1.854206079969639820e+00
8.367626692510911068e-01
-2.541942740551998980e+00
-3.724005220606822486e-01
3.531159069019687569e-01
-3.206891894048931047e+00
2.653150844251881968e-01
-1.509190444819965560e+00
2.131802226996044158e+00
-3.982708762044235851e+00
3.752247274865434079e+00
1.152581241942349344e+00
-2.943660447839755445e+00
-3.333494134861632929e+00
-2.327097070941657631e+00
-2.668992101465580635e+00
-3.755211516608614741e-01
-2.148117213966568517e+00
1.875669961308131573e+00
-2.198261368782930436e+00
-3.134983451953636813e+00
-1.745264577706244546e+00
-2.783132732104419027e+00
7.488341839514419673e-01
-1.472359992540347218e+00
6.697012934532299289e-01
-1.092646967493089427e+00
1.542239405930408758e+00
-3.492538417578054055e+00
2.402524274709830987e+00
2.825339038121728930e+00
-6.977028249618006939e-01
5.081073262758810660e-01
1.184579692687362185e+00
-1.252785601708469032e-01
-1.285334305556587564e+00
-8.558440508375680933e-01
5.460134777548080187e-01
-1.887884310967219648e+00
-9.608180045360070753e-01
-1.395802366087693036e+00
-5.642515558738890880e-01
-1.888195255421358576e+00
2.252201066829865095e+00
1.543130338757431330e+00
-1.293562206255045588e+00
4.850342938309293750e+00
1.627719472652313426e+00
2.052244064621889574e+00
-1.000229523078220772e+00
-6.934778679236487386e-01
6.882437319820111643e-02
-2.000937463746179645e+00
-1.542329651675151903e+00
2.620957795718704464e+00
-3.073723740443191854e+00
3.413941825961042564e+00
-2.487791153868552207e+00
1.704488792656643659e+00
7.286575895537188430e-01
-6.713256021484412805e-01
2.787382211354400674e+00
-1.426842376426213255e+00
-1.781936076099670807e-01
-1.951492522671771424e+00
-4.660377846063163076e+00
-1.670688104256474737e+00
2.423163185332313507e-01
1.139192424025342376e+00
3.589039894879556325e+00
4.576697019571495773e+00
1.129959954262473865e+00
1.488484756582608481e+00
-7.846774061676339285e-01
1.161986814593062162e-01
-1.435590790830571173e+00
9.462612677408370754e-01
-2.046430854375643094e+00
5.815193782898982811e+00
-2.745227014843819591e-01
1.579761021956918032e+00
-2.007095744785137637e+00
-4.866934748072211825e+00
6.078473837096263002e-03
3.817629047557862254e-01
3.694673478483937235e+00
4.008889455933706714e+00
-1.684513181205598453e+00
-1.520011154179079504e+00
-7.130382725654408338e-01
1.236039354088518838e+00
1.169791329996091811e+00
-3.472685101779122707e+00
4.177704514870343111e+00
-2.198771856108473477e-01
-3.889545255563904291e+00
2.334198711535966919e-01
8.925006585159849237e-01
2.049183547251511861e+00
4.285939434678224913e+00
-1.733023890558702984e+00
-5.502111166224959993e-01
-8.358578734182515735e-01
2.324873097213121298e+00
4.403745913879600238e+00
1.380897294694802824e+00
-6.971500985452239174e-02
-9.429657806846364343e-01
1.008096935919488901e+00
-2.380622427442050104e-01
3.652249589332302038e-01
2.813671989327922951e+00
-7.536757216301795403e-02
1.697138694272769754e+00
-1.837822737462120770e+00
-7.571595798447081638e-01
4.718121460305033654e-01
1.333025645573961526e+00
1.917196504253761979e+00
1.637300570721846427e+00
4.574679743954380151e-01
2.410826972918068023e+00
3.281015629575284809e+00
3.171658789133809275e+00
-7.754165701747985917e-01
1.739805468592404480e+00
-6.584444833642674411e+00
1.221535689851897644e+00
-4.039719506829235307e+00
-2.869444989531278356e+00
-3.323005852343240196e+00
4.718389926059593620e+00
-1.192965985539948370e+00
-1.213858133967810726e+00
-7.809357846180868812e-01
1.183866884699643185e+00
-1.067450820827484659e+00
4.640118621538344534e+00
-4.708925003090770889e-01
2.293781826852985706e+00
4.284777286495259574e+00
-8.374927384959780508e-01
7.831017426012469862e-01
1.761973095098111397e+00
4.421039786474440625e+00
-2.585065288901795544e+00
-1.153358196203011055e+00
-1.249295522123526236e+00
-3.078360634253810346e+00
-6.509634295555168926e+00
-1.704942730004906926e+00
-2.427945213228815735e+00
2.317284244856654851e+00
1.810301808379539690e+00
-3.185310651984206709e-01
4.553360181521244776e+00
2.389842028852118716e+00
8.963935042036130785e-01
4.134187062679705704e+00
1.489808649610317559e+00
-2.067595529484239414e+00
3.271617021741010767e+00
2.920847587527031664e+00
9.671628561983676431e-02
1.682637965352382414e+00
9.207465067273284953e-01
-3.061513629453333163e+00
-3.827624293859598126e+00
-4.439742015941582132e+00
1.131933343691735372e+00
3.343273292722067414e+00
-4.384388650298554957e+00
3.742292532342804123e-01
-3.520459922024784527e-01
-1.559976566023140609e+00
2.278616695166903572e+00
7.508321801129276274e-01
-5.403976301197869203e-01
-5.844586891643054755e-02
2.820762881750408013e+00
7.808329539887769455e-01
-9.680722018101225457e-01
6.565534909479077419e-02
-4.112147733619148648e-01
4.023091758947820451e-01
1.122365198384285945e+00
1.177891567687238794e+00
2.681005132178619632e-02
-6.980227407522264782e-01
2.059090478157589388e+00
-1.527632090259107289e-01
2.307061267535775340e+00
2.283330346121349663e+00
2.672600939267372855e+00
-3.455285483638116606e+00
-2.998818899708095564e-01
-3.492812121431181804e+00
-1.294508807815751616e+00
-2.507223096794804373e+00
2.659322639156378454e-01
-2.839965811690256636e+00
-1.990869129392364378e+00
4.744929520254064781e-01
2.314036964750573411e+00
-2.276301229034717988e+00
-2.467318432354370650e-01
-2.299967521869880627e-01
5.044645538285201791e-01
-1.177617810228795303e+00
-5.819033190886688800e-01
-1.497636833378793497e+00
6.379632729997520846e-01
7.261081651489753597e-01
4.794008235851918709e-01
-9.069347834715499879e-01
-1.179378560289960243e+00
-1.545786756252311989e+00
-3.346917579548089439e+00
-4.279835184847156637e-01
-2.488601194018718044e+00
-4.357878125986740514e+00
-3.273212626534738323e-01
-2.420778652010295406e+00
-8.475313046724030075e-01
2.857744861877180131e+00
-1.036837817033396947e-01
4.594886312267091988e+00
2.797890508824239841e+00
-8.545563768178915387e-01
7.448593154176340603e-01
-5.006054777278495793e-01
1.831054141605380270e+00
2.477416456480614759e-01
-3.609619296421357149e+00
-7.114459772998146248e-01
5.877909249847581563e-01
-1.418312155986845846e-01
4.489674673731485655e+00
1.793439378501395121e+00
2.473731651827460354e+00
-4.874258041371452244e+00
-2.612131683671957916e+00
-1.757799851715347916e+00
-4.369271590174860442e+00
-1.018147077323928062e+00
3.411764483319262631e+00
-8.098649152060771739e-01
-2.282471100423541510e-01
1.163207692796390941e-01
-7.739654490961230815e-01
-1.554610072665865372e+00
6.937377869973392341e-01
-1.400033588071227575e+00
-2.359577475571780880e+00
-4.082539330513668574e+00
-3.960531541948558498e+00
-9.612571781598581167e-01
1.083237480010686093e+00
4.288448774091581650e-01
9.883250743372111458e-02
-1.479339853282017225e+00
1.223383628418361235e+00
-2.268347551366555748e-01
-1.045335949066285242e+00
2.423863470188638125e+00
-1.181279516049236200e-01
1.723874807074031956e+00
-4.184056056409664499e-03
2.377188051770398491e+00
2.262923438878583937e+00
2.694500355814969939e-01
4.057444634535925410e+00
1.261200567217217516e+00
3.048959367637979478e-04
4.395698296260957399e-02
1.388035765373861974e+00
7.895978111594208482e-01
1.431109060803118060e+00
3.786098746208016230e+00
5.715819408075706320e+00
-5.268697925831109963e+00
1.198348333881779748e+00
8.592078280856572103e-01
-6.533006888302827164e+00
-4.790609436012445599e+00
-3.862647053698082811e+00
6.161794745040213295e-01
8.737439609816803898e-01
6.937459197439784120e+00
-1.147649292804371335e+00
-4.867573711816114979e-01
3.647637442059697754e+00
3.727257310487019026e+00
-7.588745204196320482e-02
2.477729067225445281e+00
-3.498120912999739929e+00
4.265902174059059249e+00
1.612591849578758563e+00
6.070781570258944049e-01
2.256247411505911682e+00
-1.932199109184544072e+00
1.309793333000782045e+00
2.260594919722630269e+00
1.271956208079379813e+00
-3.257348057303896538e-02
2.157618917011551105e-02
-6.590881039395928287e-01
-4.237207213355804747e-01
-1.353345034257010138e+00
2.538477902877670722e+00
1.086357418893720395e+00
1.639027061106243410e+00
-1.553759367321631668e+00
-2.416813113962474446e+00
1.015441557539774742e+01
-8.514875994772408418e-01
1.211660061163501778e+00
-2.648253119192343519e+00
1.725991497190638491e+00
6.394816158462943712e-01
-1.551338021280089574e+00
2.271403486141049033e+00
9.584563324499784098e-01
1.587532349137554366e+00
-3.176226593913105134e+00
7.483552422664173365e-02
2.623839195229677568e+00
1.948485606462367459e+00
4.864510273684703456e+00
3.939330337042337704e-01
-1.432893784680471794e-01
2.815294300371122826e+00
-3.829731439548681449e-01
1.027448253872719208e+00
-1.161602727052487571e+00
1.452418701080439023e+00
-4.288480664015205335e+00
1.128745543606165302e+00
-1.437861023388272708e+00
1.641212547920624543e+00
4.330611329814004762e+00
3.881516693195103507e+00
1.356308881367219721e+00
3.692798471834670693e+00
-7.365919265929415927e-02
6.799094542487011061e+00
3.965390673893158802e+00
-2.290331284539910139e-01
2.964029096085469384e+00
-8.928315247635866536e-02
3.413368929604708946e+00
1.308338043040300214e+00
3.263932648918283608e+00
6.060188540653144162e-01
3.330611811824431445e+00
-3.919966714761787152e+00
-3.762683895423480696e+00
1.400914206669076956e+00
-1.064453241701942776e+00
-3.497765947879114101e+00
2.180025594842584180e+00
2.246894741297324194e-02
3.246619491625785336e+00
1.037090763289812090e+00
3.344980107826737381e+00
-1.646467618387554621e+00
-9.753926933888221740e-01
-1.799077084764868495e+00
3.298654740137299868e+00
-4.088239988577716311e+00
-5.555737049930401739e+00
2.349262252212855895e+00
6.356646363918544651e+00
2.285140181013076255e+00
9.197772368495438222e-02
6.598250711648831590e+00
-2.387965705233066949e+00
-5.731702233485556075e-01
-1.656167248691186478e+00
-2.135791558901518172e+00
-1.533280056751955778e+00
-5.405109286882638031e+00
-4.231859985213454856e+00
4.889807451775573632e+00
-1.242913096485464663e+00
-2.221290089998386730e+00
-3.421346041821426542e+00
7.062067737600938422e+00
5.268196785276363592e+00
-4.119161290719705049e-01
-3.878121772101579268e-01
-3.019139651735051277e+00
3.074045060906264393e+00
2.255027413440518824e+00
-2.671567098259563622e+00
4.808707085209074528e+00
-1.112829267657890586e+00
6.794735512039066450e+00
2.865058477691857064e+00
3.790066625283120327e+00
1.924090271898001969e+00
-4.098553789968247152e+00
5.320785081141032435e+00
-4.805656471477639385e-02
5.070383456086769769e+00
6.141936112958717331e+00
2.217846923960394623e+00
7.838769416447854965e-01
1.955073280781397083e+00
-3.920030661095363911e-01
2.757375582610334330e+00
3.181520295676857568e+00
3.615076742094047724e+00
1.016895777884488083e+01
-3.776844073815968539e+00
-4.508230801302002710e+00
3.922708268324817560e+00
-4.842558274976056509e+00
6.455989288923282388e+00
2.424539625711121360e+00
6.169963505900586398e+00
4.332146468550334695e-01
-7.141873463139712941e-01
-3.797748631220590809e+00
8.824358163506140079e-03
-3.719425932493682474e+00
4.539685694757322310e+00
1.984296857804790815e+00
1.053325384491085437e+01
-3.813914162763756277e+00
4.752171801543735974e+00
-4.543217268331050995e+00
7.956583271848767680e+00
6.117879754444695284e-02
5.152456351040326510e+00
-1.010006308224215443e+00
-5.177586350449548958e-01
-5.195803584066274183e+00
3.130759609453917847e+00
-6.959508706828183122e+00
3.554136984292118329e-01
-1.173517940514685165e+00
3.643851613537245182e+00
-5.246491549048792002e+00
-2.954871673278877120e-01
-4.507930015738292440e+00
2.981996903523785658e+00
1.561841137576740701e+00
4.839763473972857000e+00
8.897701797182712147e-01
-1.865319762525131653e-01
1.134201839702952519e+00
-1.480563910926233184e+00
-8.172826999758786570e+00
-2.353097476125272536e+00
-1.304727834135922526e-01
7.257699443811220785e-01
5.387973317043788235e+00
4.518946610304476863e+00
4.237972326049425642e-01
-1.409639168317305680e-01
2.920515637840082945e+00
-1.721372633476637493e+00
-2.917224258515282109e+00
-1.362733050953304881e+00
-4.957391342453392191e+00
3.851250829287912403e+00
1.018858817768666469e+01
3.778097552356131761e+00
3.292350644050373365e+00
2.508610578411182956e+00
2.173279083492491548e+00
1.280134229165564186e+00
-6.551368914282010847e-01
4.170151828651424530e+00
4.200324304722338198e+00
3.268903483398454934e+00
-4.135825227477112342e+00
7.696200079139595474e+00
-3.288396894250635416e+00
-4.071279737042070579e+00
6.137417490376249951e+00
5.867884619376687816e+00
-2.808713816828434684e+00
2.620749692519733998e+00
-9.301202890944301194e-01
-2.742095515066309552e+00
3.640975108074318012e-02
-5.717346194971713480e+00
3.917743915126778553e+00
-7.618895053209338464e+00
2.646199028632427730e+00
-3.956639327632406111e+00
2.160390604951606175e+00
1.236324442979325339e-01
2.459558541202739868e+00
-2.724593744803776918e+00
1.378681586700034156e+00
-1.600638929506795760e-01
-3.022527261463688053e-02
1.670380890789955552e+00
-4.001715142979320738e+00
-9.950790904767051748e-01
7.755504803713777484e+00
3.162430253644101352e+00
-3.176226910095912181e+00
6.845962401223292026e+00
-1.580901183429330947e+00
4.995404586890758725e-01
4.210917863531061123e+00
5.959407442763423823e+00
-2.897497401443085874e+00
-8.763014287177916389e-03
-1.438251042835755333e+00
1.322698646740097406e+00
2.135089773213145303e+00
1.213116143109887135e+00
1.280842656210302355e+00
-3.052704928764390147e+00
-2.349386245729612188e+00
-2.581275376530346999e-01
-1.660792013242192500e+00
3.838975648694576748e+00
4.210522633271303938e+00
1.341229673482279505e+00
-1.716110209237707851e+00
-2.979815437345389117e+00
-1.115094103256410341e+00
-7.699586252578611401e+00
1.112023534063948452e-02
1.701210841297680521e+00
-7.634619374878287346e+00
1.157190286299438986e+00
5.916494335982101838e+00
0.000000000000000000e+00
0.000000000000000000e+00
0.000000000000000000e+00
0.000000000000000000e+00
0.000000000000000000e+00
