2.714485526084899902e-01
2.779512107372283936e-01
-5.415189266204833984e-01
3.938111960887908936e-01
3.168041706085205078e-01
2.983933389186859131e-01
2.470555454492568970e-01
2.560260593891143799e-01
1.414333134889602661e-01
3.608851134777069092e-01
-1.120393052697181702e-01
1.187018454074859619e-01
-7.371845096349716187e-02
-1.041856169700622559e+00
7.369313836097717285e-01
-5.177062749862670898e-01
7.877626419067382812e-01
3.303007483482360840e-01
2.694422304630279541e-01
2.035170048475265503e-01
2.082882523536682129e-01
2.447013705968856812e-01
4.076996743679046631e-01
9.235842227935791016e-01
-1.349259018898010254e+00
4.662054479122161865e-01
-4.139567613601684570e-01
1.962486058473587036e-01
5.374264717102050781e-02
2.894585728645324707e-01
-3.473200649023056030e-02
5.301146954298019409e-02
-6.684676557779312134e-02
-9.365157783031463623e-02
-4.048413757118396461e-05
-6.537800189107656479e-03
-7.022902965545654297e-01
1.612285375595092773e-01
-2.000499963760375977e-01
3.703367114067077637e-01
6.398015975952148438e+00
8.871343612670898438e+00
1.079578590393066406e+01
1.275263214111328125e+01
1.398640632629394531e+01
1.547643470764160156e+01
2.030367660522460938e+01
2.592515182495117188e+01
2.651684951782226562e+01
2.941701126098632812e+01
3.133725929260253906e+01
3.272761535644531250e+01
3.321116256713867188e+01
-4.854584634304046631e-01
1.072019934654235840e+00
-1.222459077835083008e-01
-3.340570926666259766e-01
-3.821048438549041748e-01
-3.693167567253112793e-01
-1.085378170013427734e+00
-1.141744293272495270e-02
1.432935446500778198e-01
1.031853437423706055e+00
3.043529689311981201e-01
2.725669622421264648e+00
7.048327922821044922e+00
-8.498418927192687988e-01
8.342455625534057617e-01
2.315990179777145386e-01
6.530611962080001831e-02
-1.661601960659027100e-01
-2.358441613614559174e-02
-3.584719002246856689e-01
-7.666683197021484375e-02
-1.844977140426635742e+00
2.236751556396484375e+00
-2.110726833343505859e+00
-6.849682927131652832e-01
-2.891970425844192505e-02
-4.639753401279449463e-01
-4.191916882991790771e-01
-3.388021886348724365e-01
-5.218489468097686768e-02
-8.196469545364379883e-01
-3.866870999336242676e-01
1.228544116020202637e+00
-1.470773816108703613e+00
-1.063717365264892578e+00
-8.180544972419738770e-01
-8.170831948518753052e-03
-1.274867355823516846e-01
1.042289137840270996e-01
3.308821916580200195e-01
2.233942151069641113e-01
5.942869186401367188e-01
5.326586961746215820e-01
-5.250548124313354492e-01
-4.030687361955642700e-02
-5.067319273948669434e-01
-1.182150095701217651e-02
6.726987194269895554e-03
1.061360239982604980e-01
-2.322573401033878326e-02
6.939198076725006104e-02
5.494033098220825195e-01
-4.772649705410003662e-01
3.789855539798736572e-01
-6.587364524602890015e-02
-4.088771715760231018e-02
1.069825664162635803e-01
4.346153438091278076e-01
-5.221061874181032181e-03
1.067974418401718140e-01
-3.738859295845031738e-01
5.523687005043029785e-01
-2.907040715217590332e-02
-1.951253414154052734e-01
-4.099951088428497314e-01
3.160130381584167480e-01
8.226666450500488281e-01
-3.049544095993041992e-01
4.073178470134735107e-01
-4.831932857632637024e-02
-1.533441394567489624e-01
1.518051773309707642e-01
3.370732069015502930e-01
1.316202729940414429e-01
-5.154486298561096191e-01
-2.478509396314620972e-01
1.276504397392272949e-01
3.071182072162628174e-01
-1.904314458370208740e-01
1.374285072088241577e-01
1.891460120677947998e-01
-1.117210865020751953e+00
6.058003306388854980e-01
-5.896091461181640625e-01
-7.518426179885864258e-01
3.291698694229125977e-01
-3.525298237800598145e-01
1.094247937202453613e+00
2.982261776924133301e-01
2.231798410415649414e+00
3.350447118282318115e-01
-3.036919832229614258e+00
2.873373627662658691e-01
-3.374070227146148682e-01
1.395353436470031738e+00
1.942094266414642334e-01
8.859531879425048828e-01
7.216414213180541992e-01
-6.107622981071472168e-01
-1.927883476018905640e-01
-8.152562975883483887e-01
-2.147735595703125000e+00
-6.607748270034790039e-01
3.304879903793334961e+00
-2.453124225139617920e-01
8.122936487197875977e-01
2.146163880825042725e-01
-6.010189056396484375e-01
4.260750710964202881e-01
1.025384545326232910e+00
-1.983438581228256226e-01
6.105700973421335220e-03
1.372404217720031738e+00
6.370932459831237793e-01
-3.030635595321655273e+00
-3.194425106048583984e+00
-5.252890288829803467e-02
-3.980654180049896240e-01
-5.300293862819671631e-02
-5.378510951995849609e-01
-5.410842895507812500e-01
-7.537848353385925293e-01
3.118412196636199951e-01
-2.180158197879791260e-01
8.421943187713623047e-01
9.793819785118103027e-01
3.939510107040405273e+00
6.187466382980346680e-01
-2.035808861255645752e-01
5.805482864379882812e-01
-3.685417771339416504e-02
2.482963204383850098e-01
4.705708920955657959e-01
1.949945837259292603e-01
-1.787753775715827942e-02
-1.508212387561798096e-01
-7.067362070083618164e-01
5.347032546997070312e-01
-1.388456225395202637e+00
2.547861337661743164e-01
-1.420375257730484009e-01
3.991123139858245850e-01
4.872908592224121094e-01
3.967356085777282715e-01
-7.963175177574157715e-01
-1.196857810020446777e+00
8.877841830253601074e-01
-9.928104281425476074e-01
1.222698330879211426e+00
-2.254129350185394287e-01
-7.135797739028930664e-01
-9.863262176513671875e-01
-1.535905152559280396e-01
3.108280003070831299e-01
-1.643853634595870972e-01
9.710151553153991699e-01
2.402123510837554932e-01
-8.522639870643615723e-01
-1.218960046768188477e+00
-5.174068212509155273e-01
2.958047389984130859e-02
3.855571150779724121e-01
-2.317589335143566132e-02
-3.675212711095809937e-02
-1.863398551940917969e-01
-4.649050533771514893e-01
-7.662519812583923340e-01
2.659338414669036865e-01
1.268613785505294800e-01
-2.776909768581390381e-01
-2.095185965299606323e-01
1.096041917800903320e+00
8.275832533836364746e-01
-6.945586949586868286e-02
3.506972193717956543e-01
4.969757497310638428e-01
-4.764066934585571289e-01
-2.532363533973693848e-01
2.337041348218917847e-01
6.653662770986557007e-02
3.815500974655151367e+00
3.673794865608215332e-01
-6.020913124084472656e-01
7.972828745841979980e-01
2.599250674247741699e-01
-2.380288988351821899e-01
-4.861005842685699463e-01
-9.432149529457092285e-01
-9.774330854415893555e-01
2.737247347831726074e-01
7.805772125720977783e-02
1.524337649345397949e+00
1.081876516342163086e+00
6.961145997047424316e-01
1.389776825904846191e+00
-5.691016912460327148e-01
4.664041697978973389e-01
1.130372062325477600e-01
-2.261914871633052826e-02
1.261416226625442505e-01
5.511074140667915344e-02
-2.582643032073974609e-01
1.644752174615859985e-02
-1.248271226882934570e+00
1.140326380729675293e+00
-8.645470738410949707e-01
1.408977150917053223e+00
4.153950512409210205e-01
-2.100583314895629883e-01
-3.782948553562164307e-01
-4.093557298183441162e-01
-2.919855117797851562e-01
1.823346167802810669e-01
-3.817681074142456055e-01
1.459812760353088379e+00
-1.038745284080505371e+00
-1.343142867088317871e+00
-1.927841663360595703e+00
4.979589208960533142e-02
-8.917497843503952026e-02
-9.358426183462142944e-02
5.205654501914978027e-01
-1.523652821779251099e-01
2.340014427900314331e-01
1.071662083268165588e-01
-7.011178135871887207e-02
-1.237219315953552723e-03
-4.186154305934906006e-01
7.871890440583229065e-03
1.550204008817672729e-01
5.582352280616760254e-01
1.056582689285278320e+00
5.213634967803955078e-01
4.573794603347778320e-01
-4.847081005573272705e-01
7.559596896171569824e-01
5.350692197680473328e-02
5.011926218867301941e-02
2.204432338476181030e-01
-5.723127126693725586e-01
4.650764763355255127e-01
6.351585686206817627e-02
-3.781462907791137695e-01
1.395581126213073730e+00
6.645914912223815918e-01
2.067854106426239014e-01
-6.535712480545043945e-01
3.939199447631835938e-01
-5.912263989448547363e-01
1.460792869329452515e-01
4.299489557743072510e-01
1.400896549224853516e+00
2.826221585273742676e-01
-1.636385917663574219e-01
4.404262900352478027e-01
2.019886970520019531e-01
-5.797152519226074219e-01
5.041540861129760742e-01
-2.082094401121139526e-01
2.466381341218948364e-01
6.085408851504325867e-02
5.872547626495361328e-01
7.152421772480010986e-02
-7.971361875534057617e-01
6.177905797958374023e-01
-9.056397080421447754e-01
-1.117340445518493652e+00
7.614991813898086548e-02
-1.028875038027763367e-01
1.148526787757873535e+00
3.706725835800170898e-01
4.527634084224700928e-01
3.890482187271118164e-01
-7.896472811698913574e-01
-1.129422426223754883e+00
-4.138764441013336182e-01
8.186731934547424316e-01
8.687703609466552734e-01
5.213077068328857422e-01
1.041980743408203125e+00
-1.926650166511535645e+00
5.405412316322326660e-01
-1.097530961036682129e+00
-2.785704851150512695e+00
2.362349748611450195e+00
4.315021514892578125e+00
2.804033756256103516e-01
-4.108237624168395996e-01
2.822390943765640259e-02
-8.200486302375793457e-01
1.550314664840698242e+00
2.070553064346313477e+00
-2.950530648231506348e-01
-1.487217992544174194e-01
-1.869766116142272949e-01
3.738293647766113281e-01
-2.531027793884277344e+00
-1.109566926956176758e+00
3.124179244041442871e-01
-1.910823285579681396e-01
-8.360843658447265625e-01
-8.670890927314758301e-01
-4.329849481582641602e-01
-1.551101088523864746e+00
1.205069422721862793e+00
1.936733573675155640e-01
-1.781910210847854614e-01
1.449105292558670044e-01
1.117254734039306641e+00
-1.136593937873840332e+00
1.860789656639099121e+00
-1.095547437667846680e+00
-7.302359342575073242e-01
5.130859613418579102e-01
-4.887214601039886475e-01
-1.290491223335266113e-01
-1.130880951881408691e+00
-9.448227286338806152e-01
-4.339459836483001709e-01
-1.530952453613281250e+00
1.642668247222900391e+00
5.276060104370117188e-01
-1.635252833366394043e+00
5.944727659225463867e-01
-4.237840771675109863e-01
4.231103658676147461e-01
1.330437362194061279e-01
6.649259924888610840e-01
-1.980422377586364746e+00
-5.397558808326721191e-01
2.009940624237060547e+00
-1.224722146987915039e+00
-4.456813260912895203e-02
9.258633255958557129e-01
7.886716127395629883e-01
6.494157016277313232e-03
3.107714653015136719e-01
1.261603474617004395e+00
9.041363596916198730e-01
-6.295401453971862793e-01
-3.967165052890777588e-01
-4.808728694915771484e-01
8.655561208724975586e-01
-1.678372979164123535e+00
3.423248827457427979e-01
6.536178290843963623e-03
-3.202246725559234619e-01
-8.140754103660583496e-01
9.406282305717468262e-01
-3.655320703983306885e-01
-3.867468833923339844e-01
-9.125774353742599487e-02
-3.877265453338623047e-01
5.181781649589538574e-01
-1.092030704021453857e-01
1.557742834091186523e+00
6.533086299896240234e-02
-8.798212409019470215e-01
-1.497834026813507080e-01
1.273935884237289429e-01
-5.383277535438537598e-01
-6.349496245384216309e-01
-8.955101370811462402e-01
1.753476709127426147e-01
-1.692312061786651611e-01
-6.589470803737640381e-02
1.071508601307868958e-02
1.695573329925537109e-01
2.118914842605590820e+00
