6.729660630226135254e-01
3.954385519027709961e-01
4.718930423259735107e-01
1.275175809860229492e+00
3.972696885466575623e-02
-1.259510219097137451e-01
1.232166767120361328e+00
6.296841800212860107e-02
1.963668614625930786e-01
-1.625584438443183899e-02
2.339757233858108521e-02
-1.055090920999646187e-03
-2.527202479541301727e-02
-5.434096325188875198e-03
3.341465443372726440e-02
5.083443131297826767e-03
1.062780153006315231e-02
-4.923950880765914917e-03
-2.333970554172992706e-02
1.496720779687166214e-02
9.900770965032279491e-05
-2.055338583886623383e-02
-5.081823095679283142e-02
-2.051840536296367645e-02
-5.806478671729564667e-03
4.509130865335464478e-02
1.517189852893352509e-02
4.116260912269353867e-03
5.157344415783882141e-02
3.359398990869522095e-02
2.490836754441261292e-02
1.996982097625732422e-02
3.125648200511932373e-02
-3.984489291906356812e-02
1.850946061313152313e-02
3.322043921798467636e-03
-4.004576057195663452e-02
-2.444631420075893402e-02
1.132842339575290680e-02
8.514007553458213806e-03
-1.833813078701496124e-02
8.096927404403686523e-01
2.766352891921997070e+00
4.814123630523681641e+00
4.599978923797607422e+00
1.132704257965087891e+01
1.591122817993164062e+01
1.784438133239746094e+01
1.991465377807617188e+01
-2.714488469064235687e-02
-7.202214747667312622e-02
3.592015802860260010e-02
-4.812131449580192566e-02
-3.770881798118352890e-03
-1.115755736827850342e-02
-4.757296666502952576e-02
-1.888344995677471161e-02
6.475618481636047363e-02
-1.865311898291110992e-02
-7.369209080934524536e-02
-1.601119339466094971e-02
3.391083702445030212e-02
1.040219515562057495e-01
-6.736873835325241089e-02
4.508503898978233337e-02
9.845372289419174194e-02
-5.788982659578323364e-02
3.843740792945027351e-03
1.780866086483001709e-02
9.024833887815475464e-02
-3.255235403776168823e-02
-7.317955791950225830e-02
-9.320753812789916992e-02
-1.683229580521583557e-02
-2.399799413979053497e-02
-5.105696618556976318e-03
-2.406536601483821869e-02
-7.799027115106582642e-02
3.531926544383168221e-03
1.577219367027282715e-01
8.732302486896514893e-02
1.584391444921493530e-01
8.153311908245086670e-03
-5.902125034481287003e-03
-4.803298786282539368e-02
-1.285015344619750977e-01
-1.286395788192749023e-01
-3.986544907093048096e-02
5.002823192626237869e-03
-2.036371454596519470e-02
-1.131741255521774292e-01
-6.750548630952835083e-02
-1.745868846774101257e-02
2.892792038619518280e-02
6.612758338451385498e-02
-5.319188907742500305e-02
-8.789080381393432617e-02
2.135761640965938568e-02
9.562065452337265015e-02
-6.170055270195007324e-02
-1.536690723150968552e-02
3.022946417331695557e-02
-4.127698019146919250e-02
5.875363200902938843e-02
3.915631026029586792e-02
-3.566337749361991882e-02
-1.652980223298072815e-02
-1.402110755443572998e-01
-1.980279758572578430e-02
-4.056292399764060974e-02
-7.969684898853302002e-02
-4.770032595843076706e-03
-5.464735627174377441e-02
-5.758413299918174744e-02
2.706905652303248644e-04
-3.869044780731201172e-02
5.854781251400709152e-03
5.832285061478614807e-02
7.067056000232696533e-02
-7.377716898918151855e-02
-7.531137764453887939e-02
8.519957959651947021e-02
1.243450120091438293e-02
-2.706378884613513947e-02
5.565416067838668823e-02
-7.209680974483489990e-02
6.799804419279098511e-02
2.029804438352584839e-01
-1.713453419506549835e-02
8.507867902517318726e-02
-1.076721772551536560e-02
7.253681868314743042e-02
1.261931657791137695e-01
3.766603022813796997e-02
-2.160896658897399902e-01
1.170086041092872620e-01
-1.418775618076324463e-01
-1.680383980274200439e-01
-6.144690141081809998e-02
-7.572592794895172119e-02
-8.063584566116333008e-03
6.943987309932708740e-02
-1.268157851882278919e-03
5.272187665104866028e-02
9.450557827949523926e-02
5.808063782751560211e-03
3.412691876292228699e-02
-5.951143428683280945e-02
1.629759967327117920e-01
4.041975364089012146e-02
9.627791494131088257e-02
-5.020409822463989258e-02
3.415729850530624390e-02
3.237925097346305847e-02
3.299310058355331421e-02
6.811463832855224609e-02
1.758519746363162994e-02
-2.517525851726531982e-02
-8.526428043842315674e-02
3.692385926842689514e-02
-9.615235030651092529e-03
-1.796601712703704834e-01
-4.851559922099113464e-02
-9.272304922342300415e-02
-2.725699357688426971e-02
7.698080688714981079e-02
4.899652302265167236e-02
-1.035054922103881836e-01
-1.139105646871030331e-03
3.606715425848960876e-02
5.688678845763206482e-02
-1.037314347922801971e-02
-2.353693544864654541e-02
9.399839490652084351e-02
-6.665311753749847412e-02
-1.170206069946289062e-02
7.352637499570846558e-02
1.458078809082508087e-02
-7.496120780706405640e-02
-1.296268254518508911e-01
-1.417205631732940674e-01
-3.108757361769676208e-02
3.686532611027359962e-03
-1.028402596712112427e-01
-1.202834248542785645e-01
-3.442943468689918518e-02
-7.640361320227384567e-03
4.002799466252326965e-02
6.893463432788848877e-02
-1.627920940518379211e-02
9.222157299518585205e-02
-1.068946346640586853e-01
-2.346711419522762299e-02
1.612137854099273682e-01
2.718780888244509697e-04
4.399587633088231087e-04
-4.608145914971828461e-03
1.983264228329062462e-03
