# Re(EQRPA)	Im(Strength)
0.000000e+00	9.788454e-03
1.500000e-01	1.023752e-02
3.000000e-01	1.072004e-02
4.500000e-01	1.123943e-02
6.000000e-01	1.179961e-02
7.500000e-01	1.240533e-02
9.000000e-01	1.306224e-02
1.050000e+00	1.377659e-02
1.200000e+00	1.456092e-02
1.350000e+00	1.541312e-02
1.500000e+00	1.634758e-02
1.650000e+00	1.737559e-02
1.800000e+00	1.851047e-02
1.950000e+00	1.976805e-02
2.100000e+00	2.117766e-02
2.250000e+00	2.274313e-02
2.400000e+00	2.450092e-02
2.550000e+00	2.648475e-02
2.700000e+00	2.874439e-02
2.850000e+00	3.131940e-02
3.000000e+00	3.427572e-02
3.150000e+00	3.770094e-02
3.300000e+00	4.169737e-02
3.450000e+00	4.640409e-02
3.600000e+00	5.200290e-02
3.750000e+00	5.873790e-02
3.900000e+00	6.694354e-02
4.050000e+00	7.708432e-02
4.200000e+00	8.982493e-02
4.350000e+00	1.061466e-01
4.500000e+00	1.275216e-01
4.650000e+00	1.562715e-01
4.800000e+00	1.961898e-01
4.950000e+00	2.538085e-01
5.100000e+00	3.410457e-01
5.250000e+00	4.812507e-01
5.400000e+00	7.238366e-01
5.550000e+00	1.180654e+00
5.700000e+00	2.092517e+00
5.850000e+00	3.607794e+00
6.000000e+00	4.055058e+00
6.150000e+00	2.595469e+00
6.300000e+00	1.461772e+00
6.450000e+00	9.024956e-01
6.600000e+00	6.186906e-01
6.750000e+00	4.330294e-01
6.900000e+00	3.119987e-01
7.050000e+00	2.367489e-01
7.200000e+00	1.880031e-01
7.350000e+00	1.549915e-01
7.500000e+00	1.320053e-01
7.650000e+00	1.158581e-01
7.800000e+00	1.047551e-01
7.950000e+00	9.773832e-02
8.100000e+00	9.448416e-02
8.250000e+00	9.532597e-02
8.400000e+00	1.015783e-01
8.550000e+00	1.164577e-01
8.700000e+00	1.474871e-01
8.850000e+00	2.120448e-01
9.000000e+00	3.370998e-01
9.150000e+00	4.531600e-01
9.300000e+00	3.593854e-01
9.450000e+00	2.262091e-01
9.600000e+00	1.550619e-01
9.750000e+00	1.212944e-01
9.900000e+00	1.057381e-01
1.005000e+01	1.001924e-01
1.020000e+01	1.016164e-01
1.035000e+01	1.097563e-01
1.050000e+01	1.269878e-01
1.065000e+01	1.601226e-01
1.080000e+01	2.221373e-01
1.095000e+01	3.001204e-01
1.110000e+01	3.006246e-01
1.125000e+01	2.767974e-01
1.140000e+01	3.095493e-01
1.155000e+01	4.143988e-01
1.170000e+01	5.365422e-01
1.185000e+01	5.188591e-01
1.200000e+01	4.890000e-01
1.215000e+01	5.520501e-01
1.230000e+01	7.302708e-01
1.245000e+01	1.093683e+00
1.260000e+01	1.830828e+00
1.275000e+01	3.268195e+00
1.290000e+01	4.784590e+00
1.305000e+01	3.851722e+00
1.320000e+01	2.190369e+00
1.335000e+01	1.257038e+00
1.350000e+01	7.843680e-01
1.365000e+01	5.269814e-01
1.380000e+01	3.761814e-01
1.395000e+01	2.815759e-01
1.410000e+01	2.186709e-01
1.425000e+01	1.748376e-01
1.440000e+01	1.431243e-01
1.455000e+01	1.194667e-01
1.470000e+01	1.013758e-01
1.485000e+01	8.728970e-02
1.500000e+01	7.621409e-02
1.515000e+01	6.756632e-02
1.530000e+01	6.085938e-02
1.545000e+01	5.461990e-02
1.560000e+01	4.844098e-02
1.575000e+01	4.332155e-02
1.590000e+01	3.914540e-02
1.605000e+01	3.564226e-02
1.620000e+01	3.263866e-02
1.635000e+01	3.003355e-02
1.650000e+01	2.774936e-02
1.665000e+01	2.573641e-02
1.680000e+01	2.394653e-02
1.695000e+01	2.235607e-02
1.710000e+01	2.093214e-02
1.725000e+01	1.965110e-02
1.740000e+01	1.850439e-02
1.755000e+01	1.749001e-02
1.770000e+01	1.659886e-02
1.785000e+01	1.586028e-02
1.800000e+01	1.516959e-02
1.815000e+01	1.439492e-02
1.830000e+01	1.373711e-02
1.845000e+01	1.332172e-02
1.860000e+01	1.310439e-02
1.875000e+01	1.254127e-02
1.890000e+01	1.162920e-02
1.905000e+01	1.089027e-02
1.920000e+01	1.032263e-02
1.935000e+01	9.843888e-03
1.950000e+01	9.428597e-03
1.965000e+01	9.049248e-03
1.980000e+01	8.707622e-03
1.995000e+01	8.385490e-03
2.010000e+01	8.097836e-03
2.025000e+01	7.827333e-03
2.040000e+01	7.578961e-03
2.055000e+01	7.353580e-03
2.070000e+01	7.154032e-03
2.085000e+01	6.990252e-03
2.100000e+01	6.879631e-03
2.115000e+01	6.871983e-03
2.130000e+01	6.991066e-03
2.145000e+01	6.948629e-03
2.160000e+01	6.592977e-03
2.175000e+01	6.330287e-03
2.190000e+01	6.198471e-03
2.205000e+01	6.070988e-03
2.220000e+01	5.894949e-03
2.235000e+01	5.798313e-03
2.250000e+01	5.804598e-03
2.265000e+01	5.932201e-03
2.280000e+01	6.251198e-03
2.295000e+01	6.931789e-03
2.310000e+01	8.367814e-03
2.325000e+01	1.112907e-02
2.340000e+01	1.355209e-02
2.355000e+01	1.183485e-02
2.370000e+01	1.000715e-02
2.385000e+01	9.176953e-03
2.400000e+01	7.632978e-03
2.415000e+01	6.379615e-03
2.430000e+01	5.728050e-03
2.445000e+01	5.426026e-03
2.460000e+01	5.330635e-03
2.475000e+01	5.418779e-03
2.490000e+01	5.741378e-03
2.505000e+01	6.336714e-03
2.520000e+01	6.701750e-03
2.535000e+01	6.634311e-03
2.550000e+01	6.865760e-03
2.565000e+01	7.567586e-03
2.580000e+01	8.857551e-03
2.595000e+01	1.109033e-02
2.610000e+01	1.505598e-02
2.625000e+01	2.214528e-02
2.640000e+01	3.315491e-02
2.655000e+01	5.151645e-02
2.670000e+01	7.164977e-02
2.685000e+01	5.884318e-02
2.700000e+01	3.581372e-02
2.715000e+01	2.235389e-02
2.730000e+01	1.550338e-02
2.745000e+01	1.218048e-02
2.760000e+01	1.090175e-02
2.775000e+01	1.130468e-02
2.790000e+01	1.369341e-02
2.805000e+01	1.712437e-02
2.820000e+01	1.926069e-02
2.835000e+01	1.970503e-02
2.850000e+01	1.652654e-02
2.865000e+01	1.211925e-02
2.880000e+01	8.568364e-03
2.895000e+01	6.642082e-03
2.910000e+01	5.791367e-03
2.925000e+01	5.336491e-03
2.940000e+01	4.800506e-03
2.955000e+01	4.369779e-03
2.970000e+01	4.063468e-03
2.985000e+01	3.933584e-03
3.000000e+01	3.832391e-03
