# Re(EQRPA)	Im(Strength)
0.000000e+00	2.882359e-03
1.500000e-01	3.189492e-03
3.000000e-01	3.486867e-03
4.500000e-01	3.748012e-03
6.000000e-01	4.004020e-03
7.500000e-01	4.232703e-03
9.000000e-01	4.450717e-03
1.050000e+00	4.646137e-03
1.200000e+00	4.824654e-03
1.350000e+00	4.996729e-03
1.500000e+00	5.145271e-03
1.650000e+00	5.302754e-03
1.800000e+00	5.427390e-03
1.950000e+00	5.556385e-03
2.100000e+00	5.683741e-03
2.250000e+00	5.803729e-03
2.400000e+00	5.918771e-03
2.550000e+00	6.026743e-03
2.700000e+00	6.160501e-03
2.850000e+00	6.271040e-03
3.000000e+00	6.380970e-03
3.150000e+00	6.490947e-03
3.300000e+00	6.592297e-03
3.450000e+00	6.727358e-03
3.600000e+00	6.841468e-03
3.750000e+00	6.968840e-03
3.900000e+00	7.107814e-03
4.050000e+00	7.258591e-03
4.200000e+00	7.427314e-03
4.350000e+00	7.599635e-03
4.500000e+00	7.792657e-03
4.650000e+00	8.003382e-03
4.800000e+00	8.233388e-03
4.950000e+00	8.490804e-03
5.100000e+00	8.773698e-03
5.250000e+00	9.094997e-03
5.400000e+00	9.458056e-03
5.550000e+00	9.863031e-03
5.700000e+00	1.032172e-02
5.850000e+00	1.081414e-02
6.000000e+00	1.141626e-02
6.150000e+00	1.212310e-02
6.300000e+00	1.293569e-02
6.450000e+00	1.386794e-02
6.600000e+00	1.495596e-02
6.750000e+00	1.623116e-02
6.900000e+00	1.777066e-02
7.050000e+00	1.966173e-02
7.200000e+00	2.193493e-02
7.350000e+00	2.474974e-02
7.500000e+00	2.832021e-02
7.650000e+00	3.290375e-02
7.800000e+00	3.900518e-02
7.950000e+00	4.733605e-02
8.100000e+00	5.926041e-02
8.250000e+00	7.723004e-02
8.400000e+00	1.034368e-01
8.550000e+00	1.364858e-01
8.700000e+00	1.897623e-01
8.850000e+00	2.934118e-01
9.000000e+00	5.026320e-01
9.150000e+00	8.851879e-01
9.300000e+00	1.142885e+00
9.450000e+00	8.146763e-01
9.600000e+00	4.751490e-01
9.750000e+00	3.115413e-01
9.900000e+00	2.577489e-01
1.005000e+01	2.762954e-01
1.020000e+01	2.844844e-01
1.035000e+01	2.047469e-01
1.050000e+01	1.380153e-01
1.065000e+01	1.073946e-01
1.080000e+01	9.183470e-02
1.095000e+01	7.470669e-02
1.110000e+01	6.430061e-02
1.125000e+01	6.367585e-02
1.140000e+01	7.465615e-02
1.155000e+01	1.045038e-01
1.170000e+01	1.516627e-01
1.185000e+01	1.488598e-01
1.200000e+01	9.906797e-02
1.215000e+01	6.792924e-02
1.230000e+01	5.651736e-02
1.245000e+01	5.942749e-02
1.260000e+01	7.250787e-02
1.275000e+01	7.026429e-02
1.290000e+01	5.267451e-02
1.305000e+01	4.414200e-02
1.320000e+01	4.022320e-02
1.335000e+01	3.167383e-02
1.350000e+01	2.484523e-02
1.365000e+01	2.141200e-02
1.380000e+01	2.015718e-02
1.395000e+01	2.065922e-02
1.410000e+01	2.341973e-02
1.425000e+01	3.030096e-02
1.440000e+01	4.348852e-02
1.455000e+01	5.144984e-02
1.470000e+01	3.900578e-02
1.485000e+01	2.684776e-02
1.500000e+01	2.060965e-02
1.515000e+01	1.760536e-02
1.530000e+01	1.613004e-02
1.545000e+01	1.550495e-02
1.560000e+01	1.538995e-02
1.575000e+01	1.564253e-02
1.590000e+01	1.620958e-02
1.605000e+01	1.707508e-02
1.620000e+01	1.825493e-02
1.635000e+01	1.979809e-02
1.650000e+01	2.177722e-02
1.665000e+01	2.431403e-02
1.680000e+01	2.756962e-02
1.695000e+01	3.181394e-02
1.710000e+01	3.744606e-02
1.725000e+01	4.514828e-02
1.740000e+01	5.591624e-02
1.755000e+01	7.163555e-02
1.770000e+01	9.527244e-02
1.785000e+01	1.320675e-01
1.800000e+01	1.959268e-01
1.815000e+01	3.143835e-01
1.830000e+01	5.110555e-01
1.845000e+01	7.646527e-01
1.860000e+01	1.093807e+00
1.875000e+01	1.020400e+00
1.890000e+01	6.087396e-01
1.905000e+01	3.456212e-01
1.920000e+01	2.137526e-01
1.935000e+01	1.451607e-01
1.950000e+01	1.078418e-01
1.965000e+01	8.896356e-02
1.980000e+01	8.461705e-02
1.995000e+01	8.706894e-02
2.010000e+01	7.196818e-02
2.025000e+01	5.103345e-02
2.040000e+01	3.787536e-02
2.055000e+01	3.002662e-02
2.070000e+01	2.493046e-02
2.085000e+01	2.138361e-02
2.100000e+01	1.882909e-02
2.115000e+01	1.701613e-02
2.130000e+01	1.570052e-02
2.145000e+01	1.456926e-02
2.160000e+01	1.398396e-02
2.175000e+01	1.428506e-02
2.190000e+01	1.446883e-02
2.205000e+01	1.274898e-02
2.220000e+01	1.105041e-02
2.235000e+01	1.011075e-02
2.250000e+01	9.710441e-03
2.265000e+01	9.776883e-03
2.280000e+01	1.048560e-02
2.295000e+01	1.236487e-02
2.310000e+01	1.602461e-02
2.325000e+01	1.878936e-02
2.340000e+01	1.702139e-02
2.355000e+01	1.496125e-02
2.370000e+01	1.516567e-02
2.385000e+01	1.662137e-02
2.400000e+01	1.501426e-02
2.415000e+01	1.172215e-02
2.430000e+01	9.784323e-03
2.445000e+01	9.080006e-03
2.460000e+01	9.214134e-03
2.475000e+01	1.013873e-02
2.490000e+01	1.216868e-02
2.505000e+01	1.578345e-02
2.520000e+01	2.153620e-02
2.535000e+01	2.567226e-02
2.550000e+01	2.503510e-02
2.565000e+01	2.612322e-02
2.580000e+01	2.864015e-02
2.595000e+01	3.725213e-02
2.610000e+01	5.874902e-02
2.625000e+01	9.443742e-02
2.640000e+01	1.023653e-01
2.655000e+01	6.964887e-02
2.670000e+01	4.190560e-02
2.685000e+01	2.772717e-02
2.700000e+01	2.106644e-02
2.715000e+01	1.610080e-02
2.730000e+01	1.232347e-02
2.745000e+01	1.026223e-02
2.760000e+01	9.113788e-03
2.775000e+01	8.099177e-03
2.790000e+01	7.354752e-03
2.805000e+01	7.300012e-03
2.820000e+01	7.865924e-03
2.835000e+01	7.819031e-03
2.850000e+01	7.271256e-03
2.865000e+01	7.493513e-03
2.880000e+01	8.610925e-03
2.895000e+01	1.107394e-02
2.910000e+01	1.327597e-02
2.925000e+01	1.126089e-02
2.940000e+01	8.787495e-03
2.955000e+01	7.914794e-03
2.970000e+01	8.235781e-03
2.985000e+01	9.753970e-03
3.000000e+01	1.274913e-02
