1.603983640670776367e-01
2.136828750371932983e-01
2.432797700166702271e-01
1.911150515079498291e-01
-1.355406343936920166e-01
2.151620835065841675e-01
1.564960032701492310e-01
1.102390289306640625e-01
-1.705260276794433594e-01
-7.820473983883857727e-03
-1.921582818031311035e-01
-1.257513463497161865e-01
1.603823713958263397e-02
5.646414123475551605e-03
2.847135663032531738e-01
3.393020033836364746e-01
2.579084932804107666e-01
-1.945676654577255249e-01
2.969261705875396729e-01
2.141548842191696167e-01
1.534042209386825562e-01
-2.337195873260498047e-01
-1.924617774784564972e-02
-2.794723808765411377e-01
-1.772651225328445435e-01
1.921601593494415283e-02
5.152279511094093323e-03
-1.662660203874111176e-02
9.019463323056697845e-03
1.776625867933034897e-04
1.912929466925561428e-03
-1.687266677618026733e-02
2.547616371884942055e-03
-1.171083073131740093e-03
-8.953915908932685852e-03
-1.349746249616146088e-02
-2.116747386753559113e-02
2.513831015676259995e-03
-3.728806739673018456e-03
-8.716824464499950409e-03
1.285361289978027344e+01
1.404288768768310547e+01
1.552082824707031250e+01
1.713357734680175781e+01
2.030916023254394531e+01
2.635715103149414062e+01
2.590335464477539062e+01
2.649589729309082031e+01
2.636229133605957031e+01
2.654490852355957031e+01
2.667503738403320312e+01
2.443527221679687500e+01
3.043405723571777344e+01
-7.994833588600158691e-01
-1.292025148868560791e-01
-4.222357571125030518e-01
-1.740946769714355469e-01
1.810227930545806885e-01
2.213992774486541748e-01
1.034772753715515137e+00
-2.259770154953002930e+00
-1.096317410469055176e+00
7.653747498989105225e-02
-2.943631887435913086e+00
-5.636174678802490234e-01
-2.285021305084228516e+00
-8.125067353248596191e-01
2.194761335849761963e-01
4.752985388040542603e-02
1.517676472663879395e+00
5.519532561302185059e-01
-6.798152327537536621e-01
-3.444060087203979492e-01
-1.559940338134765625e+00
-1.710130095481872559e+00
6.143929958343505859e-01
-4.645762741565704346e-01
1.730269193649291992e-01
1.120024099946022034e-01
1.320592314004898071e-01
7.351067662239074707e-01
5.664872527122497559e-01
-5.252609848976135254e-01
-1.008402466773986816e+00
-1.376816630363464355e-01
-1.182431057095527649e-01
5.426830649375915527e-01
2.740861102938652039e-02
8.321202397346496582e-01
2.843659639358520508e+00
-5.518888235092163086e-01
-1.112828999757766724e-01
-7.669028639793395996e-01
-2.254656553268432617e+00
-7.961643338203430176e-01
8.888115286827087402e-01
1.538679718971252441e+00
-6.903287172317504883e-01
-2.726623058319091797e+00
1.311928927898406982e-01
3.008879423141479492e-01
7.306359410285949707e-01
-4.289115965366363525e-02
1.065212965011596680e+00
-2.970999777317047119e-01
-9.032757878303527832e-01
7.693299651145935059e-01
5.538096278905868530e-02
-4.621890783309936523e-01
1.284319162368774414e-01
-3.334263265132904053e-01
5.955668687820434570e-01
-6.566336154937744141e-01
-9.882401823997497559e-01
-7.974852919578552246e-01
-1.013942360877990723e+00
-9.337113052606582642e-02
3.303115963935852051e-01
-1.774762123823165894e-01
-7.578999400138854980e-01
-2.496646046638488770e-01
-6.163645386695861816e-01
4.948875904083251953e-01
-1.873117208480834961e+00
2.441477179527282715e-01
2.605860233306884766e-01
-7.569604516029357910e-01
-9.574821591377258301e-01
-4.758095741271972656e+00
-1.472251176834106445e+00
-1.795295625925064087e-01
1.287809908390045166e-01
6.204041093587875366e-02
8.393062353134155273e-01
-9.262247085571289062e-01
3.049354851245880127e-01
1.216488257050514221e-01
3.366613090038299561e-01
-1.996539831161499023e+00
7.209684252738952637e-01
-2.667776823043823242e+00
-5.128627419471740723e-01
-1.086298227310180664e+00
-5.905066490173339844e+00
-1.565844655036926270e+00
8.358506560325622559e-01
3.704689741134643555e-01
1.346627950668334961e+00
9.355699419975280762e-01
6.830137223005294800e-03
2.820502221584320068e-01
-5.098173618316650391e-01
-1.119610309600830078e+00
-4.743059277534484863e-01
-2.110692024230957031e+00
-5.130131244659423828e-01
1.047391653060913086e+00
-2.712340950965881348e-01
-1.898260563611984253e-01
-3.832001388072967529e-01
-3.580777943134307861e-01
-5.611658692359924316e-01
1.200345754623413086e+00
4.209966063499450684e-01
3.751090168952941895e-01
-2.625871002674102783e-01
7.314791083335876465e-01
-1.323368400335311890e-01
-9.540513753890991211e-01
-2.315249852836132050e-02
-8.902923464775085449e-01
-7.784256935119628906e-01
6.975845694541931152e-01
-1.768103986978530884e-01
-1.087850704789161682e-01
3.643487766385078430e-02
1.653221249580383301e+00
-8.773955702781677246e-01
-6.320409774780273438e-01
-2.808053791522979736e-01
-4.125707745552062988e-01
-1.557821989059448242e+00
3.786762952804565430e-01
5.215934514999389648e-01
-5.146189332008361816e-01
-1.971808075904846191e+00
-1.346484661102294922e+00
1.850037217140197754e+00
-2.305398732423782349e-01
1.598721891641616821e-01
-1.390853166580200195e+00
1.465581178665161133e+00
9.146500825881958008e-01
-5.583028197288513184e-01
-7.414981126785278320e-01
-5.315942764282226562e-01
1.429120600223541260e-01
-1.063534140586853027e+00
4.529550075531005859e-01
-6.864329576492309570e-01
-2.651792168617248535e-01
2.239946462213993073e-02
7.831941246986389160e-01
1.386309504508972168e+00
-9.011284112930297852e-01
-1.182844042778015137e+00
8.612554073333740234e-01
2.763797640800476074e-01
-1.079436898231506348e+00
5.316061973571777344e-01
9.180953502655029297e-01
5.964968726038932800e-02
9.801642894744873047e-01
5.390471220016479492e-01
1.181908011436462402e+00
-1.439659237861633301e+00
-7.803615927696228027e-01
-2.149575233459472656e+00
-1.181197285652160645e+00
-6.715843677520751953e-01
2.574116468429565430e+00
1.049417972564697266e+00
-7.295446842908859253e-02
7.481700181961059570e-01
8.482024073600769043e-01
6.117355227470397949e-01
5.061619877815246582e-01
2.275411412119865417e-02
-6.935247033834457397e-02
5.849109292030334473e-01
1.324123144149780273e+00
3.724868595600128174e-01
8.222348690032958984e-01
-6.849218010902404785e-01
5.088844299316406250e+00
1.309766530990600586e+00
1.995290070772171021e-01
2.482280582189559937e-01
-2.383350133895874023e+00
3.885450839996337891e+00
2.630861520767211914e+00
-3.721760213375091553e-01
-1.146390557289123535e+00
6.531921386718750000e+00
2.877471208572387695e+00
3.393093585968017578e+00
2.301329612731933594e+00
1.473691105842590332e+00
1.168997049331665039e+00
5.237746611237525940e-02
-1.865154385566711426e+00
1.397045850753784180e+00
1.696578502655029297e+00
2.209065675735473633e+00
-2.292203187942504883e+00
-1.362752079963684082e+00
-1.974367022514343262e+00
-1.649259090423583984e+00
2.275061845779418945e+00
-5.555742383003234863e-01
-1.720785647630691528e-01
-5.466344580054283142e-02
-2.035989284515380859e+00
-7.899637818336486816e-01
3.399516820907592773e+00
2.506471395492553711e+00
-1.131612896919250488e+00
-5.832927703857421875e+00
-3.901428461074829102e+00
7.297918796539306641e-01
-5.945444107055664062e-01
4.126464843750000000e+00
-5.474904775619506836e-01
6.686102151870727539e-01
1.379308938980102539e+00
4.136326909065246582e-01
-1.912442398071289062e+01
-1.335432976484298706e-01
1.151749229431152344e+01
-9.308837890625000000e+00
-9.792458534240722656e+00
8.972192183136940002e-03
2.452493667602539062e+00
-4.135009050369262695e-01
-9.516711831092834473e-01
7.543669342994689941e-01
2.849879741668701172e+00
1.247119084000587463e-01
1.021098613739013672e+00
2.231579065322875977e+00
-4.517994523048400879e-01
-1.037092924118041992e+00
2.324719429016113281e+00
-8.563134670257568359e-01
-2.919089607894420624e-02
-2.508068561553955078e+00
3.839689254760742188e+00
-2.159382343292236328e+00
-5.895780324935913086e-01
3.051701545715332031e+00
-1.488605380058288574e+00
-4.680868983268737793e-01
-4.066020965576171875e+00
4.356328964233398438e+00
2.062153816223144531e-01
3.466524362564086914e+00
1.177120208740234375e+01
3.405023336410522461e+00
-2.769154548645019531e+00
-3.598601818084716797e+00
-2.641502141952514648e+00
-7.352106094360351562e+00
-1.122389984130859375e+01
-2.104892015457153320e+00
-1.110567227005958557e-01
-2.145560741424560547e+00
-4.792720794677734375e+00
2.310517549514770508e+00
4.565580844879150391e+00
3.939750432968139648e+00
-5.056463241577148438e+00
8.116215705871582031e+00
6.374304294586181641e-01
6.830602645874023438e+00
-1.565557956695556641e+00
2.677977800369262695e+00
-1.059012317657470703e+01
4.210044384002685547e+00
-2.169784545898437500e+00
-3.799135208129882812e+00
-3.559412717819213867e+00
-4.465495109558105469e+00
-3.668497323989868164e+00
-2.422096014022827148e+00
-8.614364624023437500e+00
-1.708227539062500000e+01
-4.998258501291275024e-02
1.824586391448974609e+00
-1.109115505218505859e+01
2.044079542160034180e+00
1.628942251205444336e+00
-2.016631126403808594e+00
-1.472829580307006836e+00
9.643273353576660156e-01
-2.375248193740844727e+00
-4.942694187164306641e+00
5.491781234741210938e+00
1.395275115966796875e+01
-2.396687030792236328e+00
-4.207393646240234375e+00
-5.038384437561035156e+00
-2.367206811904907227e+00
3.854691267013549805e+00
4.328055381774902344e+00
4.719271659851074219e-01
-1.242239832878112793e+00
-9.775181770324707031e+00
7.099650382995605469e+00
4.332337856292724609e+00
-4.093814373016357422e+00
9.488871574401855469e+00
-6.052891910076141357e-02
9.628524184226989746e-01
1.490270614624023438e+00
-1.622595667839050293e+00
2.265829324722290039e+00
-2.166847705841064453e+00
7.541667461395263672e+00
-1.709660738706588745e-01
-1.812165617942810059e+00
-4.020117759704589844e+00
6.258827447891235352e-01
-1.666614890098571777e+00
-3.121144473552703857e-01
-5.312513709068298340e-01
-5.496356964111328125e+00
1.507852435111999512e+00
-9.334457397460937500e+00
3.580643892288208008e+00
-9.731294512748718262e-01
2.258865118026733398e+00
2.254141092300415039e+00
-1.112194418907165527e+00
-8.320206999778747559e-01
1.990837931632995605e+00
-9.117106199264526367e-01
-5.945214033126831055e-01
9.670747518539428711e-01
3.163901567459106445e+00
-3.335807085037231445e+00
-3.570924997329711914e+00
-1.064247846603393555e+00
-1.548146486282348633e+00
4.909187182784080505e-02
2.395629644393920898e+00
-3.630744934082031250e+00
-6.881204247474670410e-01
-1.789575576782226562e+00
-4.099205970764160156e+00
-1.595490455627441406e+00
2.500477135181427002e-01
-2.210036993026733398e+00
8.475710868835449219e+00
4.554836273193359375e+00
1.797158837318420410e+00
-4.150933742523193359e+00
-1.780794978141784668e+00
-8.271849632263183594e+00
2.301897287368774414e+00
6.570109367370605469e+00
2.418638944625854492e+00
-4.818544089794158936e-01
2.450972795486450195e+00
-1.936637282371520996e+00
-4.652824401855468750e-01
-4.929536581039428711e-01
-3.972639560699462891e+00
-1.005041822791099548e-01
-5.458036065101623535e-01
8.723157458007335663e-03
3.192747592926025391e+00
1.890727043151855469e+00
