1.547254562377929688e+01
8.048757553100585938e+00
1.546497344970703125e+01
1.782107353210449219e+01
7.861336708068847656e+00
1.377231311798095703e+01
3.788944244384765625e+00
9.652445793151855469e+00
1.783897399902343750e+01
1.544502162933349609e+01
2.181836366653442383e+00
1.335748553276062012e+00
-2.367890924215316772e-01
-1.026031255722045898e+00
1.928643941879272461e+00
8.562914133071899414e-01
1.868097782135009766e+00
6.025055646896362305e-01
-6.941936016082763672e-01
-8.329855650663375854e-02
7.363089084625244141e+00
7.489299774169921875e+00
-1.462747335433959961e+00
-7.165044784545898438e+00
-4.535997867584228516e+00
-7.089767932891845703e+00
-3.035458087921142578e+00
-1.139944362640380859e+01
7.969721317291259766e+00
-2.640409231185913086e+00
9.414916992187500000e+00
-3.203300714492797852e+00
7.055323123931884766e+00
-3.880840539932250977e+00
1.344508934020996094e+01
7.794612407684326172e+00
3.523459196090698242e+00
4.387776851654052734e+00
-4.258852005004882812e+00
-8.280277252197265625e+00
7.191550254821777344e+00
9.454872131347656250e+00
1.537657928466796875e+01
3.874025940895080566e-01
3.067534208297729492e+00
1.685539054870605469e+01
8.852661848068237305e-01
-1.186613273620605469e+01
1.123700237274169922e+01
2.624110937118530273e+00
2.982084751129150391e+00
-1.076775550842285156e+01
1.408513641357421875e+01
3.536625862121582031e+00
-6.912130355834960938e+00
2.664655208587646484e+00
-3.029789686203002930e+00
-1.307226777076721191e+00
-6.323613166809082031e+00
-7.559615612030029297e+00
-4.308751583099365234e+00
-8.032448768615722656e+00
-1.229847145080566406e+01
7.403508663177490234e+00
8.964938163757324219e+00
-1.516345620155334473e+00
-4.166157543659210205e-01
2.955296337604522705e-01
-2.205926179885864258e-01
-3.054605722427368164e+00
-1.622359752655029297e+00
1.334963440895080566e+00
1.023746132850646973e+00
1.337707042694091797e+00
3.496815562248229980e-01
4.373500823974609375e+00
1.161931157112121582e+00
3.525583505630493164e+00
-2.036811113357543945e+00
6.386802196502685547e+00
-4.679432392120361328e+00
-5.455647945404052734e+00
1.026986598968505859e+00
1.984584629535675049e-01
3.205743551254272461e+00
7.043284893035888672e+00
3.310883045196533203e+00
3.769747972488403320e+00
1.664165258407592773e+00
5.571948051452636719e+00
-2.781883716583251953e+00
-2.413160562515258789e+00
2.724339008331298828e+00
-1.937760591506958008e+00
2.617046535015106201e-01
-4.142654240131378174e-01
2.290844678878784180e+00
-3.137938022613525391e+00
2.011110782623291016e+00
2.532029151916503906e-01
-1.233363509178161621e+00
-9.324775934219360352e-01
3.827990770339965820e+00
2.433957815170288086e+00
-3.713960945606231689e-01
-7.120535373687744141e-01
2.686741828918457031e+00
1.860211253166198730e+00
-3.395313024520874023e+00
-4.292644977569580078e+00
-1.326932758092880249e-01
4.642023086547851562e+00
-1.906671285629272461e+00
1.809098571538925171e-02
-2.415658235549926758e+00
2.059922218322753906e+00
5.436906814575195312e+00
-1.378537062555551529e-02
5.773286819458007812e+00
-2.870067358016967773e+00
-6.026486754417419434e-01
7.913385629653930664e-01
-4.737611711025238037e-01
9.188069403171539307e-02
2.576141357421875000e+00
1.331764340400695801e+00
6.258763670921325684e-01
-8.082945346832275391e-01
-3.053141832351684570e-01
-3.890846073627471924e-01
3.882040500640869141e+00
-3.135082721710205078e+00
-1.191785693168640137e+00
-2.427453994750976562e+00
4.149887561798095703e+00
-3.599436759948730469e+00
-4.226827144622802734e+00
3.620437145233154297e+00
3.377735614776611328e+00
-1.426333069801330566e+00
-8.029623627662658691e-01
-2.165652513504028320e+00
6.019822597503662109e+00
3.000425577163696289e+00
5.339219093322753906e+00
-2.334612131118774414e+00
2.960236072540283203e+00
-9.393855094909667969e+00
-6.431022167205810547e+00
2.858230352401733398e+00
4.531042277812957764e-01
2.005503892898559570e+00
1.565419673919677734e+00
8.258617401123046875e+00
-3.070151329040527344e+00
2.203420996665954590e-01
1.459494382143020630e-01
4.273393154144287109e+00
5.298593521118164062e+00
3.749699831008911133e+00
-1.932022690773010254e+00
-3.811920404434204102e+00
6.027842521667480469e+00
-2.753402471542358398e+00
-1.452281951904296875e+00
1.565254807472229004e+00
3.297835111618041992e+00
3.200207352638244629e-01
4.605367481708526611e-01
-1.078478097915649414e+00
1.362385392189025879e+00
5.773591041564941406e+00
2.975597083568572998e-01
-4.413142204284667969e-01
-1.231387615203857422e+00
-1.162603735923767090e+00
