2.133609294891357422e+00
2.759517431259155273e-01
-6.864535063505172729e-02
5.051556587219238281e+00
3.226672410964965820e+00
2.258264780044555664e+00
1.934462189674377441e+00
3.631981849670410156e+00
-1.426601111888885498e-01
-1.550151854753494263e-01
-1.337132304906845093e-01
1.203042626380920410e+00
-5.549628138542175293e-01
1.171525195240974426e-01
9.456915855407714844e-01
9.753294289112091064e-02
-2.787085771560668945e-01
-3.006448745727539062e-01
1.692749857902526855e+00
-3.757521808147430420e-01
-7.656596899032592773e-01
5.962349772453308105e-01
-9.576058387756347656e-01
-9.064343571662902832e-02
-3.331444263458251953e-01
-1.477881073951721191e-01
-1.351636350154876709e-01
5.816737189888954163e-02
-5.088832378387451172e-01
9.254911541938781738e-01
3.857931196689605713e-01
7.890141963958740234e+00
8.316140174865722656e+00
1.330883502960205078e+01
1.527519989013671875e+01
1.536294364929199219e+01
1.708872032165527344e+01
1.907285118103027344e+01
2.074774551391601562e+01
2.259215927124023438e+01
2.498608398437500000e+01
1.118592143058776855e+00
-8.720875382423400879e-01
4.356915354728698730e-01
-6.366405487060546875e-01
-1.695885062217712402e-01
-8.424371480941772461e-01
-1.642621457576751709e-01
-1.597047209739685059e+00
-1.021258711814880371e+00
-6.422060728073120117e-01
7.476177066564559937e-02
-1.163135915994644165e-01
-1.377261728048324585e-01
-1.974524855613708496e-01
-1.478695154190063477e+00
-7.510612607002258301e-01
-8.424852490425109863e-01
1.184897422790527344e-01
1.292517662048339844e+00
-5.375366210937500000e-01
-4.219504296779632568e-01
3.268611431121826172e-01
-1.138642057776451111e-01
4.280555248260498047e-02
-1.129179358482360840e+00
4.826232492923736572e-01
9.910923242568969727e-01
1.178775548934936523e+00
-9.152876138687133789e-01
-1.703896522521972656e+00
1.993885040283203125e-01
1.262843132019042969e+00
6.218901872634887695e-01
-1.447987556457519531e+00
-8.460236340761184692e-02
-5.490735918283462524e-02
-6.484622955322265625e-01
-4.688013792037963867e-01
-9.593368768692016602e-01
-5.299626588821411133e-01
2.918859958648681641e+00
2.792564928531646729e-01
-9.487413763999938965e-01
-1.436613053083419800e-01
3.270053386688232422e+00
1.891564764082431793e-02
3.847952485084533691e-01
-4.625774919986724854e-01
1.181784272193908691e+00
1.884116172790527344e+00
3.316866606473922729e-02
-1.246674895286560059e+00
1.303183078765869141e+00
2.725965261459350586e+00
2.028704166412353516e+00
-5.488829612731933594e-01
8.190970867872238159e-02
3.127543926239013672e-01
6.911011338233947754e-01
-8.644501566886901855e-01
2.559600472450256348e-01
5.291935801506042480e-01
1.838595233857631683e-02
3.923877775669097900e-01
1.732061147689819336e+00
-7.577228359878063202e-03
7.889868617057800293e-01
-2.593375556170940399e-02
-7.511588335037231445e-01
2.410472929477691650e-01
-6.379888057708740234e-01
5.331758782267570496e-02
4.818626344203948975e-01
2.060785703361034393e-02
3.768017888069152832e-01
2.206524759531021118e-01
-3.274256885051727295e-01
2.388621568679809570e-01
3.891738355159759521e-01
1.030360460281372070e+00
-1.280612111091613770e+00
1.133419126272201538e-01
-4.262039363384246826e-01
1.195503950119018555e+00
-1.679058372974395752e-01
-1.205987036228179932e-01
-1.764260411262512207e+00
-2.212081402540206909e-01
-3.269765377044677734e-01
-1.566082537174224854e-01
2.224967032670974731e-01
2.845903038978576660e-01
7.696294784545898438e-01
6.860493868589401245e-02
-5.350427627563476562e-01
4.289533495903015137e-01
-2.145015150308609009e-01
-6.545720100402832031e-01
-8.092874288558959961e-02
1.330754607915878296e-01
6.966772079467773438e-01
8.744329214096069336e-02
-6.791441440582275391e-01
-4.402750730514526367e-01
-4.161826074123382568e-01
3.850297331809997559e-01
5.215213298797607422e-01
8.207849226891994476e-03
3.924434781074523926e-01
3.266245722770690918e-01
-3.392216265201568604e-01
-6.180223822593688965e-01
2.971319854259490967e-01
-2.062087535858154297e+00
-4.261919558048248291e-01
1.883579134941101074e+00
1.605651378631591797e+00
-1.004329919815063477e+00
-1.098865270614624023e+00
-1.211135983467102051e+00
5.787675976753234863e-01
-4.597478210926055908e-01
8.119382709264755249e-02
8.567584753036499023e-01
-1.257396101951599121e+00
1.596079707145690918e+00
-2.150395661592483521e-01
-1.068434596061706543e+00
5.587501525878906250e-01
-2.556921541690826416e-01
-8.049405217170715332e-01
2.894459962844848633e-01
1.516760468482971191e+00
4.606021344661712646e-01
-2.455964088439941406e-01
4.510446190834045410e-01
7.157136797904968262e-01
6.394243240356445312e-01
3.823062777519226074e-02
-1.513896584510803223e+00
-5.662692189216613770e-01
2.178102970123291016e+00
-7.752535343170166016e-01
-3.273828029632568359e+00
-1.063201904296875000e+00
3.360778093338012695e-01
7.334551215171813965e-01
-6.757577508687973022e-02
5.399829149246215820e-01
-1.452592492103576660e+00
1.876147389411926270e+00
-1.728991985321044922e+00
-5.503657817840576172e+00
-2.724098861217498779e-01
2.233647108078002930e+00
2.693139016628265381e-01
6.639460325241088867e-01
-2.003033906221389771e-01
-8.687736988067626953e-01
3.060780167579650879e-01
-1.147730708122253418e+00
-8.572297096252441406e-01
1.851090788841247559e+00
7.867737412452697754e-01
1.848922014236450195e+00
-4.535134136676788330e-01
-6.992068141698837280e-02
4.804466962814331055e-01
8.417183160781860352e-01
-1.207564592361450195e+00
-3.219542741775512695e+00
6.375800967216491699e-01
-6.216374635696411133e-01
4.560372829437255859e-01
1.345812678337097168e+00
-1.352129101753234863e+00
1.121243000030517578e+00
-7.842570543289184570e-01
-1.529238820075988770e+00
8.331069722771644592e-03
-1.245686054229736328e+00
-4.173052310943603516e-01
9.444211125373840332e-01
5.146849155426025391e-01
4.336285591125488281e-01
-4.850518107414245605e-01
6.447225809097290039e-01
-5.653397440910339355e-01
1.100482940673828125e-01
7.990916967391967773e-01
-4.385147094726562500e-01
3.947359025478363037e-01
-1.377445697784423828e+00
1.496669888496398926e+00
2.631376743316650391e+00
-7.408305406570434570e-01
-2.298961400985717773e+00
2.238193273544311523e+00
-9.856931865215301514e-02
-1.089185118675231934e+00
-3.722368478775024414e+00
9.913754463195800781e-01
2.245120763778686523e+00
-3.106477558612823486e-01
-1.057300448417663574e+00
1.452573657035827637e+00
1.049320399761199951e-01
-3.290762752294540405e-02
-1.178677678108215332e+00
2.147520065307617188e+00
-1.982906758785247803e-01
2.030551284551620483e-01
-4.528934061527252197e-01
-9.290704727172851562e-01
-2.740158796310424805e+00
-4.895139038562774658e-01
-7.766312360763549805e-01
6.008842960000038147e-03
8.777665346860885620e-02
1.324577257037162781e-02
1.124114036560058594e+00
-1.969028353691101074e+00
7.180678844451904297e-01
1.048993587493896484e+00
5.831583142280578613e-01
