1.889170408248901367e+00
8.390144258737564087e-02
-1.423168420791625977e+00
4.823670387268066406e+00
3.964242219924926758e+00
-7.538998126983642578e-02
2.209384679794311523e+00
3.367599725723266602e+00
-8.329583406448364258e-01
-5.266573429107666016e-01
-6.461523175239562988e-01
-1.083716511726379395e+00
-1.060420155525207520e+00
5.122959017753601074e-01
-1.749433204531669617e-02
-8.037549257278442383e-01
-2.172995060682296753e-01
-7.037279605865478516e-01
-2.061840593814849854e-01
-1.724403142929077148e+00
5.221104621887207031e-01
4.295960366725921631e-01
8.949592113494873047e-01
-2.180760949850082397e-01
3.516101539134979248e-01
-5.357116460800170898e-01
1.649418324232101440e-01
-4.562987983226776123e-01
-5.503900349140167236e-02
2.672103643417358398e-01
1.857711374759674072e-01
8.483165740966796875e+00
1.021533107757568359e+01
1.330713844299316406e+01
1.533220386505126953e+01
9.474907875061035156e+00
1.749702262878417969e+01
1.919942474365234375e+01
2.729160499572753906e+01
2.858245849609375000e+01
2.910090065002441406e+01
-2.265938043594360352e+00
1.303614735603332520e+00
-2.005666792392730713e-01
1.984796524047851562e+00
-2.770504653453826904e-01
-5.414829030632972717e-02
1.099106669425964355e+00
-1.109658956527709961e+00
2.766878843307495117e+00
-4.106002330780029297e+00
4.873909056186676025e-01
-6.100375056266784668e-01
5.757021903991699219e-01
1.353209018707275391e-01
1.354377985000610352e+00
-1.542794704437255859e+00
-1.403337836265563965e+00
3.425835371017456055e-01
2.957565307617187500e+00
-7.569074630737304688e-01
2.708652019500732422e-01
1.149690672755241394e-01
1.988013274967670441e-02
-2.699413299560546875e-01
-1.316252946853637695e+00
-8.251462578773498535e-01
-5.076497197151184082e-01
-6.807605028152465820e-01
1.902865171432495117e-01
2.582713365554809570e-01
-1.796268224716186523e-01
3.009700536727905273e+00
1.304955124855041504e+00
2.155122280120849609e+00
1.076001167297363281e+00
-3.899977207183837891e+00
2.246794939041137695e+00
1.932429552078247070e+00
1.229357004165649414e+00
-1.516008853912353516e+00
9.173337221145629883e-01
-4.578112959861755371e-01
-2.960875988006591797e+00
1.181312084197998047e+00
-5.770143985748291016e+00
2.042067050933837891e-01
1.526347517967224121e+00
1.037002801895141602e+00
3.673354625701904297e+00
5.058176517486572266e+00
6.326798796653747559e-01
7.324573516845703125e+00
2.584147453308105469e+00
2.321343421936035156e+00
-1.398504543304443359e+01
1.429004430770874023e+00
-1.113577127456665039e+00
-2.002709805965423584e-01
-3.289613425731658936e-01
-9.350930452346801758e-01
7.012141942977905273e-01
5.161241292953491211e-01
-2.538264036178588867e+00
-1.307450413703918457e+00
4.761259078979492188e+00
2.912361025810241699e-01
8.161710947751998901e-02
2.071013301610946655e-01
1.087989732623100281e-01
6.758688390254974365e-02
-3.002364933490753174e-01
1.227590084075927734e+00
-1.247117757797241211e+00
-3.058043956756591797e+00
5.949618816375732422e-01
-1.122670620679855347e-01
2.382495850324630737e-01
-5.401173606514930725e-02
5.346715822815895081e-02
-1.317324191331863403e-01
6.663307547569274902e-01
-8.935429453849792480e-01
9.653435349464416504e-01
6.132319569587707520e-01
7.443009316921234131e-02
5.171016454696655273e-01
9.139698743820190430e-01
7.746172696352005005e-02
-5.037923455238342285e-01
-1.066654682159423828e+00
1.360249042510986328e+00
-9.461805224418640137e-01
-5.567739605903625488e-01
1.337392807006835938e+00
1.927918046712875366e-01
-4.050381779670715332e-01
6.411038637161254883e-01
-2.029396891593933105e-01
-6.770382523536682129e-01
2.133779048919677734e+00
5.258384346961975098e-01
-1.395978093147277832e+00
6.189675331115722656e-01
-1.524173974990844727e+00
3.843398094177246094e+00
1.438102841377258301e+00
-3.183543443679809570e+00
-2.310890436172485352e+00
-9.049130678176879883e-01
8.667708396911621094e+00
-1.755824983119964600e-01
1.742983907461166382e-01
2.611708939075469971e-01
-4.467087686061859131e-01
1.735154390335083008e-01
2.401049733161926270e-01
-5.281837582588195801e-01
1.677741050720214844e+00
1.068584799766540527e+00
-1.851187229156494141e+00
-3.273135721683502197e-01
4.211162030696868896e-02
8.090780675411224365e-02
-8.219478279352188110e-02
2.132712304592132568e-01
1.775625944137573242e-01
-5.022185444831848145e-01
-2.184723317623138428e-01
9.855625033378601074e-01
9.103371202945709229e-02
-8.817411027848720551e-03
-3.890741467475891113e-01
1.039792373776435852e-01
1.356404274702072144e-01
-1.195416375994682312e-01
3.059581518173217773e-01
9.955862760543823242e-01
-2.161188125610351562e-01
7.563252747058868408e-02
-6.367679685354232788e-02
2.614942491054534912e-01
-2.328853458166122437e-01
-1.120065569877624512e+00
-5.513359308242797852e-01
2.722847461700439453e+00
-2.630494832992553711e-01
-9.904814958572387695e-01
2.257442951202392578e+00
5.749576091766357422e-01
-3.546332120895385742e+00
2.113361358642578125e-01
-2.713644206523895264e-01
6.974931359291076660e-01
5.536952018737792969e-01
2.755944728851318359e-01
-2.367080748081207275e-01
7.997582852840423584e-02
1.093916773796081543e+00
6.619213521480560303e-02
-7.888850569725036621e-01
-1.210541963577270508e+00
-2.152447223663330078e+00
-2.907284498214721680e+00
-1.343218088150024414e+00
-4.118052482604980469e+00
4.797365665435791016e-01
4.979538023471832275e-01
1.257197260856628418e-01
6.837794184684753418e-02
4.261911511421203613e-01
6.223617196083068848e-01
3.267050087451934814e-01
1.988731026649475098e-01
1.612213701009750366e-01
7.815117835998535156e-01
4.222772121429443359e-01
4.151944518089294434e-01
3.050554990768432617e-01
1.713332347571849823e-02
3.384331762790679932e-01
4.204088747501373291e-01
9.987113475799560547e-01
8.417598605155944824e-01
8.889147043228149414e-01
7.959455847740173340e-01
7.814638614654541016e-01
7.385146617889404297e-01
5.289893150329589844e-01
2.760789692401885986e-01
9.688027501106262207e-01
1.922138184309005737e-01
5.767248868942260742e-01
4.849393367767333984e-01
1.291734278202056885e-01
5.462305545806884766e-01
6.838084459304809570e-01
4.401696622371673584e-01
3.111283183097839355e-01
4.707128703594207764e-01
2.948756515979766846e-01
9.735732078552246094e-01
9.482590556144714355e-01
2.866470515727996826e-01
7.595193386077880859e-01
6.198995709419250488e-01
6.975889205932617188e-01
4.603685811161994934e-02
2.206005901098251343e-01
1.537096053361892700e-01
1.470216512680053711e-01
5.147975087165832520e-01
3.524959683418273926e-01
1.377303451299667358e-01
5.615061521530151367e-01
6.078212708234786987e-02
1.211373582482337952e-01
6.136462688446044922e-01
5.755750089883804321e-02
6.300947666168212891e-01
5.817855000495910645e-01
1.888713955879211426e+00
1.020840764045715332e+00
-1.913175225257873535e+00
7.272428870201110840e-01
