5.468052625656127930e-01
-4.463465884327888489e-02
1.280592799186706543e+00
-1.327155530452728271e-01
1.358973503112792969e+00
-2.077893614768981934e-01
-6.712107360363006592e-02
-2.028285991400480270e-03
-2.669392898678779602e-02
1.978271268308162689e-02
-6.826066412031650543e-03
1.916542276740074158e-02
7.321615703403949738e-03
1.590979099273681641e-02
1.682879589498043060e-02
2.602248452603816986e-03
-2.415156736969947815e-02
-1.074495818465948105e-02
1.590640284121036530e-02
2.880491549149155617e-03
-8.733567781746387482e-03
3.248232603073120117e-02
-3.827447816729545593e-02
2.037668786942958832e-02
5.285578779876232147e-03
-1.367581449449062347e-02
2.116645500063896179e-02
-1.517561823129653931e-02
2.552127838134765625e-02
-2.070443704724311829e-02
-3.392378240823745728e-02
2.502590179443359375e+00
4.832905292510986328e+00
4.815402030944824219e+00
1.588140392303466797e+01
1.790423583984375000e+01
1.981356048583984375e+01
-9.997525066137313843e-02
1.241862773895263672e-01
1.448078639805316925e-02
-2.130510844290256500e-02
-9.477175772190093994e-02
-3.793202340602874756e-02
-5.684185773134231567e-02
-4.066281393170356750e-02
1.533297598361968994e-01
4.566318914294242859e-02
-8.641054481267929077e-02
7.205440849065780640e-02
-3.505576401948928833e-02
2.068296447396278381e-02
7.227760553359985352e-02
7.938919961452484131e-02
-1.106234360486268997e-02
-1.979761943221092224e-02
-2.892417088150978088e-02
1.488104164600372314e-01
5.975497141480445862e-02
5.342828575521707535e-03
4.484459757804870605e-02
-3.286923468112945557e-02
-8.862676471471786499e-02
1.005111914128065109e-02
7.836671429686248302e-04
-5.790731683373451233e-02
3.617364563979208469e-05
1.247835904359817505e-01
4.272709414362907410e-02
-6.593852490186691284e-02
3.201778233051300049e-02
-5.860755965113639832e-02
1.260748803615570068e-01
-3.216785937547683716e-02
1.400969326496124268e-01
-3.720220178365707397e-02
-1.099140495061874390e-01
-5.817634239792823792e-02
5.399218946695327759e-02
9.486238658428192139e-02
4.242550209164619446e-02
8.503118902444839478e-02
1.112527623772621155e-01
-8.198728412389755249e-02
-2.582228556275367737e-02
-1.149584278464317322e-01
-1.760948002338409424e-01
-1.490236371755599976e-01
-1.137689352035522461e-01
1.126727610826492310e-01
-4.421779885888099670e-02
7.654397282749414444e-03
-1.632111072540283203e-01
7.290603220462799072e-02
8.039946854114532471e-02
5.800923332571983337e-02
1.541091827675700188e-03
-1.291278451681137085e-01
-8.099186420440673828e-02
5.637807771563529968e-02
9.394451975822448730e-02
-1.088607609272003174e-01
7.639785297214984894e-03
7.621558755636215210e-02
1.313019394874572754e-01
9.892383962869644165e-02
1.762721687555313110e-02
9.652192145586013794e-02
-6.084800139069557190e-02
-3.957413509488105774e-02
-7.793299853801727295e-02
-1.817498914897441864e-02
-9.720561653375625610e-02
8.740700036287307739e-02
5.067451670765876770e-02
-3.462687134742736816e-02
-1.139000728726387024e-01
-4.443118814378976822e-03
6.216280907392501831e-02
9.947986900806427002e-02
-1.893717423081398010e-02
-1.326259523630142212e-01
1.546877384185791016e+00
1.396916985511779785e+00
6.044199466705322266e-01
2.210268735885620117e+00
-7.121186852455139160e-01
-6.456231474876403809e-01
-2.456425666809082031e+00
8.662230335175991058e-03
-5.480965971946716309e-01
1.456388115882873535e+00
2.858556210994720459e-01
4.510958790779113770e-01
1.834499239921569824e-01
-1.299206495285034180e+00
-4.759463965892791748e-01
1.743073821067810059e+00
4.657093882560729980e-01
-2.435703016817569733e-02
5.546974539756774902e-01
-8.687964677810668945e-01
-3.123041689395904541e-01
1.317289769649505615e-01
4.459421932697296143e-01
-2.996757859364151955e-03
-6.688450574874877930e-01
-9.752478450536727905e-02
4.787474870681762695e-01
2.645975053310394287e-01
4.263710230588912964e-02
5.313043668866157532e-02
4.093938171863555908e-01
3.344438672065734863e-01
6.796110868453979492e-01
2.106736004352569580e-01
-1.721576452255249023e-01
3.410404324531555176e-01
3.769210726022720337e-02
-8.777594566345214844e-02
-4.819304347038269043e-01
-4.694806933403015137e-01
-2.120193839073181152e-02
-2.183183133602142334e-01
-1.382869184017181396e-01
-5.751460790634155273e-01
9.523052722215652466e-04
-1.378320455551147461e+00
-4.232439398765563965e-01
1.817590475082397461e+00
-5.851709470152854919e-02
4.896785020828247070e-01
-2.579523622989654541e-01
1.011437892913818359e+00
6.380096673965454102e-01
5.009108781814575195e-01
-1.693202853202819824e+00
-1.058202743530273438e+00
-6.562961935997009277e-01
-1.137961149215698242e+00
2.210073173046112061e-01
-8.472952842712402344e-01
-2.326161228120326996e-02
-2.076917737722396851e-01
2.130276441574096680e+00
1.400293827056884766e+00
7.915581464767456055e-01
9.487134218215942383e-02
3.755472004413604736e-01
6.365970969200134277e-01
-1.465780753642320633e-02
3.476823568344116211e-01
-1.101189613342285156e+00
1.255037188529968262e-01
2.440698817372322083e-02
-8.829250931739807129e-03
-1.718575596809387207e+00
-1.882091164588928223e+00
-1.429101079702377319e-01
-1.639979839324951172e+00
-8.999921083450317383e-01
4.461133778095245361e-01
-5.700197815895080566e-01
1.027449488639831543e+00
-3.299721181392669678e-01
-4.029594659805297852e-01
-1.948169022798538208e-01
2.702281111851334572e-03
5.649893078953027725e-03
1.009857654571533203e-02
-7.833040319383144379e-03
-2.992079496383666992e+00
-3.007896184921264648e+00
-2.213880777359008789e+00
-2.077516794204711914e+00
