1.709534287452697754e+00
-4.195057451725006104e-01
-2.202252298593521118e-01
4.647555351257324219e+00
1.660211920738220215e+00
3.565192937850952148e+00
1.898189663887023926e+00
4.330137073993682861e-01
2.199679374694824219e+00
3.067467451095581055e+00
1.407419562339782715e+00
-1.078720912337303162e-01
4.854003190994262695e-01
7.960555553436279297e-01
-1.231340050697326660e+00
7.271415740251541138e-02
7.949857711791992188e-01
-1.118869185447692871e+00
-6.471474170684814453e-01
9.852017164230346680e-01
-3.369037806987762451e-01
1.011845231056213379e+00
-2.384543716907501221e-01
-2.985118925571441650e-01
-1.288870811462402344e+00
-3.682599589228630066e-02
1.094450831413269043e+00
3.414643704891204834e-01
1.144467145204544067e-01
-1.955897957086563110e-01
-6.335621327161788940e-02
-9.012328088283538818e-02
-2.578215897083282471e-01
3.679981529712677002e-01
-4.032049700617790222e-02
5.153147876262664795e-02
-8.493893593549728394e-02
6.179037094116210938e-01
-9.849429726600646973e-01
1.384519934654235840e-01
7.362482070922851562e+00
8.632473945617675781e+00
1.328348731994628906e+01
1.029909229278564453e+01
1.545291805267333984e+01
1.467517948150634766e+01
1.728449440002441406e+01
1.746218109130859375e+01
1.909508895874023438e+01
1.990583801269531250e+01
2.289409637451171875e+01
2.719945716857910156e+01
2.692282485961914062e+01
-5.940414905548095703e+00
-2.846381366252899170e-01
-8.349992632865905762e-01
-1.393944263458251953e+00
9.554269313812255859e-01
-3.011741876602172852e+00
-1.228544425964355469e+01
1.560105204582214355e+00
-5.969599485397338867e-01
1.685977458953857422e+00
5.496072769165039062e-01
1.628614962100982666e-01
-1.341886878013610840e+00
-6.661898612976074219e+00
-2.044494390487670898e+00
3.196542739868164062e+00
-1.243917584419250488e+00
6.322544097900390625e+00
-6.187185287475585938e+00
1.294690132141113281e+00
9.567978382110595703e-01
-5.483267307281494141e+00
-2.417029142379760742e+00
3.939827978610992432e-01
6.698188781738281250e-01
-9.613009691238403320e-01
-2.957228384912014008e-02
-2.202332951128482819e-02
5.006790161132812500e-01
-1.040655851364135742e+00
6.763719320297241211e-01
1.682669222354888916e-01
-4.804084300994873047e-01
-1.892207264900207520e+00
2.500603795051574707e-01
-4.918440580368041992e-01
5.258021950721740723e-01
1.667210102081298828e+00
-3.911503314971923828e+00
-1.774713039398193359e+00
1.526742875576019287e-01
-2.063245534896850586e+00
2.192277193069458008e+00
2.514426946640014648e+00
-2.031384229660034180e+00
-3.742333352565765381e-01
2.624859809875488281e+00
-5.077594280242919922e+00
2.122635126113891602e+00
-2.481732368469238281e+00
1.236835360527038574e+00
-3.009240150451660156e+00
-3.312876462936401367e+00
1.318479895591735840e+00
-4.731041908264160156e+00
6.679294109344482422e+00
-3.610615968704223633e+00
3.403802156448364258e+00
-4.273694038391113281e+00
8.107809066772460938e+00
9.159166336059570312e+00
5.424466729164123535e-01
5.809505939483642578e+00
-9.605372428894042969e+00
9.113510251045227051e-01
-1.028076708316802979e-01
-3.091083467006683350e-01
-2.593358516693115234e+00
4.981731474399566650e-01
-1.244134977459907532e-01
1.319344878196716309e+00
-1.051209270954132080e-01
1.430200576782226562e+00
-1.045481204986572266e+00
-1.444134235382080078e+00
1.689050912857055664e+00
-9.368884563446044922e-01
1.100227952003479004e+00
1.266552358865737915e-01
-1.758340716361999512e+00
9.984683990478515625e-01
-1.049147725105285645e+00
8.076037168502807617e-01
-2.003461837768554688e+00
4.385293006896972656e+00
4.275189876556396484e+00
3.414289057254791260e-01
5.042313933372497559e-01
2.660993337631225586e-01
-2.708170413970947266e+00
1.537378668785095215e+00
-7.858580946922302246e-01
2.632562220096588135e-01
1.285873651504516602e-01
8.802188038825988770e-01
-1.093599319458007812e+00
3.507452607154846191e-01
-3.115848898887634277e-01
-1.048129677772521973e+00
8.185787200927734375e-01
-4.731885790824890137e-01
1.088066697120666504e+00
8.034353256225585938e-01
1.438615441322326660e+00
5.732468366622924805e-01
-4.896631464362144470e-02
-6.938236951828002930e-01
-2.499745637178421021e-01
-2.459052205085754395e-02
2.911963939666748047e+00
1.957810074090957642e-01
-8.549455404281616211e-01
2.375538110733032227e+00
8.091040700674057007e-02
-3.160513639450073242e+00
2.000733137130737305e+00
5.772227644920349121e-01
-2.823902666568756104e-01
-8.698637783527374268e-02
-1.231774538755416870e-01
6.457631587982177734e-01
2.018772214651107788e-01
-2.749356329441070557e-01
5.095351934432983398e-01
2.785341739654541016e-01
-2.862413823604583740e-01
-8.052499294281005859e-01
2.611754536628723145e-01
-1.655526757240295410e-01
1.039571046829223633e+00
1.654020249843597412e-01
-6.387748569250106812e-02
9.922795891761779785e-01
-7.165086269378662109e-01
-9.572227001190185547e-01
3.424468040466308594e-01
1.593290716409683228e-01
3.080157935619354248e-02
1.208512663841247559e+00
-1.529303550720214844e+00
5.321018099784851074e-01
-3.054164648056030273e-01
1.304775476455688477e+00
2.743098437786102295e-01
7.158046364784240723e-01
1.760202407836914062e+00
-8.692598342895507812e-01
1.367543101310729980e+00
-1.579042434692382812e+00
1.676483869552612305e+00
-1.703268289566040039e+00
-6.975526809692382812e-01
-3.491997420787811279e-01
-1.990254878997802734e+00
1.552664995193481445e+00
6.424430012702941895e-01
-1.090398669242858887e+00
1.907095909118652344e+00
8.651844263076782227e-01
-7.571213245391845703e-01
1.584771037101745605e+00
5.830306410789489746e-01
-7.388721108436584473e-01
7.235285639762878418e-02
-4.045433998107910156e-01
-8.217020630836486816e-01
-3.977185189723968506e-01
1.572323679924011230e+00
-5.823208093643188477e-01
1.031089901924133301e+00
1.191118955612182617e+00
8.258050084114074707e-01
1.159280300140380859e+00
-1.165264606475830078e+00
-5.977339744567871094e-01
-1.299024939537048340e+00
1.401921629905700684e+00
-9.054191708564758301e-01
-1.480514407157897949e+00
2.118717670440673828e+00
-3.020075559616088867e-01
5.638808608055114746e-01
2.082123756408691406e+00
-9.213687777519226074e-01
-3.014802932739257812e-01
1.540185045450925827e-02
-2.244288176298141479e-01
2.403325319290161133e+00
3.423325300216674805e+00
9.124264717102050781e-01
-5.709093809127807617e-01
-9.914038777351379395e-01
1.249314546585083008e+00
-1.706935524940490723e+00
-4.020689725875854492e-01
1.420108675956726074e+00
8.052850961685180664e-01
-5.988436937332153320e-01
3.044847249984741211e-01
-1.218565821647644043e+00
2.247601270675659180e+00
-7.850247025489807129e-01
-1.821787506341934204e-01
1.033320665359497070e+00
1.737831592559814453e+00
6.676002740859985352e-01
-1.316300153732299805e+00
1.810451149940490723e-01
-1.177001297473907471e-01
-1.249010190367698669e-01
-3.935042396187782288e-02
-1.355014294385910034e-01
-3.658509626984596252e-02
1.771851330995559692e-01
2.953033447265625000e-01
5.648491978645324707e-01
5.997371673583984375e-01
5.444239974021911621e-01
-2.853439450263977051e-01
-2.753100991249084473e-01
7.792693972587585449e-01
3.319603800773620605e-01
6.561406701803207397e-02
-1.022710278630256653e-01
-4.332973361015319824e-01
8.477490544319152832e-01
3.081721961498260498e-01
-5.627633929252624512e-01
-4.524791836738586426e-01
5.790067315101623535e-01
-6.727957129478454590e-01
2.872838079929351807e-01
-2.391742318868637085e-01
1.545267999172210693e-01
2.784140408039093018e-01
5.563442111015319824e-01
9.444957375526428223e-01
-1.034464001655578613e+00
1.373053550720214844e+00
-9.444891661405563354e-02
5.665924549102783203e-01
-1.471842646598815918e+00
-2.069543123245239258e+00
-7.501942515373229980e-01
-9.184083342552185059e-01
9.555162787437438965e-01
8.176755905151367188e-01
-3.477855920791625977e-01
5.281194448471069336e-01
1.045396924018859863e+00
1.209362268447875977e+00
1.066670775413513184e+00
-1.240188956260681152e+00
8.790759444236755371e-01
-2.075634896755218506e-01
1.409974545240402222e-01
-7.303125858306884766e-01
-1.805955648422241211e+00
-4.182293415069580078e-01
-6.918607950210571289e-01
-2.006373405456542969e-01
1.673303842544555664e-01
-1.475348416715860367e-02
1.182797431945800781e+00
7.625362277030944824e-01
9.975159168243408203e-01
6.239454150199890137e-01
-4.549106121063232422e+00
-2.737666368484497070e-01
1.561699986457824707e+00
-1.729217171669006348e+00
-1.478309035301208496e+00
-1.218382358551025391e+00
8.948552012443542480e-01
-1.558327913284301758e+00
5.652149319648742676e-01
1.213264703750610352e+00
