5.141040148919744368e-01
1.879534855158242701e+00
5.262438806303646466e-01
-3.648451381522329479e-02
3.076558358668263216e-01
3.644430380424315552e-01
2.792957931827375617e-01
4.968646561750962865e-01
7.781901501904314733e-01
5.270971856867259220e-01
3.569867458090396628e-01
4.675246422011106184e-01
1.064803358451020587e+00
1.951035233459689211e+00
2.524878753007050669e+00
-4.801272382561541097e-01
7.647732011919509965e-02
6.914037526820615565e-01
1.015866837657897648e+00
5.169185658647882375e-01
7.372950870503923726e-01
4.807111154031481343e-02
8.000464315708925023e-01
5.001689432660640922e-01
1.055863678111101933e+00
1.746472328512664596e-01
-5.515735776528498668e-01
1.668733125856218247e-01
9.891976916050700952e-01
1.187958439411755496e+00
4.324848663398586091e+00
-3.234491565967173576e-01
8.652606036288233993e-01
2.190072636320914867e+00
3.492703786205896943e+00
4.214443916379369881e+00
5.569297227557690633e+00
6.485210625915598825e+00
6.909814209792784823e+00
9.605032762653596734e+00
1.150699272111826410e+01
1.076413560271006276e+01
9.764759936939606533e+00
1.275282376321615629e+01
1.714334537950884396e+01
1.281783579028986431e+01
1.559706826730142026e+01
1.488811301678636667e+01
1.579417332031462884e+01
1.793455501949138053e+01
1.946758335000038898e+01
2.229764068056174153e+01
2.190828323512054610e+01
2.261295186013411751e+01
2.286542681282473310e+01
2.459842594526440607e+01
2.693096844893126018e+01
2.493565542037137917e+01
2.703324215738359015e+01
2.899432503465283162e+01
3.203265920163992320e+01
-1.378791540590033948e+00
-5.799335209458137547e-02
6.662970547891936768e+00
1.712883330166421914e+00
1.837016746394426747e-01
-9.552614744447254225e-01
4.316765560717963912e-01
-5.654843584900918207e-01
-3.027133578238994982e+00
1.412658745851395281e+00
4.459934816392464363e+00
1.621274185934994838e+00
-6.249616306914992925e-02
1.125702798825837903e+00
6.245508668870108693e+00
-1.775260333488021036e+00
-5.603994580092722444e+00
-4.341363905290313241e+00
-4.754142925838872991e+00
-2.548132921735645873e+00
3.783818986049300115e+00
1.086475424609216756e+00
-2.164580792374920293e+00
-1.745978659993814075e+00
-1.876288339617036227e+00
6.757210073945846274e-01
3.267689688543150339e+00
-9.321381011289842533e+00
-1.015974675384944526e+01
-4.691594456936899249e+00
-3.193798617454372213e+00
4.148662829432051780e+00
2.239746338439774664e+00
1.119251942699366342e-01
1.096187024465365700e-01
2.617577774866007179e+00
-8.846787906555823519e-03
-1.636803569300560923e+00
2.064276839288196275e+00
3.111876619995174842e+00
2.497084103403381494e+00
1.543950747131647150e+00
2.675995722549940226e+00
2.097873925811974960e+00
1.217644052022204049e+00
1.652360100040321800e-01
-1.328394227446897391e+00
-6.633724859716814137e-01
-1.000571443821588913e+00
2.642415830468999083e+00
3.224072267747205012e-01
-6.755059509927459349e-02
2.596991520331719538e-01
-1.680931285506718442e+00
5.214931956672216318e-01
3.540036404692373795e-01
-4.114756872015408184e+00
-5.708917145671267512e+00
3.392962742529021525e-01
-1.432569431564596485e-01
1.012870785125712159e+00
3.241994248951165947e+00
6.233405715648251411e-01
1.981651743689272660e+00
-1.634514465750394496e+00
8.123611121859333206e-01
-1.019712781557861270e+00
1.851499626001424259e+00
5.315554133313130869e+00
3.073556849153295190e+00
2.176709723049330858e+00
-1.493133494164951891e+00
4.130047058584029429e+00
2.796221592277830847e+00
5.065487378628283910e-01
8.593992572564591592e-01
2.468554750837902156e-01
1.039604242142167845e+00
-5.459243051282814951e-01
2.011351563497399741e+00
7.160078449632109043e-01
1.120512547277985105e+00
-1.692263467327436155e+00
1.080307161219386414e+00
2.097211960326498925e+00
1.954931743156871793e+00
8.590941470465693897e+00
-1.991161565334130135e+00
2.848406617990603684e-01
-3.196480140229603917e-01
2.499483595663596347e+00
-1.931548343662712552e+00
-2.878513757433240450e+00
-1.460906239546453822e+00
-1.690216006119658942e+00
-3.247604406601789062e+00
-1.440648745129356145e+00
1.708413787974038867e+00
1.324900426372782603e+00
1.171356380854315038e+00
3.043831017097046399e+00
3.228367850783738557e+00
2.841575414648225717e+00
-6.795682541489546091e-01
3.052917707730060215e+00
-2.254481384273253619e-01
4.428522707594461316e+00
9.902156642623548624e-03
-2.651098277436714223e+00
1.776361795782141373e+00
-2.273848389852862084e+00
-4.891366077239704957e-01
-2.328083859251758980e+00
-2.578095576246548504e+00
-1.927747269156953047e+00
3.234234601719194746e-01
-1.403801739593764308e+00
-2.197774374897187410e+00
-1.003999508199110657e+00
-4.238344862474424102e-01
-4.846887824581937176e-02
3.583810377783374079e+00
2.996920429143735465e+00
4.305043417866166733e-01
-6.566904346186824837e-01
1.226697487494864403e+00
2.187909561301511818e+00
5.510650407397704731e-01
-6.248070996881681660e-01
1.134483232888320980e+00
-1.433634190823803278e+00
-4.407174980459998004e-01
1.990570746171351102e+00
-3.298340592499580115e+00
2.956505398428268983e+00
-1.060620631238139655e+00
-6.720302044407047148e-01
-3.250981551607314279e-01
2.266976361759199143e+00
-1.393994340542829669e+00
-8.500616902390942808e-01
9.914938795024172968e-01
-7.968650947836516396e-01
2.143553642661859548e-01
1.922369109101148998e+00
1.551236859072633090e+00
-6.642802727997249024e-01
-8.817864706135801756e-01
-6.270518218622787854e-02
-5.947953134162760058e-01
8.723549683040208169e-01
-1.868467272127611434e+00
-1.351837227773588834e+00
-1.092089555264706524e+00
2.748310895316273816e-01
-2.013945857450996968e+00
6.133755478489330004e-01
-9.826158923573844461e-01
5.739507922117786931e-01
2.624109665640031785e+00
-8.476201785734317484e-01
7.255849535498207770e-01
2.489994733952280548e+00
1.370907213635137234e+00
7.622990390279066331e-01
-3.797414053472569329e+00
-7.167987849220082142e-01
4.515252831222313912e-01
-1.761907516205458712e+00
1.955927968044898879e+00
4.409374708960448475e-01
2.249593128726903757e+00
3.571902543530996343e+00
4.173310289593931133e-01
6.082373661558668765e-01
-6.416984556529379269e-01
-3.200716578697286874e-01
1.170765192763620011e+00
9.936665183625698755e-03
2.713469114239517754e+00
-5.832054908676505001e-01
-1.540731673053432171e+00
1.161933791557499873e+00
1.823321158702250644e+00
-3.289075155703543030e-01
-2.056700154889271881e-01
-1.279119898344183159e+00
-1.979937126027190741e+00
-1.337977061131684131e+00
-3.271533222884072112e-01
-2.697749424494580439e-01
3.328486576903046945e-01
1.019151196473975896e+00
1.806465477846240508e-01
-9.831291485604175540e-01
1.428009923407518755e+00
3.570949521822833900e-02
-2.727311786962151041e-01
-3.985163214392881681e+00
-1.372684037038732541e+00
-1.195420516049071180e+00
-1.999546902711036023e-01
-1.053622188395188619e+00
2.560812526808067813e-01
-4.319733144276707848e-01
-4.021903587863211449e-01
-1.182266691694047467e-01
-1.554598787162420725e+00
1.753760051331860748e+00
-3.532564452970786140e-01
-1.484719492364553473e+00
-2.213193807269309699e-01
-1.456120715780230057e+00
3.192282422445089196e+00
-1.819966116699053060e+00
-7.071761958320320618e-01
-1.645815055564353147e+00
3.515685683489044866e+00
-6.261191697521967248e-01
-3.156610077215990184e+00
-2.313482355150935366e+00
-2.341245233801932280e+00
-4.199275324962367328e+00
-2.824372048032782967e+00
-2.529294580080154287e+00
3.063222764909962481e-01
-1.180773720661647097e+00
1.168372438394522428e+00
-1.248724346568137467e+00
-5.580947575551513662e-01
4.469865396010860858e-01
-3.505745505920481175e+00
-4.566156075877648490e+00
-1.133699561299972736e+00
-2.632517678621321355e+00
-6.298770582150765573e-01
9.257874450473171368e-01
-2.476090336133566883e+00
6.138592620956148105e-01
-2.975346907398894292e+00
1.216635926027053310e-01
-7.553994299852658800e-01
-7.949771935402332179e-01
-3.517049537586220964e+00
-3.891817137123587123e-01
1.208525604238487983e+00
-7.344588817875346010e-01
1.895910336377141459e+00
-1.829307792752218775e+00
-9.628787853133301544e-01
1.421653926450542782e+00
6.096066054663207973e-02
1.348066588580584035e+00
-1.368136732923903143e+00
-2.449707661728068864e+00
-1.351051203828265157e+00
-4.717175304018136894e-01
1.532908986728771517e+00
2.262067344512569633e+00
4.156625225308809846e+00
1.969107378738130576e+00
-1.649141469391192549e+00
5.372601074582632891e-02
9.313892962044570956e-01
7.299007490173045065e-01
-7.945196935378155967e-01
8.915983913135201722e-02
-2.611795939269968558e-01
1.031336669062441480e+00
6.485972396087009706e-01
-1.321544294302507729e-02
9.870969234450750474e-01
-1.930038875699610745e+00
-1.721246175970386316e+00
3.188409619860601119e+00
6.385397194448571012e-01
-5.825482048291735770e-01
2.136622327629402296e+00
1.902771863980728728e+00
4.482948256478923810e+00
9.528809394597989035e-01
3.103093837390336063e+00
5.095792562591159314e-01
8.368148994976480903e-01
7.231324928987358236e-01
1.066348115762767224e+00
1.581577386759907888e+00
2.528028622935263758e+00
-5.325319496480072218e-02
-2.135227982973748162e+00
8.736108454586288818e-01
-1.312236472580704971e+00
-2.780436363346660666e+00
1.695678639142764288e+00
-2.392230709443023073e+00
2.737450537358967484e-01
-1.628316202944032787e+00
2.837007423452104771e+00
-1.039968361432588084e+00
2.387269402617160807e+00
2.701961103914465312e+00
9.533297090805632479e-01
1.965836405920332375e+00
4.548704436878694968e-01
-3.157252801954853805e+00
-5.922272048717169834e-02
-1.661115200696218486e-01
-2.059647681567579713e+00
1.115010813437160353e+00
-2.461729407691073401e-01
-3.222083703244967179e+00
-1.374533942994830893e+00
3.975029236858449444e+00
1.282391797675482836e+00
-1.141986934201826953e+00
2.125590012308098964e-01
-1.414448806480805398e+00
-2.269385739690159998e+00
5.137841810219805350e-01
-1.247158848087311034e+00
4.064939411846851258e-01
2.775757522475244543e-01
-3.302753757439960136e-01
-4.692218522658876623e+00
3.169472282493073223e+00
-1.523473158634044866e+00
-3.200905284510083604e+00
-3.103016283101673878e+00
-2.869876724888868580e+00
-2.056201960056779576e+00
-6.201115536499494096e-01
-1.623453873331907271e+00
2.655617724096438259e+00
3.193627748907800878e+00
2.128192579451980926e+00
-1.776001575828658696e+00
6.011742600217242494e-01
-1.541988446605101037e+00
9.662815474287554662e-02
7.037346323311467478e-01
1.259182157887947628e+00
4.198187919906291588e-01
9.668147215270976869e-01
1.211294495449445341e+00
1.012211999151986230e+00
4.562816196405311553e-01
-2.687862068343813249e+00
-1.095053367281983103e+00
5.766504615691905311e-01
1.287260021661582321e-01
2.659183937431337519e+00
-3.826022743500782086e-01
-3.653638070317602793e+00
1.190359272450921102e+00
2.374510256519190676e+00
-1.066395668969757571e+00
9.141329013926872971e-02
-4.599386353632700875e+00
-2.163296601054578883e+00
1.169359893881733559e+00
-2.191267121498347237e+00
4.928272741756478670e-01
8.312173781594356381e-01
5.152131603443370622e-01
4.535172855656974811e+00
1.759170221693123204e-01
-2.711753037889019780e+00
7.643111742616648385e-01
-5.377214981013421768e-01
1.342789040055214711e+00
1.124574466382014970e+00
1.161296705584806022e+00
-1.627155222987610284e+00
-1.455316030434186114e+00
-5.942839699446030854e-01
7.978877680497975522e-01
1.435336932182672998e+00
2.031907384030132047e+00
1.090364842111564841e-01
1.826413326536860282e+00
6.462625263313925839e-01
2.322725804153259688e+00
-4.187391565372421631e+00
1.691825286132464523e+00
-1.222204821064467817e+00
-2.974829524406527245e-02
5.014137717194651067e-01
2.973535362764204937e+00
9.386525534184287922e-01
2.112988248249571543e-01
1.049340438885158822e+00
-1.315753667508436031e+00
-1.241464918618791824e+00
2.439735557100623231e-01
1.123160910927118561e+00
1.053701379544329075e+00
-1.909215754037781432e+00
-2.728784254445353774e+00
-1.995677861795287500e+00
1.662950914236713595e+00
8.745161018478979364e-02
-8.709482872464886782e-02
-1.540819349382115122e-01
4.277731192006716254e-01
5.091746166967546783e-01
-1.873341252000523260e+00
9.786349113327197369e-01
-1.883753224668968995e+00
7.979223004891684567e-01
-1.009940744008300584e+00
-3.193635345886700616e-01
1.227714077808154114e+00
-1.086852857272591955e+00
5.230799338368604529e-02
1.071351452134454707e+00
-1.402735289875088665e+00
2.661503004083692225e+00
1.855687700181400723e+00
-6.762291337888413911e-02
8.578678967734765237e-01
3.069564737853192060e-01
-9.939944972614982513e-03
-2.308542812690680179e+00
-4.354619982389905108e-01
3.996915921800693328e-01
1.107109500267481117e+00
-1.458153235116167235e+00
-8.735721292257367931e-01
-1.633966090735770704e+00
4.682881337037291258e-01
-3.361216639463251887e+00
1.420804292350111631e+00
-2.435332856898723974e-01
-9.763054113948501644e-01
-1.938508151485093922e+00
-1.586542007574506918e+00
-6.341791260217058968e-01
-1.550813269440197428e-01
-1.956690383926679155e+00
1.940658540965423118e+00
7.286006112821136194e-01
-2.232835125407907295e+00
-3.391890417256837154e+00
-1.814417733713331371e+00
1.833754204916109964e+00
-3.921081677380683139e+00
2.623590290652446852e-02
-1.192485597294156374e+00
-2.416936360505670678e-01
-4.115631529877444850e-01
1.571926726592455248e+00
-3.412077840360368874e+00
1.605304606006183965e+00
-2.414975829110450056e-01
3.301553490647735623e-01
3.205106245916530039e+00
3.239104724259475598e-02
-2.102570485352111884e+00
1.153048579029881227e+00
1.687383091028094251e+00
-1.689910687548793700e+00
-7.993474560643860638e-01
1.632870413719641256e+00
-1.363861087302033592e+00
-1.204190818772195304e-01
2.907547506749257882e-01
6.227410705885874087e-01
-1.873727027927975186e+00
1.176056230739217057e+00
3.199936595091981695e-01
5.921985122585040617e-01
1.337908689159422293e+00
7.524622806026017852e-01
-1.130197131198037885e+00
2.734684733685528890e+00
2.893803017416636814e-01
6.863153477884482712e-01
3.232239093434220667e+00
4.274469758527996155e-01
-5.163569539348968895e-01
1.712997381482813886e+00
1.550778634695411551e+00
-2.215729646363314043e+00
2.781360499842303602e-01
-2.437365805860768897e-01
-1.535767533990057387e+00
-2.856952083799368380e-01
2.014456652511630974e+00
2.141913043939920325e-01
1.902513982346599297e+00
2.236081316891479265e+00
-2.521892093244693100e+00
2.352913654152228862e+00
3.168334616385655611e+00
1.847125264436705550e+00
1.983660208076286402e+00
-1.586198024895630665e+00
-5.652495390131324626e-01
-3.354371269111444676e-01
-2.155622001444686964e-01
2.194302340560294329e-01
-2.320421676156771834e-02
9.336370944222595059e-01
-5.901317007089993405e-01
-2.862545012174763315e+00
-1.084285633671959070e+00
-1.411656728189088605e+00
-2.146977528859501216e+00
-2.978398998190831648e+00
2.911352743130848353e+00
1.966894408070602118e+00
4.863093573630587474e-01
9.386329993314230791e-01
6.695223540011041585e-01
-9.036271923666793215e-01
4.882192967646620252e-01
-6.358385263801820397e-02
4.032048252231908991e-01
1.556863171024072345e+00
4.630108475822958952e-02
-6.303676893216870747e-01
9.965840872616886781e-01
4.258666647704303365e-01
9.333628332201733269e-01
-3.332180355639246194e+00
6.036074930373116487e-01
-3.953104405263054844e+00
5.053055384803142175e-02
-3.750411880908299800e-01
1.065921266432889647e+00
5.101058085934206954e-01
2.339675992407717953e+00
6.723495535406889267e-01
2.349159276854010603e+00
4.386530990335738345e+00
-1.561904550357014143e+00
-6.055069903705888379e+00
-3.254287250923840080e+00
3.941676498145645358e+00
1.932166795085497046e+00
8.123864381226955644e-02
5.792577653833984597e-01
2.495003352846558997e-01
9.519350995845221597e-01
1.367298891836846719e+00
-7.226537098684725491e-01
-1.352557674106968255e+00
-1.592616910689765186e+00
-3.944575725345025874e-02
-2.361775041963603439e+00
-3.984035986244239158e+00
-1.397547119119059822e+00
3.069889697030796505e+00
7.065024027708086685e-01
2.689964996738767766e+00
-1.017690382545290761e+00
-9.385222098670256696e-02
4.172504066831451475e+00
-4.113258019237736818e+00
1.220087229368293169e+00
-1.332400414099194075e+00
-1.510861755551372143e+00
2.730664574980913528e+00
2.702008546848090553e+00
-2.664284907928552659e+00
-5.474369382078278612e+00
-5.350943832070803596e-01
-1.262177759845008351e+00
-4.862602737823384924e-01
3.811763939687825786e+00
1.776676113553738778e+00
1.328085088773209854e-01
-2.173797125258642993e-01
3.977802437479974085e+00
-1.109965569091572180e+00
2.692799704339838840e-01
4.232089389227861598e-01
3.900632769106475717e+00
7.055975366871001242e-01
2.003460457644076875e+00
6.916988104276007299e-01
1.073804738593291841e+00
3.240702398004541851e-01
3.570506724128811094e+00
5.218620855078047960e+00
2.391261901863932504e+00
-1.491237964783454384e+00
-3.236508637466917637e+00
5.059068674429924029e-01
3.840725201664699218e-02
-1.336197240233254924e+00
-1.768470268788551625e+00
-1.409980959391418542e+00
5.711231611887298554e-01
3.373102069960103311e-01
2.302255523005776627e+00
1.913371825703954920e+00
5.863683439700215771e-01
1.495213138757098825e+00
-4.194916974435167756e-01
1.463220268691518333e+00
-4.209250881453640569e-01
-2.630870151440488636e-01
-1.520957233034647249e+00
2.724497880767055569e-01
-2.658073634144521580e-01
-2.259544043735358887e+00
-3.586256409614782203e+00
-4.220196068584496807e+00
-1.298793045280813019e-01
-1.930238630147411261e+00
9.793400245546134419e-01
1.584201374905133686e-01
2.407023087907072048e-02
1.984879895967609276e+00
-1.029837435357329412e+00
-4.692045709328773739e+00
1.336697852986547863e+00
2.598639311487620951e+00
-1.658440223674667036e-01
6.524124558087925907e-01
7.030607555672837572e-01
1.139827705760387166e+00
5.425258104974785001e-01
3.252518133676295164e+00
-1.763126158889789075e+00
3.990632030444103973e-01
-2.699801118917535270e-01
-3.478407069993173506e-01
2.462274883595959585e-01
-1.608812849710038906e+00
1.511152028183545770e+00
-6.732736959558017764e-01
-1.405871212462070474e+00
-6.142640367358677134e-01
-5.760818966307933858e-02
-2.060097559091903230e-01
7.526332039111904848e-01
1.395781212298399465e+00
1.792973539192325383e+00
2.086010994985548983e+00
1.375713162028075365e+00
1.656888878665820020e+00
1.627079239153054468e-01
-1.949657221398955587e+00
4.917477229517400183e-01
2.604095423854936087e+00
5.350174997054714110e-01
2.775855390903158582e-01
-9.169234657155691526e-01
3.763453086000968506e-01
1.027262265821710319e+00
1.680338673403810601e+00
1.196998052881680374e+00
-2.172606086680124449e+00
1.574018746725177609e+00
3.769882592198763316e-01
7.600856843830677834e-01
-2.855536142246191122e+00
6.309225090325882856e-01
1.160334522386638589e+00
-3.662880558165421352e+00
-2.652870717127818079e+00
2.031755685849089943e+00
4.134593348359175136e-01
3.076158564643752813e-01
8.038216741001864563e-01
2.300833338438398323e-01
1.515248078483701633e-01
1.817353145280020676e+00
7.730406292975769977e-01
9.395912881782911841e-01
1.855362830644519678e-01
-9.474014333345184280e-01
2.185468301046060269e+00
1.089738332681711386e+00
2.285963828054090874e-01
1.350692734084487645e+00
-5.506595594416425765e-01
5.223039166216573159e-01
3.524739691316027823e-01
1.014862068623957780e+00
-2.033065994800970611e+00
5.364608595072016817e-01
-3.615777873698693856e+00
3.743640940080994461e+00
-2.181440811491877074e+00
1.539162697308638639e-01
1.732287159626795248e+00
1.396574492790394473e+00
7.403550657165222093e-01
-2.834320476184867932e+00
-3.081534492487749688e-01
-1.106836556500306656e+00
6.467449709781767364e-01
2.667044914294179225e+00
1.760040284654142695e-01
2.653806800586707149e-01
-4.851445501988661313e+00
-7.055211523912993665e-02
3.509968585735122604e-01
-3.813809812939494837e+00
8.804486723544832083e-01
-2.716771422819818760e+00
-7.088750517493351833e-01
4.996580516749328238e-01
-1.683045459401248944e+00
2.921803635021100742e+00
4.044940930907089616e+00
5.952606447524623201e-01
-4.437668549407214891e-01
7.571690442419614087e-01
2.544656250802173947e+00
2.039975372542877918e-01
5.666762986321193241e-01
-2.089413743008596391e+00
9.353193091452720598e-01
-1.105334635597467585e+00
-3.427531415459189823e+00
-7.842827531599072532e-01
-4.712116374738201663e-01
7.434247160999933879e-01
6.546384041734136794e-01
-7.527514895587723576e-01
1.272692725444439787e+00
9.086222215888202225e-01
3.443024632660190321e+00
-1.881607739209821162e+00
-1.749625849131911881e+00
5.068328649399205243e-01
3.948581069176460706e-02
-7.849741583721344673e-01
-2.412320907539569070e+00
8.702772737469922637e-01
-1.163411410595158069e+00
2.399331994888466379e+00
-1.698774568566094212e+00
-7.742398599587131391e-01
3.662060799676446488e-01
-2.598406040538179695e+00
-5.250244315984670784e+00
-1.931577075311220026e+00
-1.047212662391515225e+00
-6.218184695120853034e-01
3.117363256239229941e+00
-3.902508591181218511e-01
-1.461077617201853363e+00
-6.159778777362046043e-01
1.631971619929353023e+00
-8.206674297350248226e-01
-4.373519850072870030e-01
-8.003868178989486104e-01
-8.857774648841433285e-01
1.338471898956913764e+00
7.641855322737922673e-01
-7.555638878638677447e-01
1.426274996584288246e+00
2.467523602920970394e+00
-2.430614437070417910e+00
-3.197591129889584494e+00
4.907095012026656544e-01
-1.618537309480349018e+00
-2.696520832851712068e+00
-1.944785693254920789e+00
-1.703313723068039742e+00
-1.400378362169967250e+00
1.204417513128792860e+00
2.913565695989407400e-01
9.037399322091599352e-01
-9.250132477802590625e-01
3.371389909637417248e-01
-1.088853742716103579e+00
-2.692560891846309978e+00
1.140041037481706931e+00
5.921179877772613231e-01
-2.607110168141651974e-01
-6.104450890881301994e+00
4.246412372528641122e+00
-1.980830937647950762e-01
-7.639336660055356942e-01
7.236719645657003763e-01
3.710436570452262384e+00
1.509053659576592654e+00
1.766819452471756868e+00
4.054232351854488492e+00
2.511221950829844118e+00
2.261057633189313965e+00
4.214507319071547187e+00
2.431259669332316076e+00
-3.349427589526144722e+00
2.474911818643934946e+00
8.818495496992253546e-01
-3.761319211658725958e+00
-2.972842888215935009e+00
2.961190773308613799e+00
1.788257045238486054e+00
1.430032331318908501e+00
-1.485807317355356982e+00
-1.388421177956437491e+00
-5.296358374199484631e-01
-3.863419699966130771e-01
9.312905694003651424e-01
1.081673904082149029e+00
1.737786456176687588e+00
4.034090968857082515e-01
-2.932375241282209277e+00
1.604734046253965651e+00
-5.112858187255903131e-01
8.037013467205122996e-01
2.362486767223922701e+00
1.795722719027911252e+00
2.347451822952536293e+00
3.605435262181345024e+00
1.416647937643028765e+00
1.033923165343471284e+00
-5.848048535940541193e+00
-6.978438661598329595e-01
-3.774253859504126951e-01
-2.127733335664246273e+00
-1.100061123580253764e+00
-1.064853716143610241e+00
1.020285309640900140e+00
-3.693585398542170717e-01
1.163953395686305070e+00
-5.876040541610372259e-01
4.013179329282476004e+00
-9.813555416971841971e-01
3.587299957638012127e-01
-9.919513146903146117e-01
-1.158055984502169178e+00
-1.160600560872162790e+00
3.922492865312102506e+00
-1.290961617148703722e-01
-2.700401030645507294e-01
-2.066254746375508322e+00
1.220568325293574924e-01
1.186616390628020823e-01
1.613279479172263775e+00
-1.277070705469505851e+00
2.726392552463293484e+00
2.579290393559039579e-02
1.703009554483957411e+00
-1.058548141997269210e-01
4.320579969390430097e-01
1.301596279907606846e+00
5.872685457055748515e-01
-5.004248661259308451e-01
-2.039963489742355751e+00
3.155277167329491039e+00
2.602268755291690994e+00
-2.800747720835383703e+00
-1.242034441450053261e+00
1.239686308805612036e+00
-5.736520727889148352e-01
7.007285563309555432e-01
-3.092011344824404095e-01
1.006149117956308681e+00
6.192434145127042600e-01
-3.087665567105787101e+00
2.468554397067089234e-01
-2.170916875672986635e+00
-8.644435504772943757e-01
-1.489683818917834524e+00
-2.225273615579922204e+00
4.547027750912724375e-01
-3.483427989764585897e-01
8.295355536212007941e-01
-1.393708592293128490e+00
6.296074208855323429e-02
2.665392722996596575e+00
-1.749127384807354302e+00
2.339941946067813916e-01
2.457275385856813266e+00
-2.791706705061035299e-02
-1.122276877020986330e+00
3.284188303132978826e-01
-3.587497256559050718e-01
-2.498440669175230611e-01
-1.510637458360196250e+00
3.929893195949138440e-02
-1.618108851129453629e-01
-1.273739476045058439e+00
-7.274359539544406061e-01
-1.423839736742112949e+00
-6.443598122898792635e-01
-5.928588956833947821e-01
9.079077444243032202e-01
5.265203573989993835e-01
2.975932280615508407e+00
-2.528110125170686562e+00
8.195739701010072986e-01
1.471818609309754500e+00
2.916370444336260914e-02
-1.141484618870258760e+00
1.558569087620212290e+00
-9.571041726392232052e-01
-2.676256658740626057e-02
-2.834733025901666981e+00
-2.342256192145753868e+00
1.457893119703975171e-01
1.777280333449859251e+00
-1.451842557789877031e+00
-1.081113894095707018e+00
-1.576547810788362147e+00
-8.163560902513611328e-01
-6.313612361784705085e-01
-1.025671462701300163e+00
-1.605519572842839304e+00
-1.566994616562380260e+00
4.963436729089921728e-01
-6.418648563141191588e-01
2.483540614507882882e+00
6.054676067411276508e-01
6.255957277678678707e-01
1.025367045911125929e+00
6.115360710888013251e+00
-2.232044929400817779e+00
-5.656683692901809390e-01
-1.347504466784944233e-01
1.125665801729716753e+00
1.792876115437315621e+00
6.099093595993413386e-01
4.301458572312624185e-01
5.660547382485945495e-02
1.932913122604557055e+00
1.426177049138429020e-01
-1.156846179208950387e+00
8.145982424329616389e-01
-1.517332937816131544e+00
3.065849739509532434e-01
-2.491007183359402966e+00
-4.254441525552137282e-01
-1.872665247479111228e+00
-1.750849226680170512e+00
-1.059374118118707742e+00
-8.727330526125436361e-01
-8.707944652012507003e-01
-2.111059026365842972e-01
9.171526479026895773e-01
-2.980650101504787930e+00
2.852969659747529585e-01
-2.622170696412467472e-01
1.261968505781228433e+00
2.014987420545130803e+00
-4.472135528198238619e-02
1.994952965024429925e-01
-2.401591274125078612e-01
2.738752734991523607e-01
9.781994288162271234e-01
1.196760647094754632e-01
-1.043921554411107344e+00
3.759949574385982873e-01
2.790003962278357008e+00
1.252794049398312071e+00
2.183519053653805386e+00
-2.707870554425489740e+00
-1.751152378094368300e-01
1.307083864695281816e+00
1.766970900265364408e+00
2.744579428835066448e+00
-1.069631485994505971e+00
-2.737565010095969864e+00
-5.093737113916687598e-01
-9.128096798249014654e-01
4.624942714008517530e-01
-3.844843950657649834e-01
4.578289910571302079e-01
-5.890595536684000155e-01
-3.148711143678886160e+00
-4.618541094037091899e-01
-6.710886743893510475e-01
5.654059591784277305e-01
1.772356222052051011e+00
-7.015313869705608329e-01
4.694910867147387146e-01
5.692716426713159139e-01
1.407047679296798970e+00
4.721313934539498880e-01
4.392507229083035258e-01
-3.281012435152678153e-01
-4.003720589735625807e-02
3.649090597652055457e-01
-3.657408005518194005e-01
6.543107219939512387e-01
-8.155547311780745323e-01
-7.928328819516053394e-02
7.272279439814370861e-01
1.441497994603608168e+00
3.292900884065188549e-01
-4.384773911108008626e+00
-1.055732211967841172e+00
-7.526275766742686057e-01
-1.371117411236955963e+00
9.106795109236993646e-01
3.321956210525179309e-01
-7.834739775184400290e-02
-2.340038532964063833e+00
2.417396543613247406e+00
1.288296650528246490e+00
3.058428114164736811e-01
4.363961537757726994e+00
3.909083521989246801e+00
9.350032620220438684e-01
2.490701699621900911e+00
1.620223480738297139e+00
4.357185922224050545e-01
2.297249427344265627e+00
2.093189555063734719e+00
6.231445647974572788e-01
4.225982703621833370e-02
1.352587927011311031e+00
6.447074863568261760e-01
-8.103848650700415934e-01
2.491504964779602371e+00
1.955225355795825182e-01
-1.195053655344390897e+00
1.455542529977715605e+00
-3.462656163018245081e+00
-5.193641319871844519e-01
-1.243105846867613495e+00
-1.229588184928787520e+00
-3.831998487172685874e-01
1.265696346619324064e+00
3.008273197048142930e-02
-4.399762462361266335e-01
1.434821428560552281e+00
1.970549260401630143e+00
8.819002965367609415e-01
-1.136841690436243724e+00
1.375090171895863911e+00
3.245733850979601431e+00
5.516027864564768679e-01
6.015092911853984203e-01
9.517181775106128283e-01
-2.324600842066549267e-01
4.382881463633280239e-01
1.756113298966672370e-02
-4.672165193080333179e-01
1.554120495287623527e+00
-2.092145669877626180e+00
2.638988414144037842e-01
-1.335871221736030678e+00
1.802722872646358721e-01
-4.423304699379192462e-01
-1.272451883513634474e+00
-1.663580591965895916e+00
2.990149169631796666e-01
-1.702499716654412021e+00
-1.261849418507419607e+00
-1.505906571252673132e+00
-8.128240570993384706e-01
-3.374442201125146812e-01
-2.751777784598208765e+00
1.757359310085283788e+00
2.134360389515509659e+00
1.150984113367340189e+00
2.767255253175103125e+00
1.613325631416470785e+00
1.987776407717849025e+00
1.586380661475841614e-01
1.453077702486778700e+00
4.970715685946742735e-01
2.113234234655794630e+00
6.684654338369989679e-01
1.416617875312341956e+00
-1.716215524218913879e+00
5.029412329862770203e-01
-1.310268741436815043e+00
-1.095765723225800015e+00
-1.870251137045150225e+00
-1.502033570477262714e+00
-5.260379194095288202e-01
-3.722291374167334410e-02
-2.073258271638980688e+00
-6.193930700809476830e-01
-1.408931088231334616e+00
5.979574749357394747e-01
1.620524779507318991e+00
2.176230670244182264e+00
1.468238297715916407e-01
-5.617222647027926286e-01
-1.428476711964063561e+00
4.017376843901768746e-01
1.563080452090983563e+00
1.728499401847948536e-01
7.188221417428340976e-01
5.733011646486799728e-01
-6.695956990536124920e-01
1.935803274853808986e+00
-8.307225432178490243e-02
-1.345264011500796553e+00
1.437531107538648323e+00
-9.047047066789473124e-01
-3.624357260840511685e-01
7.541292428087210675e-01
1.125180992797130575e+00
1.115772348638393474e+00
-6.823756964301993522e-01
1.868302846045250876e+00
-2.773711992239768498e-01
-7.558947223196584853e-01
-8.351913180366798972e-01
1.040455918766118648e+00
1.177953211270699407e+00
1.068850820554540393e+00
1.272678941325733337e+00
3.037720015266053841e-01
1.108555411779426736e+00
9.457818077208328678e-01
-8.458936966362801124e-01
1.267326330290567959e+00
3.163253821874979277e+00
3.096268666189019303e-01
2.563298477097997186e-01
-1.043683660756892229e+00
1.906699546082960342e-02
1.211944784816382459e+00
7.914831113975073773e-01
4.707631497978911339e-01
2.129126345475672311e-01
-6.314136187332567429e-01
-8.908860213934529648e-01
-1.218614627988168636e-01
-2.148410957107901864e-01
7.412866581694836920e-01
-7.905374180271869111e-01
-5.792431113659549657e-01
-7.207108601570119122e-01
8.574365274212594201e-01
-5.912140554501680301e-01
-1.605198323129228388e+00
4.067315445651344119e-02
-1.128749608065759968e+00
1.443588490061175067e-01
-1.169979884181501228e-01
5.390633695489622790e-01
-2.507601048974093860e+00
-1.113042515257628429e+00
1.030142234815763835e+00
-5.490416270432807444e-01
-2.560863694751807085e+00
-3.706377768020825858e+00
-8.891461060616715484e-01
-1.903626120228939067e+00
1.678531087038270142e+00
-1.196977957913750279e+00
1.076484688872246520e-01
7.434014879425735467e-01
-6.865220057097783934e-01
1.349032450373167213e+00
-1.272723089698516219e+00
-3.983358601738162807e-02
1.030201491442700235e+00
-6.379261508004021586e-01
-2.778112516406906485e-01
-6.377992982480539252e-01
2.378350872548032235e+00
-2.116857376521522838e+00
-9.423453245642204879e-01
-5.443104331234733910e-03
-1.930087858606650553e+00
9.494799941668572441e-01
2.070535262437535273e+00
2.462424516636762539e-01
6.159476424982081033e-01
3.337110696100178409e-01
-6.173504878459756817e-01
-1.024741611744287795e+00
2.915867294339427040e+00
7.645105232787703375e-01
2.017119840022535193e+00
-1.327481759183990695e+00
1.617059001964287202e+00
-8.100867818747340410e-01
-1.587440813818531693e-01
-5.131100599175264509e-01
1.316963003290511081e-01
1.784806558371664575e+00
1.874285764566965273e+00
-6.795545313233941620e-02
-2.872550125416658329e+00
8.364103983817801069e-01
8.680186892882832961e-01
5.304817845968814449e-01
2.578265796615147654e+00
-1.389086485786239944e+00
1.691689243262992637e+00
-1.718987719301806383e+00
4.666462156287641272e-01
-2.706496921818726697e+00
1.945000112323328034e+00
-3.514195420661675451e-01
2.400484118649704790e+00
1.158547090814173730e+00
8.925535386073280009e-01
2.104279108372090867e+00
-8.050342027645260856e-01
2.482706826244271081e+00
-1.175345201690034980e+00
1.511062878115501329e+00
4.777504711588199116e-01
-1.720474633399773579e+00
9.848943545547458323e-01
1.317827451343650313e+00
-6.862765725276045448e-01
-2.667997088251684801e+00
2.287191535166802625e-01
-1.124043314759165080e+00
8.487306012849914483e-01
-2.255852702892344741e+00
3.253414210534256168e-01
-8.400962307513319960e-01
-5.738558428497152475e-01
4.836670016297470731e-01
-1.257319620799743687e+00
8.801221229431539506e-01
1.074357596998205544e+00
-5.453790431240786996e-01
-8.630757242331651424e-01
-2.376079056531657796e-01
-2.258040743823489738e+00
2.454218764082821413e-01
1.988351417890857675e+00
-2.696364557526748751e+00
-1.676353708206435478e+00
4.145742159717322739e-01
-8.059541288989033880e-01
-9.223663078633708157e-01
3.892435811319436834e-01
4.116151634329419107e-01
1.443759041384025998e+00
1.233212700587798527e-01
7.950233681234177840e-01
-3.254350321778547994e-01
4.483585078004016511e-01
9.635985456066664678e-01
1.505126157724744118e+00
-3.045974361281405529e-01
-1.498908884576554412e-01
1.194172820530894796e+00
1.431950739835815778e+00
-1.291452401916190595e+00
6.031006287134620614e+00
-2.825038733924565726e+00
7.439018018572094437e-01
-2.160211394709003585e+00
4.243280325622674098e+00
1.975193907752974098e+00
1.852975687389471382e+00
7.618567321464651876e+00
3.176667557240113737e+00
5.099074934367152423e+00
2.449006095782282344e+00
3.053434904121944959e-01
-2.219374280285197454e+00
-1.508452111976180232e+00
3.626523090417908435e+00
-3.172816557873606058e+00
-1.959833590344447041e+00
-1.352004121786139601e+00
1.336033309570381133e+00
-1.696660609658850127e+00
1.972834954401329277e+00
4.318401918470904932e-01
3.443192348155872939e-01
4.628707682987855954e-01
3.757637906316811383e-01
-1.318801264904074233e-01
-1.562469209834202566e+00
4.109560145104765305e-01
1.018840069567460649e+00
-5.025850040317075829e-01
-5.734217335844569996e-02
4.410831490833644897e-01
-2.216269656887254469e-01
1.934476961673163853e+00
1.556182782643740437e+00
-3.369144963225914058e-01
-6.133338252431658200e-01
1.698235480752869897e-01
9.334617058672061152e-01
8.884260986023334583e-01
3.145525727723969656e+00
1.089134750117765199e-01
1.358710843954401115e+00
1.315211769312446100e+00
-8.307198450102215581e-01
1.214126554169881356e+00
1.053769225591122183e+00
4.436264650403523468e+00
2.148741794701330310e+00
7.571589528139853753e-01
8.559751379434987761e-01
9.785936952389417964e-01
-4.933158078516300393e-01
-1.590358220563449498e-01
8.118142362878578711e-01
7.735881936756672239e-01
1.345912843266134029e+00
-1.180889300082052618e+00
8.132963560536408121e-01
4.375315658355697912e-01
9.845327948321642708e-01
1.915439976060881566e+00
7.026231906540671979e-01
4.065713151681647486e-01
4.986950240339366180e-01
2.234468819230317926e+00
5.374260365732257405e-01
2.592930778738700592e+00
1.768198678137702928e-01
1.939805275866259837e+00
-1.130930665036628202e+00
-1.738557064037720146e+00
1.485522766721732113e+00
-3.571440920485113857e-01
1.131732625740682119e+00
-3.832402213498690702e-01
-8.869472824956626811e-01
7.053810582662741746e-01
1.213386860429384484e+00
1.511630433510315230e+00
1.154806793296055512e+00
2.034612443388418068e+00
-1.819338475566149693e+00
1.067408962213834744e+00
1.553627270661048554e+00
2.262335889834393488e+00
2.281317096882128581e+00
-8.352445396655072685e-01
1.916127226047122656e-01
-9.631091647315810356e-01
2.154729864921415050e+00
-3.361427721632282983e-01
-2.642526218317331477e-01
-7.588602313339116723e-01
-4.130595390457791893e+00
3.259909614971367442e-01
-3.639220477360167183e-01
-5.030499210615491101e-01
6.261173162563005157e+00
1.575257253294422677e+00
-7.044191693528840947e-02
2.251586904613636531e+00
-1.142698996536829714e+00
1.297283426913398152e+00
-1.541119516931048761e+00
2.337654292648899457e+00
-2.489658153862725598e+00
6.382062213765378189e-01
1.757233317642127535e+00
1.354932958366548812e+00
9.894382730956474692e-01
-7.993385107337924733e-02
-8.994471521836752137e-01
-9.118093096953328036e-01
1.090020730048988584e+00
-8.908839778000289256e-01
-3.091607925781790778e-01
1.514906873597468562e-01
8.611394908615704891e-01
6.965251424540159775e-01
-1.285899193726016465e+00
-4.859406528762668098e-01
3.524156367309212445e-01
1.681886987703086422e+00
6.346130333490224151e-01
1.285070981815382929e+00
3.506804287819512034e+00
-2.651979584232138643e-01
-1.029086601090784203e+00
1.638113085930987811e+00
3.016316229257495207e-01
-5.699646867515050230e-01
2.114302877229162991e+00
-1.509865892162838064e+00
-1.199628588913469684e+00
1.687726247919629330e+00
1.914957074858700370e+00
5.863717978917604157e-01
2.387912617824602624e+00
-1.678087384349981059e+00
-3.001653932901406363e-01
-6.478810558716003865e-01
2.348326536288560668e-02
-5.988183973676659139e-02
-2.935839235663987440e-02
-1.325364104163677739e-02
2.418772989541972951e-01
1.522401012768238360e+00
-1.412542616001362106e+00
9.082211484166233251e-02
1.522332993375240306e+00
-5.374533682444822963e-02
2.661819339305525833e+00
-4.398867889324013625e+00
-1.515671345243356782e+00
-1.197987564020708495e+00
1.252633489598882210e+00
2.670037582536016973e+00
-5.889013357122052650e-01
2.714006481544111171e+00
1.939328435344344292e+00
3.506975553456477712e+00
6.008834235006562885e+00
4.577472176846779650e-01
4.333237468550072968e+00
1.628411797676704520e+00
1.318079230917999167e+00
-1.733785324587016285e+00
-3.391711363215740072e+00
2.028422743066855549e+00
4.496338374495651102e+00
3.040841490944008907e+00
1.258897392914883451e+00
-4.705244689054547957e-01
-8.931930467203146318e-01
-4.539562645761926696e+00
8.288219603086475823e-04
-6.389246179229110645e+00
3.510212278604409875e+00
1.754300295753838279e+00
9.582750332162023321e-01
-8.266122006150862234e-01
3.292968484236268978e+00
-1.331344686575312020e+00
-1.108937536848443983e+00
-1.019143839088981318e+00
-6.666084880688402103e-01
1.371551051893261652e-01
1.785868800261377620e+00
1.800786557499464424e-01
1.035136038660235736e+00
5.277507830775071129e-01
2.746508978693673608e+00
3.474073678607505489e+00
-2.129533983195086577e+00
4.791759220410180542e-01
2.132964872785347854e+00
2.245072703948384429e+00
1.054943117041597045e+00
-2.344996554921281007e+00
-1.034975867651221959e+00
-1.208030746808599343e+00
-7.089614128050121256e-01
-4.410224939054017135e-01
-2.209811510045887051e-01
5.815978597544162881e-02
-9.745413373283676739e-01
1.279466650284257101e+00
-7.987519584171735021e-01
-1.770721736452878892e+00
-1.400076138378809842e+00
-1.176686412899657919e+00
-3.732971888259881688e-01
2.849613609171021800e+00
6.263323000241622474e+00
-2.151601053121883655e+00
3.904522110696541648e-01
-3.110232411333909042e+00
3.712361101114603379e+00
-3.596871525683673188e+00
-1.085423121410844294e+00
-3.806025296352455012e+00
-5.239688507947652063e+00
4.395313059966725611e+00
2.311558080437580431e-01
2.384589426694146752e+00
5.452051037582577031e+00
1.379575653038815020e+00
-2.475390746410964127e+00
-9.638331370953263644e-01
6.190661683460392695e+00
-1.813930204357964815e+00
3.253837680713646208e+00
3.803783014598397516e-01
1.178448530496091440e+00
3.491955488566437005e+00
-3.614300173655631720e+00
1.320417235958517344e+00
-8.740228463332561093e-01
1.245268013920467071e-01
-1.026216486327231392e+00
-1.887713560151528691e+00
4.237010161042878309e+00
4.070003241759065915e+00
1.599311272989925481e+00
-1.135548048589496428e+00
1.313225659626906239e-01
2.189793322509065721e-01
6.228845501156619946e+00
1.105375600069506081e+00
-6.926632961654395348e-01
1.407761782372774162e+00
-2.710309939318761518e+00
-3.213992578140137280e+00
1.050923298336375600e-01
1.401264962046681273e+00
8.290228482150691081e-01
-2.618555298037185342e+00
1.919490465034929150e+00
-1.475485259796144977e+00
2.570185135470191451e+00
2.411100880065263130e+00
-2.284782483833525557e+00
3.327791613513753077e+00
3.941860325134811660e+00
-5.490916570775620231e-01
2.419986131835257126e+00
1.279679427425016447e-01
9.010399438294039998e-01
-2.508547241686866158e+00
-2.797115902417268263e+00
-3.781774228220268624e-02
3.108794015345264228e-01
2.412573363434918239e+00
7.053724351162624195e+00
5.573758805720269827e+00
6.841117459562512382e-01
-3.906623666707706999e+00
4.795033904432093763e+00
9.210515603407551932e-01
1.135395788353180668e+00
-1.318879891149950190e+00
3.584275851562727322e+00
-2.183305823923515909e+00
-2.997075367521392919e-01
-7.468584691132401643e-01
2.133003269737722807e+00
6.715647851860630624e+00
-2.535928285914846647e+00
9.826647010482296718e-01
3.850379524054834857e+00
1.761977745565212139e+00
5.077063071275817130e+00
1.367817505931451461e+00
-7.510817878172566520e-01
1.664486235459476049e+00
1.660662450936984280e+00
-1.642105386953126356e+00
-2.242732459942414103e+00
1.445277448828789169e+00
1.935336151985820985e+00
-7.907668718609999203e-01
-4.510056724594214472e+00
-1.577040667739404656e+00
3.370636859333255408e+00
1.479422786029114478e+00
-1.701251878313006394e+00
1.542393044750492326e+00
-2.273604257859372701e+00
-5.396394289691893720e-01
-1.861627248455692829e+00
-3.029260619527168519e+00
-1.533692563838056300e+00
-4.128276416503378621e-01
-3.578022737764415817e-01
1.126626978170973681e+00
-9.048962217267469965e-01
-2.013455021938412415e+00
4.155540854106741122e+00
-9.228166200326421986e-01
-4.734218819932793920e-01
2.153572626513235111e+00
8.157551380125465101e-01
1.152800271589964565e+00
1.518062820141150793e+00
8.446671194853174747e-01
1.352291182509604228e+00
1.240578667682351366e+00
-3.402372785888272855e+00
6.153339339298935506e-01
2.055390402253101989e+00
-3.541228787479414053e-01
4.230509027602512795e+00
-3.941667039502828596e-01
1.790923130249215900e+00
-6.397860553492562552e-01
-3.413206483482051024e+00
4.038253109457301981e+00
-3.425982023037740465e+00
-2.784511287007367830e+00
-1.210573746921908667e+00
4.082679282183244496e+00
7.338169352661884082e-01
-1.341449866859480311e+00
-5.103832262307873568e-01
4.045435336428450768e+00
3.885272081572413327e+00
3.129186737396621787e+00
1.596784527644780738e+00
-2.455499326120061276e+00
-1.715120401335933353e+00
3.400737623936090248e+00
3.986615016750981511e+00
2.144201187812205589e+00
2.493375484613397308e+00
-4.535881846399271167e-01
8.149907754715771668e-01
-3.637981766078274504e+00
8.506247767383464664e-01
-9.562854885799383642e-02
-1.081405061832029890e+00
1.920127240107626143e+00
3.072124412303707697e+00
1.487180085104414573e+00
4.155424880641728436e+00
-2.030298688765376003e+00
-5.137613038168815927e-02
5.621093929894809271e-01
7.341534328260098441e+00
5.032234660003633842e+00
-8.979930523924389840e-01
3.233494077032169844e+00
5.701261470931329178e+00
1.790717314369531243e-01
-1.761858571137796092e+00
7.969782445008984917e-01
-6.164727065758242031e-01
-4.166515991135646968e-01
2.428329212764332112e+00
-5.860132448383183146e+00
6.042235357843878107e-01
-1.427427346496343175e+00
1.353818907591938681e+00
2.219549058874063618e+00
1.684399676977070381e+00
1.748911586033781385e+00
7.266779451236048182e+00
-6.811003277923234345e-01
2.444167005114570745e+00
4.336610791266930498e+00
4.403287969156220782e+00
7.836193744777134040e-02
4.287071101821215979e-01
5.322779752067511083e+00
5.713399898438893842e+00
4.498075790048714495e+00
3.229623478854363849e+00
1.992240461667128093e+00
-1.469622851765652882e+00
4.091671388390313302e-01
-2.541049528653171130e+00
1.727431094684700463e+00
-2.527861295023437371e+00
3.702686912036174949e-01
1.431699727751301277e+00
4.768998036326940415e+00
1.358631933956354843e+00
4.363891048264759931e+00
-9.214048898121335318e-01
-4.242729285441212639e+00
1.021832447851752423e+00
5.533835482177202891e+00
-2.890221188120921658e-01
-3.050082805838815858e+00
3.061184152923225876e-01
-8.058799584312834607e-01
-1.199392744828405022e-01
1.955855896137722039e-01
-8.311280823366957726e-01
-8.300375908724579865e-01
2.267134210874890421e+00
-1.601775574708032224e+00
-5.371416014732256272e+00
1.683481605618605714e+00
-1.709476622375524446e+00
-5.517009178518404333e+00
1.704443250797957332e-02
1.632382383392182668e+00
5.842759647230728604e-01
5.288544375896983674e+00
2.642183863474386052e-01
-4.945850211395714346e+00
-2.908677385264673454e+00
6.989881041090101554e+00
1.967111710387020374e+00
2.425402515430062245e+00
1.368112511416282207e+00
-3.438057078422222190e+00
3.699548458124906958e+00
-8.457783521935590132e-01
2.526007457411503676e+00
-7.649266125228798563e-01
1.954695104587130139e+00
-6.988772124607330882e-01
6.902689589927637037e+00
7.528032050209695569e+00
2.538242393588123313e+00
4.928324188916406001e+00
5.078410677768975034e+00
-3.634729205589997125e+00
-9.116941370241452569e-01
9.390946629077511432e+00
1.904622978166833347e+00
-1.962183429263271384e+00
2.590457474904995117e+00
-5.654606459289001741e+00
5.282494797433498590e+00
-8.402227101196948489e-01
1.102142502866284568e+00
-9.274183181737015502e+00
-4.831489281430256355e+00
3.575114960439321532e+00
5.434158210955298829e-01
3.325951696737405872e+00
3.758604419718841516e+00
3.423427604155353077e+00
6.414791946059287264e-01
-9.884726541730417537e-01
-9.629160016919839915e-01
1.398094341978071364e+00
-1.226173445343956420e-01
-1.479198631045683054e+00
1.616019979000710149e+00
1.258700061992906516e+00
-2.423245040289147223e+00
-6.176776240181673927e-01
-3.331459863742959993e+00
-2.620059046930058422e+00
3.725529320920400789e+00
-1.922647758125479056e+00
-3.015383186469783983e+00
-1.445236217533313106e+00
2.095285506606554105e+00
-4.646359843858027250e-01
2.504468134139502311e+00
7.856225627301113290e-01
1.644439135451261746e+00
-1.523292894207735060e+00
1.643314183533555406e+00
-3.050883290402840453e-01
3.160883433437127188e+00
-1.693704812297776252e+00
-2.989814142951535914e+00
-9.577351994855592965e-02
-3.535659195546245748e-01
2.122825339776891473e-01
2.235252403470467275e+00
-9.243944203245764157e-01
-3.544282961413773858e+00
-3.495621215355029676e+00
-2.631228124559346959e+00
-3.394970325716974546e+00
-1.955611417541470276e+00
1.661780823933600715e+00
2.145572319253417515e+00
-1.239020740830957479e+00
-1.692582487038284123e-01
-1.141586706132423634e+00
2.077070386025214876e-01
-1.340426091179103496e+00
-2.444521955867985596e+00
-3.052376339227607163e-02
-3.087667264083933549e+00
1.989976195256880187e+00
-1.943617642003881318e+00
-1.731723997091150435e+00
1.829238541029933662e+00
-8.033244816030016722e+00
2.364302885074809790e+00
-1.547128384938996293e+00
-1.288746456469756607e+00
7.301197950634622513e-01
-3.090079605409531638e+00
1.743611664720259857e-01
-7.162884878663337673e+00
-3.286889668947039933e+00
3.257657068915854048e-01
-8.561987200167826551e-01
-1.188742564746921415e+00
4.585746596398812436e+00
-2.150675894090294360e+00
2.567220664834904742e+00
-1.240340496937635262e+00
1.653068685693413753e-01
4.217227690543751129e-01
8.617242591464316925e-01
1.416381437507375218e-01
1.071348193158451645e+00
-2.220974447612927172e+00
-4.723911780536059202e-01
-5.344312646861804073e-01
3.429621365314033388e-01
7.244017907528100819e-01
-1.651634376550975114e+00
-1.976196076898497855e+00
-7.213402432908824213e-01
1.563634440692550642e-01
2.923773212978054481e+00
1.510153955602817177e+00
3.322746580381710224e+00
3.474057369425064268e-01
8.409367169301895650e-01
2.972552562021269384e+00
-7.912225316388664664e-01
1.507664328583744773e+00
-2.636364607176279851e+00
-3.152980846633322565e-01
1.077373900609132518e+00
2.766087753238793745e+00
1.990603509659292669e+00
1.286583877548185262e+00
4.396221565923293939e-01
-1.504913574029242973e-01
2.608647100906471561e+00
-1.064131839308083638e+00
-2.790201055906619265e-01
-2.357181871372325543e-01
-3.669763798356977080e+00
3.278690869468176672e+00
-4.838424448229951658e+00
3.154908892099647089e-01
-2.464828160211538222e-01
-1.166059607442928137e+00
9.383603478272560805e-01
9.972097596917456341e-01
5.978024782870671183e-01
-3.059351943393096906e+00
1.554250603027264033e-01
-6.746640049029263286e-01
-1.091368888637936019e+00
1.348551962230275070e+00
-7.690781755514600748e-01
-2.079438462782120745e+00
2.713274718140664010e+00
2.046548045137876581e+00
-3.604700519309531170e+00
1.038672128636650038e+00
-1.488172708168183256e+00
-9.541084284606106136e-01
6.595664388353713603e-01
3.683243307915151088e-01
-6.193978936812219449e-02
-8.291683251724791814e-01
1.425301217807823040e+00
-1.968019871065072035e+00
2.159235964375067596e+00
1.881507009255279916e-01
1.432197950986923152e+00
-5.316225144776093314e-01
-8.323869062489577253e-01
2.119900623359720626e+00
-1.836231693370884877e+00
-7.986265083785712982e-01
3.387990123411120269e+00
-1.076355062964934772e+00
4.606927996087801347e+00
-2.274027971505937273e+00
9.962460863084284801e-01
1.722715340643247606e+00
1.578466780479815812e+00
1.354974643865306527e+00
-1.078031745912465089e+00
1.084829149796634695e+00
7.073422959113352393e-01
1.432344839448383089e+00
2.141429559143099293e-01
1.634046345666898548e+00
5.426888662279192310e+00
0.000000000000000000e+00
0.000000000000000000e+00
0.000000000000000000e+00
0.000000000000000000e+00
0.000000000000000000e+00
