5.070602614181636270e-01
4.162154281487717711e+00
-2.922397347022880898e-01
1.392092279877868100e+00
1.903377408598512011e+00
5.992608477799397093e-01
7.245348300273177777e-01
-1.446910432743992780e+00
2.717079372448028884e+00
1.333273925566763829e+00
8.885935741152919398e-01
-9.549465331293388592e-01
3.241438734833450019e-01
4.021803055008230654e-01
7.058024703617614692e-01
8.966331644062710549e-01
-4.071785069693319992e-01
-7.265296411465756998e-01
3.114918101750084878e-01
6.041083933292121788e-01
6.767475086129969064e+00
3.638353766313966453e-01
5.233795596972958819e+00
6.867665715652671032e+00
5.890798983638054764e+00
9.319974150526004308e+00
8.185525458026541301e+00
1.089580680117737721e+01
1.123253932883451256e+01
1.252190999812133576e+01
1.194208703133439720e+01
1.533874851307594511e+01
1.501961224568342779e+01
2.331620459625630204e+01
2.255777296576746949e+01
2.304873052586405535e+01
2.172716764829108627e+01
2.500763582213674496e+01
2.400817951120286153e+01
2.632067641952393799e+01
3.268465691981543131e+01
-1.920594191370752712e+00
4.965731768794706125e-01
1.908031516256422533e+00
-6.805184088668296549e-02
-1.647536128379343490e+00
-4.360600059576943410e-01
-6.320376778057407163e-01
2.803165433744648993e+00
-1.261401178958423630e+00
1.564540351803838381e-01
-2.228630532088858196e+00
-1.248452006011232296e+00
-4.139233311760900591e+00
1.874078768730353950e+00
-8.479532499211503982e-01
-2.069592544912378873e+00
1.712405284778922843e+00
-2.467802723911428853e+00
2.092357796798963498e+00
1.823503190093295645e+00
7.433320429732094281e-01
-8.202137817220421789e-01
-2.491501938083704459e+00
-9.651183388310628775e-02
-6.159239274452896762e-01
1.129346883442735594e+00
-2.213640657804145651e+00
-5.313712402771862964e-01
1.649962556692711857e+00
3.173531697830255460e+00
5.188048174225639464e+00
7.778264644601774469e-01
1.667553223270398455e+00
4.767320649561716528e-01
8.351572820019308452e-01
-1.367453500269138589e+00
2.178863475431056518e+00
2.798065821212099569e-01
-1.521665144219694232e+00
-1.701615651881295044e+00
-1.400366359544267469e+00
1.776384864713305589e+00
4.622553414957102924e-01
2.489911086450238731e+00
1.157856558364424915e+00
-3.797446538115998305e+00
-3.789162459715223807e+00
-1.057453048379548122e+00
4.985679953755128291e-01
-3.383127145210295339e+00
1.504369900211936173e+00
8.030070086535391338e-01
-4.289885221901721390e-01
-1.804113542346543531e+00
-6.286339850596581513e+00
4.487458156745923077e+00
2.902081485029785579e+00
-8.420418053289965954e+00
-1.243230101448871361e+00
4.777962323641740117e-01
5.529257585782164419e+00
-2.866590038756953618e+00
-3.406936248662718825e+00
2.284647848360525924e+00
2.482270315951753847e+00
6.822230860571999456e-01
-3.103260227527964599e+00
3.208530867095119588e-01
-4.793833862361682185e-01
-3.647597346601485047e+00
-1.221150809197079079e+00
-2.484880895508351006e+00
1.971394400863226037e+00
-2.611976065387671575e+00
-4.448857824975192443e+00
4.606433564831962091e-01
-1.348875484571874410e-03
-1.673453650973710349e+00
-2.556421421280925976e+00
-1.331967974234624430e+00
-1.720180491708048987e+00
-3.715807945806868240e+00
1.574981284949507065e+00
2.195039473220608439e+00
3.382638727676846813e+00
3.630616403473252429e-01
-2.073612371626268658e+00
3.411336483900758942e+00
-6.532288732369456730e-01
4.375460728892408557e-01
-3.277998246205426458e+00
7.492703565569244217e-01
1.687749266670536041e+00
2.940707724019816283e+00
6.491876123907456275e-01
7.851766970621237851e-01
1.822164362277764127e+00
1.264254251262306061e+00
-2.517513235496223967e+00
-2.479119997095054373e+00
-4.856221711449210110e-01
-4.104845409530862632e+00
-3.968915610037455077e-01
-2.371040058866253908e+00
-1.447399832213681181e+00
-4.321488407631898787e-01
-1.991584839461819634e+00
-8.474372552113449419e-01
6.581412580861017991e-01
2.324664545045878050e+00
-6.617138092071733979e+00
-3.134201144425108887e-01
1.571424098709933714e+00
3.347929012291496864e+00
2.241822735826797697e+00
1.116278599956151751e+00
5.475628807470758197e+00
3.402852846826294630e+00
-3.776600175076982868e+00
9.298881020238537465e-01
-5.403668072162525204e-01
2.251810165880224979e+00
-3.373952489936160037e-01
1.416842348878396551e+00
-1.219191646719690381e+00
2.504950231606523747e+00
-3.216665301007940680e+00
-6.750423248924675157e+00
4.109563122303280025e+00
-2.021610707280178332e+00
7.883222220985249828e-01
-1.118519719348883834e+00
2.591392579273445462e-01
6.298208792425183944e-01
1.281847617944758877e+00
-1.311431055817918967e+00
-6.783753990506383724e-01
2.452878973304222221e+00
-9.286341069746675281e-01
-2.436058576008481413e+00
-1.158037613470772165e+00
-1.605168401923093180e+00
3.905293769478709542e+00
-6.318464006064626659e+00
-1.820718196543269496e+00
4.205303925074024285e-01
-2.904448754550275069e+00
9.034469328500366325e-01
-1.037304239011750617e+00
4.709388715467984626e-02
-1.322395090100171533e+00
-3.738767393773222203e+00
-1.263806160166445480e-01
3.458752187720876559e-01
-1.032629800989650848e+00
1.439897464277808181e+00
-3.788614929896060968e+00
-1.640265011270999551e+00
-2.562521634351269118e+00
4.256203371365848143e-01
-8.562622390871506006e-01
1.632494845044506482e-01
2.297907278880540360e+00
-3.069422530880019373e+00
-4.947107339228749900e+00
-2.584791772944919686e+00
1.851269956378452264e+00
6.532636946381453757e-01
1.291299886980551648e+00
-7.639260026373375645e-01
-5.427621812357263931e-01
-3.245116723837722650e-01
-3.387267008070183660e+00
3.862195855146354884e+00
1.639645341904969911e+00
2.594773009873455827e+00
1.709688256731027867e-01
2.844481517100942991e+00
1.011085977630579169e+00
-1.502738939754782344e+00
2.258551479100996406e+00
-1.746223505891992378e+00
7.161804869533024309e+00
3.558547894985903071e+00
2.218372798725685602e+00
2.897863478014112371e+00
-3.211988284794289328e-01
5.378495478657075779e+00
-3.291006853116275055e-01
3.726663595490036229e+00
1.900263295307749623e+00
-2.840742183328860693e-02
7.672915449628480156e-01
-9.053185485502210916e-01
-4.816013840392432854e+00
3.962579381148193747e+00
-2.976892335833595804e-01
-8.831283061313927041e-01
-1.514663519592332808e+00
-4.034476955033584389e+00
-3.275570420423952189e+00
-2.165316358678662123e+00
1.737921346440548742e+00
3.034742417722241736e+00
2.584823140610351011e+00
-4.128158577411216612e+00
-5.321251085742622067e+00
8.710864944481262029e+00
7.755379801092908698e-01
1.694481716636641488e+00
-6.274756577133161484e-01
-3.235649628771691266e-01
-1.282688068187454178e-01
-2.186001076302160229e+00
2.313176291323991496e+00
5.947080232265027355e-01
-3.617431574665094907e+00
-4.474548549180445423e-01
1.236188881766040693e+00
1.974202644503424975e-01
6.902446084725232245e-01
4.775674165882101696e-01
1.197995387927621946e+00
4.539872679934298993e+00
1.956869563550305724e+00
-1.557272732954476657e+00
-4.588278139699729641e-01
-5.613092501005933599e+00
1.584862167845116243e+00
1.536594174646338518e+00
-2.053785591671512201e+00
-1.864201729215323677e+00
3.194837857404801973e+00
1.669682478182354490e+00
3.253756417143950364e-01
1.857003032579090496e+00
1.192064792254775130e+00
2.458574436617850356e+00
1.703603328842041131e+00
1.117560639857274829e+00
-1.826822537762728293e+00
-1.062685648373373093e+00
-4.578518134524414140e-01
-1.177942505506086146e+00
1.077088067767348445e+00
3.165939865345561710e-01
7.553080870721476714e+00
1.206000685352810020e+00
4.092302957514464268e+00
4.403912472567983905e+00
-2.803233247657365368e+00
-7.172725614144588591e-02
2.729214141586482345e+00
-1.569822941674029693e+00
3.716298440271752934e+00
7.473417568097012742e-01
5.323564463735119823e-01
-9.729578357186699500e-02
1.039952322110092364e+00
5.546875876801854455e-01
2.595276191831840773e+00
-1.117798767388080927e+00
-8.172127152296103647e-01
2.807420731467483721e-01
4.528382725520022412e+00
-1.660232890920307458e+00
1.178281194523038478e+00
-1.638959461583840538e+00
6.022983352204139829e-01
3.232705167901957832e+00
-1.284937378499398708e+00
-5.076938409155322685e-01
-3.890230425120932423e-01
9.504703050215926319e-02
5.721779315523050968e+00
-4.771959662079961473e-01
2.468353466549978226e+00
5.833772768240027551e-01
-1.542237486530998458e+00
-5.711260948292229411e-01
1.055855430596990274e+00
2.470371934214399712e+00
4.430304314386432907e+00
-9.154933716349004769e+00
-5.131146177851274581e-01
-6.129636781374480092e-01
-4.236218041691260261e+00
-3.686448621670091352e+00
2.278957028728005874e+00
1.651732778114851197e+00
6.510566944816772450e-01
-2.424331460809341809e+00
2.146589521546796497e+00
8.488777221583310162e-01
8.272379909205103132e-01
1.853135090416415443e+00
3.936355919897136957e+00
7.803374785808271374e-01
4.538838737700903181e+00
5.749510431614721639e+00
1.956530383239264204e+00
3.181538216427658161e-02
1.048563421289185671e+00
2.678855007506438124e+00
1.514267490592022813e+00
-3.316479433889319761e+00
-2.362666389807351219e+00
-4.548590256015811129e+00
2.203091858480675569e+00
4.522112702736920675e-01
9.574584672779751227e-01
2.279656984015713928e+00
7.642213446943671440e-02
1.672178024337404922e+00
3.376264839050977962e+00
-2.340568070687667479e+00
-3.708920390634539155e-01
7.455832211147598310e-01
-7.649698916746822119e-01
-1.935578629888717650e+00
8.679521612063313185e+00
4.811820167675501803e-01
1.071738446552056745e+00
1.056943807490763332e+00
-3.738953843031012081e+00
-2.698205026418432961e+00
-8.500162262294558957e+00
-1.584917991010954319e+00
1.011447573028899782e+01
-7.410021423718961664e+00
2.446156913562190116e+00
-2.857156829947145482e+00
2.474834679906418700e+00
-3.666473378555701768e+00
2.329403644816609997e+00
5.843812179460898371e+00
-2.062083485667256522e+00
-2.762988771639330210e+00
-3.011034391198554427e+00
-1.574626823850494350e+00
-1.859964852675747071e+00
-5.306472353084431326e+00
-6.268487216234036596e-01
-1.327775882552997659e-02
-1.636184741453309055e+00
4.545449916970873971e+00
2.682980474948184035e+00
-3.826015321412079562e+00
-4.325193252096652508e+00
1.350187692628786795e+00
1.096183964651838705e-01
1.796516669498595453e+00
2.419421971587598641e+00
-8.099850542197313263e-01
3.060987135672020298e-01
-1.538319676989736151e-01
-8.650763663484749566e-01
7.273096106546107498e-01
2.723176928139954267e-01
1.912048856450385137e-02
2.983807417165268983e-01
9.008641558965517770e-01
-2.570402515803709154e-01
1.595792275232537083e+00
-3.328242588625455411e+00
7.151212191659444883e+00
2.920447522117153305e+00
-5.412321803239529272e-01
-2.177443476295714220e+00
3.304275765218110283e+00
2.286753683596286502e-01
-3.128658944351779159e+00
3.945915860182987789e+00
-2.567427770332049164e+00
7.463031488808888447e+00
3.070346136407091642e+00
3.383223365862234377e+00
2.298746872069631131e+00
-8.274824768268878028e-01
-3.148804527330521186e+00
-3.021239055000753293e+00
-4.292392785760636542e+00
3.535691648285923971e+00
3.083954506277957641e+00
1.446464510629532629e+00
3.325002625538019174e+00
9.730595630467513413e-01
-3.757820135231563885e+00
-4.342735847194129306e+00
-2.482859391769690838e+00
1.454523816103485689e+00
4.265343443857392280e+00
1.875026445550127319e+00
2.210183582915963729e+00
-3.764351439724748616e+00
-2.086611746127514433e+00
-3.989844677645484894e-01
8.149688812362585466e-01
4.678275923129771918e+00
4.294073864372763616e+00
-5.516256634306466317e-02
-1.814673531407451579e+00
-2.266268762515752933e+00
4.829115196940820809e-01
1.259932096149891878e+00
2.802761147767526495e+00
9.054107816036048584e-02
-1.696620399177852123e+00
-2.908456456612090957e+00
-2.106813704257771924e+00
6.040596547504531344e+00
2.767153377585533036e+00
1.815171736690506243e-01
-1.319460413357810724e+00
4.676451768625559779e+00
-1.035835985894627109e+00
-2.583981893779887962e+00
5.905894020266803102e-01
1.508047184559495157e+00
-1.799059481072501798e+00
-1.512787048856401917e+00
-4.887096633464251827e-01
-4.707145143978224699e-01
7.668709554085939573e-01
-2.518234498245119468e+00
-3.870739314007208831e-01
-7.077700720510786692e-01
1.669981675193559889e+00
2.648376266928262446e+00
3.382894984817334194e+00
3.493997581521802509e+00
3.882200675607658802e+00
1.989755760734531087e+00
-2.703445153105215937e+00
3.474137946648145903e+00
-3.338167209169369265e+00
-5.113941557805576466e+00
-1.035379033955356354e+00
-2.233508262748499451e+00
2.325296316240428762e+00
-2.212319111114135595e+00
-2.476096502098866559e+00
5.485993865167306804e-01
-2.420769984718229129e+00
2.386221707311368068e+00
-2.548052621588605238e+00
1.438261192518142773e+00
3.830724600025184889e-01
-1.223891592091340019e+00
-1.905962589550727060e+00
6.624898947739753519e-01
1.233288352167791757e+00
1.789983741248204918e+00
5.711849097143483212e-01
-2.122590043413734140e+00
-2.572869024916236480e+00
-5.573587125445095047e+00
4.041732439910245001e-01
6.533529549245080226e+00
-4.349306852203759455e+00
1.216721121306177711e+00
-8.446232531488526707e-01
1.028295502845129272e+00
-2.561706033330291454e+00
2.012352942517911636e+00
1.916085242502270081e+00
3.346084951641243421e+00
6.362517688316291498e-01
8.584103069423701937e-01
1.026855386966608163e+00
-4.849752717777892741e+00
3.705339357897387220e+00
-4.227975607838989625e+00
-3.350186920768357890e+00
-1.737244990934912581e+00
-1.262842600731922893e+00
5.433072838831178863e+00
-5.895683910553783491e+00
-3.916114526428194687e+00
4.143390039316952600e-01
1.555432968614991696e+00
7.536811420699097985e-02
3.047314301854755492e+00
1.665970932978431573e+00
3.302644247086598539e-01
2.232795792025203063e+00
-2.146297577546528057e+00
6.247376041335650498e-01
2.507481076912752904e+00
2.124938563805447433e+00
-1.459976421573919048e+00
-4.099872620417474245e+00
-1.620872567819279242e+00
1.463807867895108972e+00
-2.721096617001933504e-01
1.439051783969227172e+00
1.770236493029470060e+00
1.139178492055642034e+00
-3.502169457901544991e+00
-1.242067304647622050e+00
1.821716483044023116e+00
1.625481592777297424e+00
-1.852854159108962007e-01
-2.668186621806018621e+00
-6.463927345567266336e-01
-3.751818282121680337e+00
-1.920182627168819822e+00
-5.028658495381616689e+00
-2.282914939189284453e+00
-9.671923796852436084e+00
-1.663678860437054929e+00
-9.566697273149147307e-01
8.272327157123803287e-01
5.981536188826163114e-01
-5.569216115582933391e-01
1.081921576681458053e+00
-2.022684523655020605e-01
3.215049200160153386e+00
-4.434670852646090955e-01
1.201208352811385049e+00
-2.060523985302585626e+00
-1.584027821755121357e+00
-3.784950012084997706e-01
-1.003399081775794288e+00
-1.557556187518291668e-01
-3.177901066841582800e+00
2.437845072322733841e+00
-5.313407050893508288e-01
5.621440989362919138e-01
-1.676680230751952660e-01
1.293031338175689271e+00
2.859337925323280682e+00
1.484173701522351507e+00
-2.519012505567955085e+00
4.776226081009663282e+00
4.575185108781843368e+00
3.651317418375148449e+00
1.616516154071834466e+00
-4.510879187143316926e+00
-3.899020026374292236e+00
2.661265699465133139e+00
3.700891310147197188e+00
-1.436995963192333470e-01
1.831544650550543940e+00
1.293869301013627071e+00
1.219142651191363225e+00
4.619084164700414163e+00
1.051973524796621540e+00
-5.104275510094935520e+00
4.367514368578630624e+00
4.147027562713470061e-01
2.266214579514080452e+00
1.464788686760157832e+00
1.632672388361883664e+00
1.468701887354758595e+00
1.126835007538127931e+00
-1.757539704173041617e+00
1.088824341128037165e+00
1.717522608147656893e+00
8.907470811086992679e-01
-4.026562063045422413e+00
2.411467437715557161e+00
-3.930367465979357267e+00
3.603710887596597967e+00
-1.540424324127929401e+00
-1.962524615097950911e-02
-1.990134926361310508e-01
1.199945785632531986e-01
-1.219128591069332357e+00
-6.343151370018743629e-01
-5.727187149214330031e-01
-3.628478207255202981e-01
1.163468394316011928e-01
-1.552018210626060268e+00
1.594324178485530652e+00
-3.869554976629219212e+00
-1.498544069142521695e-01
-3.709997006394458174e-01
7.454180067318914027e-01
1.162993394512759737e+00
-2.275888808489575921e-01
2.163566374404723991e+00
-1.381740732201010902e+00
4.799368713045104151e+00
1.680717446635389800e+00
-2.000664215812960334e-01
-8.643080548353994086e-01
-1.114238656644867209e+00
-4.119674103983462565e+00
2.774367810317952543e+00
2.921649547620368104e+00
5.230045128491643824e-01
-3.484562135376627179e+00
1.953965248153878509e+00
5.508300559842375321e+00
1.106945112830511446e+00
-2.004320903033892876e+00
1.859163953476076214e+00
1.802335938264192139e+00
-2.160709919149791103e-01
-1.083327358814439201e+00
-6.320990624065502272e-01
4.366872965587446309e+00
7.899925713501163571e-01
4.309709169709761589e+00
-1.733855376647149560e-01
-7.784354672836288902e-01
-4.881484324791700025e-01
-4.197544239264265009e+00
1.465980178987524640e+00
-2.755723229592074164e-01
-2.943759086704398786e+00
5.314303579728892890e-01
9.019273314067813851e-01
2.180949206170972765e+00
1.968957127383903272e+00
1.079304254992950352e+00
2.355282769987997182e-01
1.728401543191447898e+00
4.770407380819923215e-01
2.994345402890985497e+00
7.346042452004319934e-01
5.630684818904058142e-01
-2.856277566380434063e+00
3.596512384215876157e+00
2.667766998572604908e+00
-1.208602249499667547e+00
7.251391134096657649e-03
-2.812099365620632785e+00
3.846927331214135659e+00
-7.226748791925089455e-01
-1.233146839503651560e+00
1.723908052143382719e+00
8.548793807918757537e-01
3.499943829629704961e+00
-1.186181542700553149e-01
6.294201681193756226e-01
5.570387862219414732e-01
7.034554933833517820e-01
-1.145452471380008719e+00
2.519347422602782327e+00
5.607260363281201698e+00
4.933193432145870361e-01
6.385854258903719050e+00
-4.799763410491712512e-01
-3.907887898733279464e+00
-2.581447721349745539e+00
-4.881652188727887420e+00
-2.469475748535497894e-01
3.185836616479019057e+00
-2.086619485022979115e-01
-9.541276285850107675e-01
-7.663070196749459662e-01
8.428782508955491304e-01
1.117356690103114891e+00
-1.169850355118804419e+00
2.024782166480946888e+00
3.145622363990207671e+00
4.317296603582472692e+00
2.748405225205807212e-01
1.752132953071638966e+00
-7.635443588831453132e-02
7.276551053142835679e-01
-2.350203009471257265e-01
1.374751169717841393e+00
4.071476319114367470e+00
1.560066613684329084e+00
2.580842164402867844e+00
-3.460274682507502586e+00
1.426090889923161131e-01
-9.227770662053397244e-02
3.576615854081310886e+00
-4.713601999807531584e+00
-5.820376217728185253e+00
-9.938340235060761918e-01
3.529192157619791992e+00
2.982104723769352983e+00
1.579306153705143601e+00
2.310094622913971385e+00
-1.864234028398335852e+00
4.084641507215081013e+00
1.619543888325420511e+00
-3.045824332317384808e+00
-3.203830399383372773e-01
-3.861630971868563744e+00
-1.819705046065008824e+00
1.725174598864358311e+00
2.667693035371111687e+00
3.821250795863930350e+00
-6.821055667623687757e-01
-1.192896037847464452e+00
-1.609466928634145200e+00
1.649379148524048766e+00
6.033629862528377963e+00
-6.923524759932762063e-01
3.240346255267668951e+00
-8.920863156369179814e-01
3.293357582401026828e+00
5.187092686973787670e-01
-6.764191802698570122e+00
2.801730060927307697e-01
-2.573399827529436745e+00
5.572703720333623600e+00
3.262473791708008442e+00
4.298036090041267521e+00
3.985998507392418677e+00
-7.530489366956006236e+00
4.317187430740351495e+00
-2.432087260993734290e+00
3.465468895828428320e+00
-1.102103855185120729e+01
4.427293173166103601e-01
4.529061480570235609e+00
9.929780711136086069e+00
2.269684542377746084e+00
6.740923346099538804e+00
2.127350688624267239e+00
5.216442396208356591e+00
5.796275450163934195e+00
1.357676978869783113e+01
2.862722043012205564e+00
1.914920663342285723e+00
3.004030044439012670e+00
7.875481979990456294e-02
5.279761705704029140e-01
-1.808217927453295237e+00
-2.711497178953928278e-01
1.471172839771571983e+00
-8.797037621299069743e-01
9.637984144169137180e-01
-2.433725832230732689e+00
-4.174868662610232289e-02
-1.140415953163244067e-01
1.096629222090548250e+00
6.615609901289221995e+00
-3.821809969252251693e-01
-1.442352065593388855e-01
-5.367216261800734856e+00
-3.055439170681008676e+00
5.928102290300160782e+00
-1.435470173506766811e-01
5.350323740246482052e-01
-2.691807413364597501e-01
-4.177740052939244109e+00
1.470299748552664987e+00
1.117653900951958823e+00
-3.396138699063442790e+00
-6.384004745690114113e+00
7.607285838110140405e-03
-2.007371645894576950e+00
1.091826001094100995e+00
1.307627948058070810e+00
1.873933351135155523e-01
5.331468430205160702e-01
-1.549699174829741510e+00
7.265876588895248567e+00
5.848391726381550804e+00
-6.658075943710684008e+00
-5.633120199205362555e-01
-5.234076828052383057e+00
5.033919476617281674e+00
6.190121343291237643e+00
6.998277258399990819e-01
5.592171129329087442e+00
1.026611068869346832e+00
1.454987941608458790e+00
5.486620636028121112e-01
2.560036019412111674e+00
-1.129594961603597847e+00
-4.766578320930466295e-01
-4.512828462858159972e-01
4.059472730427624576e+00
2.737594582047875869e-01
1.147791426493577571e+00
2.737065428626721975e+00
3.160869766792986923e-01
-5.514345742366741021e+00
1.494760739512775549e+00
-3.354717642951022594e+00
-3.353579794041549711e+00
-2.929672355203420508e+00
1.287755793702825002e+00
-3.121619081221365111e+00
-1.378733929565108651e+00
1.999555003636180883e+00
2.867068862284215314e+00
1.561724881780326424e+00
1.139333731677930617e+00
-4.196871095241277771e+00
-4.831061846129951043e+00
6.431094542162459682e+00
5.410035396572421718e+00
4.236364351960699715e+00
-3.893317061590137573e+00
-4.046224138808593551e+00
9.357925163981063443e-01
-4.055174754195735254e+00
1.996052486139009652e+00
-1.055555162456185858e+00
-1.182553429066238310e-01
1.187753671800576116e+00
-2.889195016615067613e-01
1.508092031668980537e+00
1.286135561174373221e+00
-4.157116389564448511e+00
5.040300650713809283e+00
5.713583056792328918e+00
1.144139136447697602e+00
1.092333382891653937e+00
-1.950846818685082196e-01
1.093582105057087084e+01
2.427653379108809073e+00
2.253787486716162469e+00
4.800204379033751856e+00
-6.143575563755546698e-01
-4.906778729466272360e+00
-1.040567414691697001e+00
3.495224832702401141e+00
5.421499339997738254e+00
2.951421999493698323e+00
3.480207482089763826e-01
-3.876839062729339203e-01
-2.142070001129544821e+00
4.078342350356582990e+00
-1.048674376335472003e+00
5.356370350936079383e+00
2.095932403987697867e+00
-1.232036422111088214e+00
3.687227309943490905e+00
-3.833667355102436058e+00
4.843327204118129004e+00
-2.750156204470737276e-01
-2.688811582451793303e+00
6.076242273583307707e-01
-1.979128661498050112e+00
-8.774661489628446942e-01
-3.303465020749190906e+00
6.399831198324087644e+00
3.121042081044781424e-01
8.993419441109534729e-01
0.000000000000000000e+00
0.000000000000000000e+00
0.000000000000000000e+00
0.000000000000000000e+00
0.000000000000000000e+00
