2.633279860019683838e-01
7.859898358583450317e-02
1.613651774823665619e-02
-4.818620383739471436e-01
3.143966495990753174e-01
3.000844120979309082e-01
2.468532770872116089e-01
2.576760053634643555e-01
3.605423867702484131e-01
1.415906250476837158e-01
-3.475617766380310059e-01
2.637907266616821289e-01
-2.016713768243789673e-01
2.361351698637008667e-01
3.961980342864990234e-01
-4.189619421958923340e-01
-1.019872069358825684e+00
2.791678309440612793e-01
2.376829385757446289e-01
2.408249825239181519e-01
2.309209853410720825e-01
3.213330805301666260e-01
1.672989279031753540e-01
5.882257595658302307e-02
-6.311569213867187500e-01
-2.291790544986724854e-01
-3.773924708366394043e-01
-6.363343447446823120e-02
1.896394044160842896e-02
1.386290043592453003e-01
1.816702634096145630e-02
-3.486709296703338623e-02
-6.366738677024841309e-02
-3.643041849136352539e-02
3.903497010469436646e-02
3.545844554901123047e-02
-4.976183176040649414e-03
-3.595228791236877441e-01
-1.265139579772949219e-01
9.952740371227264404e-02
7.877966403961181641e+00
8.661028861999511719e+00
1.116895389556884766e+01
1.275283527374267578e+01
1.398640441894531250e+01
1.547691059112548828e+01
2.030470466613769531e+01
2.651739501953125000e+01
2.594172096252441406e+01
2.838056945800781250e+01
2.969790267944335938e+01
3.123267364501953125e+01
3.414715576171875000e+01
6.084180474281311035e-01
-1.453624725341796875e+00
1.444208174943923950e-01
-1.968022882938385010e-01
-6.303390860557556152e-01
-9.680976718664169312e-02
-3.486736118793487549e-01
-4.498861432075500488e-01
-5.317586660385131836e-01
9.444546103477478027e-01
4.071143269538879395e-01
8.572598695755004883e-01
-3.541237831115722656e+00
3.396777808666229248e-01
-5.422534942626953125e-01
9.431845694780349731e-02
4.171796441078186035e-01
6.551383137702941895e-01
1.292233705520629883e+00
1.402685493230819702e-01
2.994413673877716064e-01
-1.498624324798583984e+00
-6.938754916191101074e-01
4.997843801975250244e-01
-2.452982962131500244e-01
-3.558050990104675293e-01
6.271681189537048340e-01
7.260006666183471680e-01
1.639312207698822021e-01
-2.282490283250808716e-01
9.874312281608581543e-01
2.841327786445617676e-01
-2.014540672302246094e+00
1.833423137664794922e+00
-4.326896667480468750e-01
1.031899333000183105e+00
3.840799629688262939e-02
1.078906431794166565e-01
-3.516942635178565979e-02
3.544696569442749023e-01
8.500440120697021484e-01
1.290786862373352051e-01
2.362167090177536011e-01
-1.198611736297607422e+00
-1.371184289455413818e-01
-5.792839452624320984e-02
1.011842191219329834e-01
-1.769204735755920410e-01
3.527508303523063660e-02
1.194162726402282715e+00
1.420764029026031494e-01
-3.525283932685852051e-01
-8.775215744972229004e-01
7.791856676340103149e-02
-5.293568372726440430e-01
-6.004010140895843506e-02
9.011898189783096313e-02
4.949954152107238770e-01
-5.446470156311988831e-02
5.184389948844909668e-01
-6.324104070663452148e-01
-5.340067744255065918e-01
-2.308282554149627686e-01
1.803657598793506622e-02
3.201446533203125000e-01
-2.355045676231384277e-01
4.533892869949340820e-01
-8.041716217994689941e-01
-6.134686470031738281e-01
-5.813320279121398926e-01
-1.010834053158760071e-02
7.564596831798553467e-02
1.891663223505020142e-01
-4.480898380279541016e-01
7.760182619094848633e-01
-6.825137138366699219e-01
-4.081950709223747253e-02
-1.377228088676929474e-02
-2.808112800121307373e-01
4.230142757296562195e-02
6.294784694910049438e-02
4.292128235101699829e-02
9.016050696372985840e-01
-2.752245366573333740e-01
1.986365169286727905e-01
-1.381207227706909180e+00
-1.357069239020347595e-02
-1.232232898473739624e-01
7.996335625648498535e-01
-7.125453948974609375e-01
-1.399394720792770386e-01
1.908858418464660645e+00
9.292104244232177734e-01
1.564599573612213135e-01
1.535580039024353027e+00
-3.232963681221008301e-01
-2.985393404960632324e-01
-2.528060972690582275e-01
-4.410574436187744141e-01
-9.268442988395690918e-01
5.862028002738952637e-01
-4.950184226036071777e-01
2.853362560272216797e+00
-1.352765202522277832e+00
4.479349777102470398e-02
-6.640980839729309082e-01
2.313619107007980347e-02
1.209234595298767090e-01
-9.344636201858520508e-01
-6.728334426879882812e-01
1.790128499269485474e-01
-2.823211550712585449e-01
-2.624687850475311279e-01
1.339225292205810547e+00
-2.451907634735107422e+00
1.959299087524414062e+00
4.029944241046905518e-01
1.920835077762603760e-01
1.567460745573043823e-01
2.699215710163116455e-01
-1.770833283662796021e-01
-4.192417860031127930e-01
1.119775474071502686e-01
1.230521202087402344e+00
2.182971239089965820e-01
8.556984663009643555e-01
3.664157390594482422e-01
2.748445570468902588e-01
1.272388249635696411e-01
7.223621010780334473e-01
1.255239695310592651e-01
1.457324028015136719e-01
-1.127548795193433762e-02
-2.165137529373168945e-01
3.683993518352508545e-01
-1.363647580146789551e-01
-4.517949819564819336e-01
4.405875504016876221e-01
-1.475232124328613281e+00
-4.530280828475952148e-01
-1.431369781494140625e-01
-9.282068163156509399e-02
9.572023749351501465e-01
-1.579495221376419067e-01
8.090410232543945312e-01
6.069715619087219238e-01
9.416390061378479004e-01
-2.051562964916229248e-01
2.368752509355545044e-01
-1.676428616046905518e-01
-1.828539371490478516e+00
-1.286262154579162598e+00
-3.568130433559417725e-01
2.421677261590957642e-01
-3.915101587772369385e-01
1.024314522743225098e+00
3.728468716144561768e-01
-1.648862004280090332e+00
-3.463404774665832520e-01
-3.434770405292510986e-01
3.920049369335174561e-01
-1.994907259941101074e-01
-7.749912887811660767e-02
6.678335070610046387e-01
8.478243649005889893e-02
4.202796220779418945e-01
4.591569304466247559e-01
1.623592823743820190e-01
-2.324923276901245117e-01
1.417647153139114380e-01
-5.350919365882873535e-01
-1.226183697581291199e-01
8.945977687835693359e-01
3.017692267894744873e-01
-1.068326115608215332e+00
-6.271185725927352905e-02
1.151284098625183105e+00
2.046964168548583984e-01
7.242840528488159180e-01
-6.367917060852050781e-01
1.214761734008789062e+00
8.638187497854232788e-02
3.879061341285705566e-01
-1.008936882019042969e+00
3.789223432540893555e-01
2.248546928167343140e-01
-3.818542659282684326e-01
8.287666738033294678e-02
-6.875786781311035156e-01
-3.482138514518737793e-01
-6.170866638422012329e-02
5.174055099487304688e-01
1.827401518821716309e-01
-7.160329818725585938e-01
-3.298717260360717773e+00
6.653172373771667480e-01
-3.533567115664482117e-02
-3.088811337947845459e-01
2.343254350125789642e-02
8.879877924919128418e-01
1.775044202804565430e+00
-1.146160364151000977e-01
-1.791436672210693359e-01
-4.707787930965423584e-01
-8.140009641647338867e-01
1.423168897628784180e+00
-1.296417322009801865e-02
-1.490972787141799927e-01
5.245842784643173218e-02
2.689143419265747070e-01
2.691134214401245117e-01
-6.318284273147583008e-01
6.343753337860107422e-01
-3.508207201957702637e-01
-9.555376172065734863e-01
8.813156485557556152e-01
8.313318490982055664e-01
4.722353219985961914e-01
4.413689603097736835e-04
-1.301158964633941650e-01
-2.911788821220397949e-01
-3.548554182052612305e-01
4.618846476078033447e-01
-1.807754933834075928e-01
-7.759873270988464355e-01
-8.133992552757263184e-02
9.185585379600524902e-01
2.114343345165252686e-01
-1.171487048268318176e-01
7.066086679697036743e-02
-3.427558839321136475e-01
7.275021076202392578e-01
6.161853671073913574e-01
-3.476536273956298828e-01
-3.454510569572448730e-01
-1.057315468788146973e+00
-2.737151086330413818e-01
7.286598533391952515e-02
2.284101545810699463e-01
-1.659407019615173340e-01
4.302479624748229980e-01
8.110955357551574707e-01
-7.873887419700622559e-01
-6.165570616722106934e-01
-5.186011791229248047e-01
-3.272926062345504761e-02
-9.270235896110534668e-02
-2.983883321285247803e-01
3.607751727104187012e-01
-1.222373843193054199e+00
-1.522344231605529785e+00
2.880457639694213867e-01
-5.776247382164001465e-02
-2.063055522739887238e-02
-1.524783670902252197e-01
-3.698640763759613037e-01
2.640474438667297363e-01
-5.183352828025817871e-01
8.559900522232055664e-02
5.417678356170654297e-01
2.894227802753448486e-01
1.100454211235046387e+00
-5.135022997856140137e-01
-1.099665462970733643e-01
1.000978827476501465e+00
-1.381346225738525391e+00
3.122188448905944824e-01
-9.466805458068847656e-01
-4.904854595661163330e-01
-7.132243514060974121e-01
-5.035387277603149414e-01
-4.624422192573547363e-01
-6.504940390586853027e-01
1.060669422149658203e+00
1.778005659580230713e-01
7.982672192156314850e-03
9.698177576065063477e-01
1.017592906951904297e+00
6.701381802558898926e-01
-2.336440324783325195e+00
-1.173211812973022461e+00
-1.045139431953430176e-01
2.169022798538208008e+00
5.668072104454040527e-01
2.505402326583862305e+00
1.198412179946899414e+00
1.117967218160629272e-01
-6.252876520156860352e-01
-4.426183104515075684e-01
-9.032923579216003418e-01
-7.706317305564880371e-02
-6.696572303771972656e-01
-3.682788908481597900e-01
-1.689087986946105957e+00
5.011199116706848145e-01
3.713398575782775879e-01
-1.970071077346801758e+00
3.452543020248413086e-01
3.356817960739135742e-01
1.968923062086105347e-01
3.842085897922515869e-01
6.843115687370300293e-01
-4.035468101501464844e-01
-4.015221595764160156e-01
-1.047182798385620117e+00
5.848283171653747559e-01
6.963248848915100098e-01
1.348016619682312012e+00
1.948450356721878052e-01
-5.135115385055541992e-01
1.581163883209228516e+00
-1.194074511528015137e+00
2.318022251129150391e-01
1.172268018126487732e-01
4.838216304779052734e-01
2.652984559535980225e-01
-1.625055223703384399e-01
-1.361048579216003418e+00
9.443466663360595703e-01
-1.094013094902038574e+00
1.762173891067504883e+00
-1.670593261718750000e+00
3.500602543354034424e-01
9.020400643348693848e-01
2.834981083869934082e-01
2.584091722965240479e-01
3.325923681259155273e-01
2.306445688009262085e-01
-2.157982349395751953e+00
-1.430210351943969727e+00
-7.485705614089965820e-01
-1.406696736812591553e-01
7.992657274007797241e-02
1.143487989902496338e-01
-9.758335947990417480e-01
1.089902877807617188e+00
9.102316498756408691e-01
3.842251002788543701e-01
6.532241106033325195e-01
1.733301728963851929e-01
8.255663514137268066e-02
3.855403959751129150e-01
-9.506094455718994141e-02
4.566895663738250732e-01
4.096131622791290283e-01
4.259869158267974854e-01
3.017637133598327637e-01
-3.314590547233819962e-03
9.595805406570434570e-01
-5.654878020286560059e-01
3.676813542842864990e-01
7.029587626457214355e-01
1.102040410041809082e+00
-1.606760382652282715e+00
2.161174297332763672e+00
3.340758681297302246e-01
8.834711462259292603e-02
5.966189503669738770e-01
1.858641624450683594e+00
-4.494767785072326660e-01
8.190611004829406738e-01
2.054712057113647461e+00
-1.844200938940048218e-01
4.651553332805633545e-01
-1.842454820871353149e-01
-6.603065133094787598e-02
1.061215437948703766e-02
5.838241577148437500e-01
1.924583673477172852e+00
