2.132305860519409180e+00
-1.106034405529499054e-02
4.014387428760528564e-01
5.021346092224121094e+00
3.309710264205932617e+00
2.394060611724853516e+00
1.898280739784240723e+00
3.530390977859497070e+00
8.124826550483703613e-01
4.940285533666610718e-02
-1.547004580497741699e-01
3.694199398159980774e-02
1.672537326812744141e-01
-3.163091093301773071e-02
2.010772675275802612e-01
1.542255729436874390e-01
4.564779400825500488e-01
1.491055637598037720e-02
-6.024468541145324707e-01
-1.299594640731811523e+00
-1.425023078918457031e+00
-1.046900629997253418e+00
-5.502158999443054199e-01
-2.314817160367965698e-01
-2.980337478220462799e-02
-2.529391646385192871e-01
-1.157484203577041626e-01
-5.876136943697929382e-03
8.106969594955444336e-01
2.725788652896881104e-01
9.207038879394531250e-01
7.607159614562988281e+00
8.957419395446777344e+00
1.328962993621826172e+01
1.543230533599853516e+01
1.517354393005371094e+01
1.753922843933105469e+01
1.914494705200195312e+01
2.114084625244140625e+01
2.282912063598632812e+01
2.466122055053710938e+01
-1.193985939025878906e+00
-1.023368716239929199e+00
-1.039907574653625488e+00
-1.173540353775024414e-01
2.213721908628940582e-02
-4.388487935066223145e-01
3.702995777130126953e-01
5.396142601966857910e-01
1.106009006500244141e+00
-3.114270269870758057e-01
1.230236530303955078e+00
-4.118099808692932129e-02
1.146982073783874512e+00
3.587960004806518555e-01
-3.536624312400817871e-01
-1.240980982780456543e+00
-3.776593506336212158e-01
-1.920227706432342529e-01
6.684778332710266113e-01
-5.079506039619445801e-01
-2.717558443546295166e-01
1.128478944301605225e-01
-5.112196803092956543e-01
4.329777061939239502e-01
1.137027889490127563e-01
8.181685209274291992e-01
2.018489360809326172e+00
1.731399178504943848e+00
-2.071646213531494141e+00
-5.913698673248291016e-02
-7.518673539161682129e-01
-2.874010562896728516e+00
-1.197626590728759766e+00
1.145803481340408325e-01
6.950806975364685059e-01
-2.937132120132446289e-01
2.880728542804718018e-01
8.560109138488769531e-01
8.253555297851562500e-01
3.714052215218544006e-02
1.354357123374938965e+00
-1.129249930381774902e+00
-3.587279915809631348e-01
-8.431554436683654785e-01
9.884151071310043335e-02
5.573297291994094849e-02
1.172208935022354126e-01
2.660045623779296875e+00
-2.473207265138626099e-01
3.396312236785888672e+00
1.834164738655090332e+00
7.790260910987854004e-01
2.082453250885009766e+00
1.007325887680053711e+00
3.325901746749877930e+00
-3.338789641857147217e-01
5.527602434158325195e-01
6.312316656112670898e-01
1.483784765005111694e-01
-6.053864359855651855e-01
1.845244914293289185e-01
4.638777300715446472e-02
8.429395407438278198e-02
-2.467073649168014526e-01
6.294683218002319336e-01
-1.005013704299926758e+00
-1.481991261243820190e-01
-8.943709135055541992e-01
5.618820711970329285e-02
8.157107830047607422e-01
6.339007019996643066e-01
-1.363032776862382889e-02
2.115299552679061890e-01
-3.936430215835571289e-01
6.420318484306335449e-01
1.249025389552116394e-01
5.315732955932617188e-02
-4.568219184875488281e-02
-1.501256376504898071e-01
-1.036473155021667480e+00
-3.484352231025695801e-01
-3.945663869380950928e-01
-5.020883679389953613e-01
1.043807387351989746e+00
3.232922255992889404e-01
3.077177703380584717e-01
1.224969863891601562e+00
9.486045837402343750e-01
-3.906466662883758545e-01
1.587275564670562744e-01
5.570908784866333008e-01
2.641752064228057861e-01
-8.200457096099853516e-01
-3.693778514862060547e-01
-1.775562465190887451e-01
-6.212527751922607422e-01
4.330002665519714355e-01
-9.523244202136993408e-02
4.340759515762329102e-01
-1.573328301310539246e-02
2.729788124561309814e-01
9.307998232543468475e-03
-4.309946298599243164e-01
-7.926675677299499512e-01
4.018754661083221436e-01
-1.659141927957534790e-01
-3.634766489267349243e-02
7.910856008529663086e-01
-1.671933084726333618e-01
3.532790243625640869e-01
-9.806441068649291992e-01
2.594054341316223145e-01
-1.076952576637268066e+00
-4.224437177181243896e-01
1.478418111801147461e+00
6.301023364067077637e-01
5.191804766654968262e-01
7.621309757232666016e-01
8.129069209098815918e-01
-8.200040459632873535e-01
1.077954411506652832e+00
-3.370053172111511230e-01
1.694897294044494629e+00
1.573040783405303955e-01
-3.123100697994232178e-01
-1.051440596580505371e+00
-6.423530578613281250e-01
-5.173180103302001953e-01
4.390691816806793213e-01
-4.024302959442138672e-01
-2.618091702461242676e-01
2.151422351598739624e-01
-4.383039176464080811e-01
5.448412299156188965e-01
3.527343571186065674e-01
8.294449746608734131e-02
1.215505674481391907e-01
7.991216182708740234e-01
-9.566057920455932617e-01
-1.621658653020858765e-01
-1.392712116241455078e+00
-2.846262931823730469e+00
-2.256155729293823242e+00
-1.407065749168395996e+00
8.735241293907165527e-01
-5.001209974288940430e-01
1.950123906135559082e+00
1.494600415229797363e+00
7.728372216224670410e-01
-5.267349481582641602e-01
-2.516682147979736328e-01
4.594297707080841064e-01
9.095913767814636230e-01
-2.401074320077896118e-01
3.142860531806945801e-01
1.708789616823196411e-01
9.544233083724975586e-01
8.280050158500671387e-01
-1.856910884380340576e-01
-2.334770679473876953e+00
1.503291249275207520e+00
2.398298233747482300e-01
1.303976535797119141e+00
-8.391296863555908203e-02
2.231742620468139648e+00
-5.719614028930664062e-01
-7.400331497192382812e-01
6.799153089523315430e-01
-1.833790540695190430e-01
-1.481299757957458496e+00
2.326630204916000366e-01
-3.014165759086608887e-01
-1.664855033159255981e-01
5.220597609877586365e-03
5.222026705741882324e-01
-1.195909976959228516e+00
3.806467652320861816e-01
-1.261958479881286621e+00
1.910675764083862305e-01
4.629020392894744873e-01
5.458683967590332031e-01
4.248333871364593506e-01
9.849602580070495605e-01
8.311311006546020508e-01
1.466828435659408569e-01
-1.423241496086120605e-01
1.990963332355022430e-02
6.126949787139892578e-01
-5.071876645088195801e-01
-4.417219012975692749e-02
-4.374131560325622559e-01
-3.995234072208404541e-01
-8.901495933532714844e-01
1.267412424087524414e+00
-1.159508600831031799e-01
3.951098322868347168e-01
1.169334650039672852e+00
1.518500208854675293e+00
2.353626936674118042e-01
-1.714107513427734375e+00
-1.548367887735366821e-01
-3.231987357139587402e-01
-8.263958096504211426e-01
8.750697970390319824e-02
3.145745098590850830e-01
3.475341796875000000e-01
1.814687103033065796e-01
2.869112789630889893e-02
-5.366262793540954590e-01
-3.465700447559356689e-01
3.817527368664741516e-02
-2.291723936796188354e-01
-9.635813832283020020e-01
-3.546714484691619873e-01
3.587830662727355957e-01
-5.927952527999877930e-01
-8.245394825935363770e-01
-1.186105251312255859e+00
6.986782550811767578e-01
-1.271660029888153076e-01
1.133473396301269531e+00
-2.015135526657104492e+00
7.170566320419311523e-01
-3.842000961303710938e-01
-4.116329252719879150e-01
