1.902759194374084473e+00
-1.435551285743713379e+00
-1.282041192054748535e+00
5.031075954437255859e+00
4.042852878570556641e+00
2.444842904806137085e-01
2.168721675872802734e+00
3.370144844055175781e+00
4.128288030624389648e-01
8.014329075813293457e-01
-4.635884165763854980e-01
-6.726806759834289551e-01
2.504853308200836182e-01
8.585783839225769043e-01
-8.929445743560791016e-01
2.081696748733520508e+00
-1.174545764923095703e+00
9.159822463989257812e-01
1.664605259895324707e+00
3.556613206863403320e+00
-2.427983283996582031e+00
1.220476865768432617e+00
-1.653411090373992920e-01
-2.084935605525970459e-01
-2.326306998729705811e-01
-6.005422472953796387e-01
5.233597755432128906e-01
-1.359213292598724365e-01
-5.474622845649719238e-01
1.290943384170532227e+00
-8.892858624458312988e-01
9.061525344848632812e+00
1.020302391052246094e+01
1.327691078186035156e+01
1.534399795532226562e+01
1.359465312957763672e+01
1.756620788574218750e+01
1.923940467834472656e+01
2.349839782714843750e+01
2.351925849914550781e+01
1.957929039001464844e+01
8.902419358491897583e-02
1.053693294525146484e+00
9.298903346061706543e-01
2.043669223785400391e-01
2.304300546646118164e+00
1.464171856641769409e-01
8.242438435554504395e-01
-2.103784799575805664e+00
6.174335956573486328e+00
-6.488301277160644531e+00
2.900501489639282227e-01
-7.708912491798400879e-01
1.205400466918945312e+00
-8.918020129203796387e-01
2.214109525084495544e-02
5.414583086967468262e-01
-7.447304129600524902e-01
-1.436666965484619141e+00
1.788945913314819336e+00
-2.386574596166610718e-01
7.821952700614929199e-01
-1.260710477828979492e+00
4.403535723686218262e-01
-1.022140860557556152e+00
-6.771946549415588379e-01
-1.112064075469970703e+01
1.027686023712158203e+01
-6.801360845565795898e-01
1.882535405457019806e-02
4.431134089827537537e-02
-3.296566605567932129e-01
-3.348613083362579346e-01
8.253601193428039551e-01
3.178900718688964844e+00
2.268753767013549805e+00
3.593569099903106689e-01
9.557497501373291016e-01
-4.452976226806640625e+00
2.948458099365234375e+01
-3.387500762939453125e+01
7.917176485061645508e-01
-2.444261610507965088e-01
-1.543886184692382812e+00
-1.222800731658935547e+00
-3.587217330932617188e+00
9.968584775924682617e-02
2.270709514617919922e+00
1.112649321556091309e+00
7.636405229568481445e-01
1.103098019957542419e-01
-6.204141974449157715e-01
-1.599177002906799316e+00
8.381028175354003906e+00
8.888622522354125977e-01
-5.188933372497558594e+00
-3.851565346121788025e-02
1.059186458587646484e-02
4.663583338260650635e-01
-1.049280762672424316e-01
-3.678511381149291992e-01
-1.613917946815490723e-01
2.487821877002716064e-01
5.190293192863464355e-01
-1.117391467094421387e+00
6.941832900047302246e-01
2.163371294736862183e-01
-4.594741761684417725e-01
6.531929969787597656e-01
4.927168190479278564e-01
-6.411281228065490723e-01
-2.437955290079116821e-01
2.083835192024707794e-02
1.047227382659912109e+00
-1.321306973695755005e-01
-5.034890770912170410e-01
-3.117603436112403870e-02
2.496514081954956055e+00
-1.073764562606811523e-01
-2.210116833448410034e-01
-6.573890149593353271e-02
1.210016489028930664e+00
-2.048889398574829102e+00
1.006266593933105469e+00
8.136224746704101562e-01
2.704167366027832031e-01
6.333254575729370117e-01
-1.208339557051658630e-01
1.830344676971435547e+00
-3.612094521522521973e-01
-6.688596248626708984e+00
-9.497693181037902832e-01
-9.956231713294982910e-01
-1.927201002836227417e-01
-4.879948139190673828e+00
5.328136444091796875e+00
3.147635608911514282e-02
2.196031510829925537e-01
1.165186882019042969e+00
1.022909998893737793e+00
-1.651006639003753662e-01
1.020032986998558044e-01
-1.438326358795166016e+00
1.642673611640930176e-01
-1.511784493923187256e-01
3.134381532669067383e+00
-3.969358205795288086e-01
2.653697729110717773e+00
5.649026870727539062e+00
-3.491165637969970703e+00
6.965581893920898438e+00
-9.228739738464355469e-01
-1.037599071860313416e-01
9.038649797439575195e-01
-5.287746787071228027e-01
-2.675710439682006836e+00
3.771055340766906738e-01
5.381973385810852051e-01
3.662758171558380127e-01
-2.233745902776718140e-01
6.569704413414001465e-01
-2.616499364376068115e-01
1.950692087411880493e-01
-5.615867376327514648e-01
-9.712812304496765137e-02
4.382002949714660645e-01
2.248702943325042725e-01
-5.935326218605041504e-01
-3.666814863681793213e-01
-2.532203681766986847e-02
-8.506783843040466309e-02
-2.709631919860839844e-01
1.613869547843933105e+00
-8.771417289972305298e-02
3.456954360008239746e-01
3.827698230743408203e-01
3.080707788467407227e-01
-1.340536832809448242e+00
-2.636302709579467773e-01
-5.785313621163368225e-02
1.284913122653961182e-01
-2.845768928527832031e-01
-9.990047216415405273e-01
-1.522993445396423340e+00
1.487269699573516846e-01
-5.612454414367675781e+00
4.851561188697814941e-01
1.876468509435653687e-01
9.162639379501342773e-01
-1.010654330253601074e+00
3.510093688964843750e+00
-1.902744024991989136e-01
2.067743688821792603e-01
4.740671813488006592e-01
-3.323101699352264404e-01
7.577108740806579590e-01
1.822400093078613281e-01
-2.590201199054718018e-01
2.465199381113052368e-01
1.022053509950637817e-02
-4.898675680160522461e-01
-4.148120880126953125e+00
2.295902490615844727e+00
3.438427686691284180e+00
-5.638553142547607422e+00
3.597847938537597656e+00
6.864178776741027832e-01
5.750183463096618652e-01
6.957417726516723633e-02
9.471663832664489746e-01
6.700797677040100098e-01
2.576079368591308594e-01
3.982543051242828369e-01
3.045811653137207031e-01
1.886493712663650513e-01
7.500412464141845703e-01
4.780471026897430420e-01
1.927184462547302246e-01
8.266483545303344727e-01
3.157817199826240540e-02
9.423806071281433105e-01
2.848304510116577148e-01
9.107738137245178223e-01
6.882628798484802246e-01
1.890773177146911621e-01
5.191342905163764954e-02
6.353060007095336914e-01
9.067280292510986328e-01
6.360008120536804199e-01
8.005700111389160156e-01
3.297387063503265381e-01
6.311386823654174805e-01
9.628919363021850586e-01
8.112582378089427948e-03
8.627790808677673340e-01
4.001759588718414307e-01
8.729256391525268555e-01
9.502977728843688965e-01
8.460695147514343262e-01
2.417303472757339478e-01
3.875183463096618652e-01
1.203662231564521790e-01
8.064258098602294922e-01
1.692040562629699707e-01
3.537562489509582520e-01
1.362408548593521118e-01
7.446174621582031250e-01
3.648901283740997314e-01
1.580110192298889160e-01
5.764352083206176758e-01
8.916073292493820190e-02
6.984241604804992676e-01
7.883863151073455811e-02
8.613718152046203613e-01
6.999996900558471680e-01
6.433407962322235107e-02
8.817386627197265625e-01
1.747564226388931274e-01
6.015735268592834473e-01
9.628662467002868652e-01
9.681089222431182861e-02
1.804842710494995117e+00
1.040047407150268555e+00
-1.934670686721801758e+00
7.215535044670104980e-01
