5.052037503383617345e-01
2.354620958782843498e+00
1.119540889186847243e+00
-5.344372534633413663e-01
-1.948115691694015383e-01
4.123630298163199481e-01
2.698680531267040328e-01
2.349448025487081149e-01
5.652938616043157172e-01
5.670104180747981282e-01
-1.393689391994442195e+00
-5.389354253449596399e-01
7.777663485152848111e-01
9.781792463515661673e-01
2.481993680941751990e+00
-5.524328911130474973e-01
9.165496123978845999e-02
5.814831009063263778e-01
6.731651466126288286e-01
1.927338438058738279e-01
5.722097959350493923e-01
1.067526325619735594e+00
5.669033495973176962e-01
3.859770443347821378e-01
4.963804799294374015e-01
3.198517126231582020e-01
-9.006520097197089347e-01
4.927142655088144196e-01
6.098441052199619072e-01
1.108967478234966997e+00
3.949363491305701412e+00
4.627363067396336183e-01
8.494270376978669823e-01
3.830503421337595693e+00
2.881195435570925056e+00
4.552773945317582616e+00
5.672868076341241128e+00
5.578422636592255124e+00
8.687369766470062871e+00
9.248716886250177183e+00
1.243834436298957336e+01
1.050982282867223283e+01
1.142359518816319941e+01
1.266918880468749720e+01
1.554845741102918311e+01
1.257563786439459363e+01
1.508475936430049735e+01
1.438125417582918075e+01
1.469538405715984553e+01
1.716206259476058804e+01
2.000654703273982804e+01
2.323139410237365254e+01
2.248703661988796298e+01
2.367482107561766469e+01
2.411825544727477677e+01
2.463806654060655177e+01
2.624839541932043474e+01
2.687908968807736798e+01
2.656081921865137474e+01
2.934534287754160076e+01
3.079574911630301770e+01
-1.271630582883507277e+00
-1.159553711980135654e-01
2.318726344538620587e+00
-2.417049826478954166e-01
-8.950527149274098981e-01
-2.226260161202084031e+00
-2.560386716482808023e+00
-1.594886641797902183e+00
-2.159009561000531097e+00
2.194399393471500592e-01
4.557691286193365166e+00
1.884310876977378424e+00
3.304187563116792958e+00
2.339716662178548123e+00
6.808510054669358880e+00
-1.951760062514726890e+00
-1.653617265544794268e+00
-1.069417937161622589e+00
-1.572226612145676494e+00
8.148289309408976999e-01
2.735501613495751272e+00
2.155684264327031752e+00
-1.794131751264497643e+00
2.752403112050886058e+00
-1.429423202211032251e+00
-6.828061404665669576e-01
-3.155498987151621026e+00
-1.852273657031022480e-01
3.243424716085919535e+00
-3.966617362793439239e-01
-4.117229935031465615e-01
7.440030051547430467e-01
1.167615614318283646e+00
-1.343962489741004518e+00
-1.144889150935634925e+00
2.228707963061371533e-01
-7.344344990139644036e-01
-1.479729811845829746e+00
-4.911955228372911209e-01
4.304630975106443103e+00
1.673347028000434999e+00
5.699050192411251325e-01
1.477428892662248083e+00
3.537823354859336966e+00
-1.951678438630090939e+00
-3.328190145014183976e+00
-1.725706995245326558e+00
-8.584238105195967083e-01
-1.659002219699601266e-01
3.853097389317151900e-02
8.774321745702367767e-04
-8.907669163785238986e-01
-6.754846184624622996e-02
1.303104940073886775e+00
-1.387757585939402294e-01
-1.774902292368007117e+00
-4.776737648873218833e-01
2.933305196060715381e-01
-1.833447637631493876e+00
-2.359166176313953311e+00
1.627904474698538273e+00
1.865137199797042067e+00
2.706498056700924471e-01
-3.111336783681826687e-02
-5.401974892613017332e-01
1.732204797245234573e+00
-2.727648178408025537e+00
-2.204055736985423231e+00
-7.185396791388147797e-01
-3.652146244893405003e-01
9.015836619454427048e-01
-1.394064808763694652e+00
2.085375990708754568e+00
1.842022615984032274e+00
-7.865080544838511933e-01
-1.846422641065955217e+00
-1.005824637078228223e+00
-1.517798555308743635e+00
-6.794612045431980274e-01
8.665213461008268725e-01
-5.820857394923638628e-01
2.508497649974257726e+00
-9.490873519888515242e-01
-2.097191167488782482e-01
6.579385544139767505e-01
-1.780287020713325452e+00
7.247102819515752081e+00
-2.454734853662840166e+00
2.154706422311720437e-01
2.044359388031052216e+00
5.631430641378062374e-01
-2.894163393568589981e+00
1.729088046009931712e-01
-6.307505654086131841e-01
1.868726425865948837e+00
9.423401440854786149e-01
1.000225487100609545e+00
6.065391429507743792e-01
-6.456449809361278769e-01
-3.171758118311571728e-01
1.798841566754674437e+00
8.811714458468637989e-01
1.652466920074933121e+00
1.771473402344901638e-01
8.927818041578127195e-01
9.700167090951157534e-02
-1.162172653456803040e-01
7.160336198004282893e-02
1.781941468676669027e+00
6.131852271715843017e-01
-4.013282387672876816e-01
-8.114660227107168833e-01
1.096340783074589043e+00
5.481217987104812506e-02
-3.307732598422195025e+00
-1.806335987595883319e+00
-2.356166710366261352e+00
-2.333177996663018394e+00
-8.006854228741583368e-01
-1.024701366732091223e+00
1.871180105003167782e+00
-9.318049510375155942e-01
-1.225330671891173839e+00
2.088926987956497783e+00
-6.485383243877498316e-01
7.690073360888393106e-01
1.055717814649773434e+00
1.740855761946022706e-01
-1.382381239478526203e+00
-1.120280750401474679e+00
2.236833031929961635e+00
4.206467346302747989e-01
-1.403671025858069521e-01
-1.327472099060445609e+00
-5.573987869551186858e-01
5.364527489684205452e-01
8.595866564562917311e-01
7.566841740942659156e-01
-3.299041235805685091e+00
-3.414382877889643009e+00
-4.384070945440166622e-01
1.590542687286265355e+00
-4.380563574481433631e-01
-1.535823770983586689e+00
1.447016931433765530e+00
1.660901641176293131e+00
-1.124530374819410650e+00
-1.838854466843158342e+00
-5.246870157183238792e-01
4.023702244305622067e+00
-2.936061412901006307e+00
-2.476876368380163562e+00
-9.358680246645538769e-01
-1.519325137371221879e-01
-1.603220952595433568e-01
-5.828192754035506518e+00
1.804398908920334499e+00
1.577045400082548232e+00
1.925493576007939911e+00
1.666333959690143196e+00
-2.420702462948169043e+00
7.391409685531179219e-02
-7.707600769927387685e-02
-1.396495016929450161e-01
-2.265762429808645617e+00
-2.029124567188656414e+00
-2.720654397999542784e+00
-9.674521025043234523e-01
-3.615447854123356453e-01
1.229248397109178548e+00
-3.121691789988106369e-01
2.459630702339124508e-02
3.759118204012027453e-01
1.798183199831362433e+00
-4.346458079878886549e-01
9.484507995622490917e-01
-2.484552258049044671e+00
-2.280783016600156365e+00
-7.495155908855448690e-01
-2.268344909823278854e+00
1.745847504549110918e-01
-2.814318732208722640e-01
2.836282291628455451e-02
-5.091039369042742180e-02
-8.480651257803922816e-01
-9.888709831206320411e-01
5.936879635295583268e-01
-2.808383950936621076e+00
-1.247712240290618668e+00
8.936920216620821700e-01
8.661242238234861945e-01
-1.646254929795491373e+00
6.091100023829677523e-01
4.322954671909361446e-01
-1.001743974590078162e-01
8.482321467362700096e-01
4.255590351529535020e+00
1.947479863308155590e+00
6.477120852473133850e-01
-1.171456028190297483e+00
2.036830239235226936e-01
1.943736274864638958e+00
7.193161676231587531e-01
1.925324095916494560e+00
2.295799040988782402e-01
2.480135245340151506e+00
2.218494988638657350e+00
-2.284303126275956330e+00
-3.126491582510050882e-01
6.764469785134494817e-01
3.465077916967792326e+00
1.005058698783378279e+00
-1.601738701488035987e+00
1.859499464439850480e-01
1.601857355131196980e+00
-3.945101264164402877e-01
-1.882745683997902653e+00
-2.708750789785823593e-02
3.667641933004947674e+00
8.775594421694407621e-02
-5.334859237920492880e-01
-3.677701420579960967e+00
-4.873827891275041679e+00
-2.118323605514728314e+00
-2.018463376212589200e+00
-1.996539156973939355e-01
-1.268319887362302945e+00
-2.718365025555567360e+00
1.550971954331494151e+00
-5.208690501436606946e-01
1.933740993633214389e+00
1.989301277484323005e-01
-5.215518432416154759e+00
-2.773457417067566322e+00
-2.853953071959907994e+00
-3.043522931837884915e+00
-8.999827227515537764e-01
-2.888773720478111873e+00
-1.499370802750553011e+00
-3.653546489061540115e+00
5.162697813535929825e+00
4.231718038968071305e+00
1.199953122376932857e+00
6.617766094388674025e-01
-4.717658728536416879e-02
-7.793354222906346607e+00
1.313004816594219304e-01
5.071351127194062336e+00
1.334132597044975110e+00
5.200989914621592547e+00
-5.551036851616875545e+00
1.712630145719163388e-01
5.887171966614195284e-01
4.591047577970671645e-01
4.576649474524415062e+00
-1.554268980588117577e+00
2.539850581931297313e+00
-2.270075828886693792e+00
1.530414582338359697e+00
-2.851853609683395185e-01
8.436596863520866574e-01
1.073556526989182691e+00
-5.657006731320908255e-01
-2.018049683557225471e+00
-4.074320414644664878e-01
3.475908909701045379e-01
1.662997680812253520e+00
-2.298157449141509101e-01
-5.857214683628660795e-02
8.290829711205144337e-01
2.199537807319698945e+00
1.460990512370891503e+00
-4.175539367331105450e-02
-3.684376859222012746e-01
4.930423728368827696e+00
-9.083608361710711065e-01
7.346573195737854389e-01
5.016187737022143912e-03
8.279086057155743417e-01
9.122689563832454551e-01
2.639975997107262273e+00
-1.980947342401990552e+00
-8.393810521839303318e-01
1.292614624863541506e+00
2.234648821681846087e+00
4.250767925353029497e-01
-9.564870635230280360e-01
-4.405619745756516464e-02
2.413851737099423356e-01
9.586606869705498468e-01
-5.379079007599928408e-01
2.309862328461313119e+00
2.275797346091674278e+00
3.043441126864681046e+00
-2.162718324318646079e+00
8.764597241901256330e-02
-1.715536616794439473e+00
1.572571244299938220e+00
1.791770946027447797e+00
2.409432034057641836e+00
1.418116082165669534e+00
1.972343257728616239e-01
2.076108896414468052e+00
2.418986936285087985e+00
2.399356017613701653e+00
-1.209116950299174431e-01
1.245053537992412140e+00
-1.057493153028772337e+00
6.029569932773635177e-01
3.110529738770708708e+00
1.744118612896423892e+00
3.810951047540738656e+00
-3.093133555623334141e-01
-1.460252185564388849e+00
-8.275396094742181186e-01
-1.581926406025271570e+00
-8.140805325365610412e-02
5.127257064625804217e-01
9.560873787449807315e-01
1.821631659182525675e+00
-6.875780239075928169e-01
-1.758778921955161278e+00
-3.217751937150327701e-01
-6.041366929043833878e+00
3.862977281717911548e+00
-2.499807080328305009e+00
-4.704033248664452493e+00
-3.373359850486500111e+00
-3.610132889545124346e+00
-1.055154111769546654e+00
3.073269552123439330e-01
-2.646576654982665922e+00
-9.749851134671836395e-01
-2.553202936571948634e+00
2.306611858860525999e+00
-7.871477400331799990e-01
-4.746177779820335840e-01
-6.624104597477807888e-01
9.559510186959701006e-01
1.854283434445825052e-01
1.293320066622981823e+00
-8.366159495025951021e-01
-2.650033846478025534e+00
2.610541503103033012e+00
4.996601804090857968e+00
-2.370040543424143387e-01
5.498732197766610375e-01
-1.299607973446097686e+00
1.594859857521891078e+00
1.175589023238437392e+00
5.349903956213526435e+00
1.834982770100514138e+00
-4.156368959392540141e+00
3.263663830197820026e+00
-5.772745661917512150e-01
-1.805652165938169407e-01
-1.185607291739260827e+00
1.432145627667983590e+00
6.990442705210830887e+00
-3.443235093884052245e-01
1.977036985321701579e+00
8.046346808007294460e-02
2.673896691069313380e+00
5.897013878904241446e-01
4.034248155349341225e+00
2.178555581693660148e+00
-6.622972601547651994e-01
9.227498478544227112e-01
7.192572209199642186e-02
-7.747403639473985359e-01
9.555655683005906953e-01
1.965251748440417057e+00
3.571002243058218006e+00
5.098687397410266442e-01
1.325672468897991577e-03
5.281697146701633816e-01
6.323580912060363657e-01
2.430011335336785816e+00
1.061463600573959054e+00
2.082273767295704126e+00
2.470812905181596797e+00
1.869909003337637543e+00
-3.672695906077409589e+00
-2.181399197909144938e+00
-7.078313621818547174e-01
2.302337099701436962e+00
2.072147442580808629e+00
1.835903429055640634e+00
7.764310833726142391e-01
2.790235462592009164e+00
1.484427341415387458e-01
6.716746695424945512e-01
2.319920690203927549e+00
-4.190443758267476393e-01
-3.357232787635865190e+00
-1.423676126905479622e+00
1.378309519683829976e+00
2.967700931075829107e+00
2.404684311360127946e+00
2.283319660639547610e+00
2.918962863396160845e+00
3.806434278251309977e-01
7.892279843365351821e-02
9.729914173431015723e-01
-2.233140114113863373e+00
-2.350670136668050247e+00
-4.952197279466097335e-01
3.585903850549021055e+00
3.606140534078210003e+00
1.331991945997252680e+00
2.372404339942411344e-01
4.122348221896728893e-01
-1.056957028073865601e+00
2.526200742399408172e-01
-1.831560952578961343e+00
-1.616907576979183858e+00
-1.769542927196622539e+00
3.877193665709883330e+00
-3.398898318208345426e-01
-1.300681919610092940e+00
1.518969491364672519e+00
7.847976694241498574e-01
2.468113406021742673e+00
-3.729356008271859757e+00
2.226671014890349298e-01
-1.918729992736390999e+00
-1.545852718609931342e-01
4.219327447454413793e+00
6.550828371120580584e-01
4.377738264379311239e+00
7.472466213170585458e-01
1.451893019191505152e+00
1.390522811244605750e+00
-2.622186019922672529e+00
-1.828477173152167845e+00
3.287197425919576865e+00
-4.075804629523595013e-01
1.207497416105467236e+00
-3.241273976242462496e+00
-2.124151454415076579e+00
-2.362171575327717932e+00
1.813692333662268563e+00
3.499181202236536947e+00
3.447966286443225337e-01
2.562843878915209150e-01
-1.146227441422854737e-01
-2.276341784648518551e+00
-1.711427834993750841e+00
4.329256196424309810e-01
-4.675230731536452744e-01
2.930557657328602073e+00
6.507532338264087279e+00
-5.998140947397624378e-01
-3.724262320251293890e+00
-9.015220702109359718e-02
4.407531396475910412e+00
-2.194162226972598884e+00
-2.447529575011947678e+00
-2.190601531806704916e+00
1.480596004136593313e+00
1.199922804684502992e-01
3.040646079518426470e-01
3.740376749240168497e+00
1.165366384133384781e+00
5.305882258586097633e-01
-1.210922600422260187e+00
-5.614221229295831422e-02
-1.992592288134359624e+00
-6.881613616451939253e-01
-1.315020817683387466e-01
-8.973769141301101149e-01
-6.441641170064876798e-01
-7.333099206974655893e-01
-2.168159187130786481e-01
4.751725185287307140e-01
-2.149344594086435301e+00
7.427654825506272429e-01
-9.272734878715290785e-01
-1.066295490739744167e+00
-5.947743446334945894e+00
3.624620846668550112e+00
1.362699905519263233e+00
-5.324732635678951498e-01
-2.717927341128789087e-01
3.985350821850418002e-01
-9.019403010060653703e-01
4.963466329633255958e-01
1.325854596443474698e+00
2.105632028461322802e-01
-9.374756301766117295e-01
7.140653520931431464e-01
-1.037810214099023874e-02
-9.950936581609119980e-01
-7.491107668071129710e-01
-4.606319863274777604e-01
4.816887514300535050e-02
-1.342322604647505857e+00
-2.124308840013768018e-01
1.549323054726600146e+00
1.002429337851738156e+00
-1.358024599877057960e-02
1.089994416347297879e+00
4.758424711524642525e-01
-2.215432158265535190e+00
-3.185627741086451081e+00
-4.905706859336375625e-01
-2.246670546522750556e+00
-3.634043171863257093e-01
-4.372936325140144298e+00
5.234428176360395035e+00
1.681942661692161112e+00
1.980667661892231868e+00
1.815093706778472926e+00
9.207380622415552995e-01
-1.661370234642469024e+00
1.236749189299156892e+00
2.349199522827206899e+00
1.334934848557851605e+00
-2.743121036861672080e-01
4.792031526919053597e-02
-5.631286545585068026e-01
9.417778212866344534e-01
1.979250723655909372e+00
4.025877776235953220e+00
-3.639491773283346721e+00
-1.938941092625634521e+00
-3.737361354590301055e+00
-1.032052937363477030e+00
1.140271757647463913e+00
-5.562771204011210946e-01
6.399498367242302255e-01
2.361334322205608377e-02
-4.227324909750955761e-01
1.181146183673748462e+00
2.325223902085236549e+00
-1.738019212993644758e-01
-4.119424872574188434e+00
2.059510275121587686e+00
5.164969129378182977e+00
2.925574029811026100e-01
1.067240882124368628e+00
1.917248561007979912e+00
8.185572313452474380e-02
7.203684135675570976e-01
6.024539941348392436e-01
6.066547633961767438e-01
-1.328053297712352143e-01
-9.192104295435187256e-01
2.274762894256225909e+00
7.399171548578528101e-01
-7.196287021104226245e-01
3.318824989528392777e+00
-1.688022907005735984e+00
-4.509784127439807055e-01
2.715207156905978803e-01
1.764140347460290359e+00
3.105483855006503369e-01
-3.557471843638226189e-02
-4.915263920713439205e+00
-2.760793767192421200e+00
-5.628601767964150904e-01
-9.517544687552185190e-01
2.082945203642989629e+00
-1.149040322926971197e-01
-1.754237853009396275e+00
-1.830278418228707515e+00
-2.429581877635519138e+00
1.214538089965607526e+00
1.249206569002323741e+00
1.532723250053288577e+00
1.732359014583586321e+00
-8.950936663303597773e-02
8.933555063646088090e-01
9.331021600068259980e-01
-1.492729592666027505e-01
2.975146585256974507e+00
2.043258619555984534e+00
-8.092834202928080867e-01
2.321285327956954525e+00
1.306535281617439814e+00
1.047245377951526946e+00
2.798448811339953046e+00
-7.663563434078017877e-01
1.100811758884379987e+00
-1.325752957883641781e+00
1.541208993830266882e+00
-1.857176523982477123e+00
-3.518906966591412555e+00
1.978452986403359315e+00
8.783014431788045417e-01
-2.114419538193419434e-01
-1.085782480440117492e+00
-1.559946429480834063e+00
-1.709616449602165078e+00
1.372660438806678540e+00
1.987125456794804679e+00
2.410514689110989928e-01
-1.187123865481405222e-01
4.924828567643207422e-01
6.917966876611021387e-01
1.476301299854206883e+00
-1.699053698961717096e+00
-1.726897748476838856e+00
1.242248211565389060e-01
1.762933915677097119e+00
-2.255382645439504008e-01
7.870175155775389619e-01
5.829567812262116400e-01
1.045567720034152048e-01
2.914403559864466420e+00
8.557075260859219323e-01
-1.476721110865465203e+00
6.372495079576117050e-01
6.013808488186175305e-01
7.058408003007122788e-01
-2.181913598533029575e+00
-1.727486942590080288e+00
2.008563952971406330e+00
-7.431021536946448292e-01
9.864378967899258832e-01
-2.476805105058534906e+00
8.546338296651706523e-01
1.636375384015116952e+00
1.054840222876542555e+00
1.609273349943702858e+00
-7.434942775169529616e-01
-8.683233335491293836e-01
-6.424395836024678896e-01
1.469639205738234145e+00
-8.399254366280703987e-01
1.878155027570697078e+00
1.041967757042415066e+00
-1.484470878515178116e+00
-1.626420868221967408e+00
-6.795063629249670223e-01
-1.254579866692705936e+00
7.395364879616889153e-01
-7.915257419719452514e-01
1.092305714384386173e+00
-3.907089143060285430e+00
-4.088789787693752342e-01
-8.890203484853016480e-01
-1.150799425086131755e+00
-1.514669581294817990e-01
-1.165027553000075544e+00
7.808419597829455716e-01
2.053068475527919823e+00
1.783133271912235474e+00
-8.807483747829435439e-01
-2.153419379386014132e+00
-2.566364055628852725e+00
-1.272479401693793477e-01
4.182141544954735002e-01
1.872692639994054664e-01
1.805762986398789405e+00
1.885617224077905218e+00
-2.028825419037116440e+00
-6.925695332298276163e-01
-1.049908080786779857e-01
2.179749122329002753e-01
2.033635614659572877e+00
-4.789891567622021618e-01
-4.432835713885641127e+00
-4.170092411807103439e+00
9.431869309524513190e-01
4.996099826288956658e-01
4.412529159470247597e-01
-1.553809367588438795e+00
7.550649492185962375e-01
1.704263099544329751e+00
6.926316520458609682e-01
-1.360170316381887901e+00
-2.287903844791865093e-01
-2.002989833312966983e+00
2.945509723575588934e-01
1.530482734550781432e+00
2.923133041113717745e+00
1.788454149387526670e-01
1.586139198110734672e+00
-7.965841468669727921e-02
1.424965336457763021e+00
-1.737949831103978271e+00
4.138025478745119834e-01
-1.896878253803125025e+00
7.462036910956343361e-01
6.725480428348309392e-01
3.951834955815897166e-01
4.859921899148075819e-01
1.438051233824043873e+00
-1.284112638112848703e+00
1.794857336966631189e+00
4.476214316962636580e-02
7.078261091628473833e-02
1.044433110406190801e+00
1.464031960715697078e+00
-1.327249765566529627e+00
3.655079783561081985e+00
3.632114108979057399e+00
-1.048716791342193311e+00
3.368909916678726191e+00
1.982341351059058177e+00
2.274166626055394325e+00
2.498789668104954398e+00
-2.545488731727740372e+00
-2.385201766519413624e+00
-5.768838736060737382e+00
-4.543902547384386814e+00
-1.073475394644905767e-01
-9.153908872688168996e-01
1.760721283799376868e+00
-2.413568353995679594e+00
1.636697026750745909e+00
1.846738141942342537e+00
8.907913830869083061e-01
2.419555899924482389e+00
-2.832040615294808106e+00
-4.957556079941391469e-02
1.737435452792785995e+00
8.870998876755272766e-01
6.670501917993536534e-01
1.096234599211572736e+00
-2.102612894400122667e-01
5.480167287785874253e-01
-8.394569740320746432e-01
3.156229332523862396e+00
2.246280625585364010e+00
1.828471232541369895e+00
4.129363343705900746e+00
1.845379529528704765e+00
-9.914977961260647010e-01
1.962195147432979625e-01
-7.977228808420519512e-02
1.785680435602406524e+00
2.667623453365306041e+00
-1.080522305695567731e+00
-3.736740562269755372e+00
-1.390326706400061563e-01
3.396797945097965732e-01
3.035212255693746086e-01
-2.837495767460212689e-02
-1.486815945512619308e+00
-1.290149086805963075e+00
-1.645669742255556622e+00
8.529985381133295963e-01
-3.365094231965862104e+00
-5.261974441284298365e-01
1.081251872648213208e+00
3.054777422810843190e-01
-7.256618628117389447e-01
-9.779381799784001572e-01
-1.720245241268302472e+00
5.596195105305278306e-01
-2.013401151224669228e+00
-2.651177332245381324e-01
8.347040958728390025e-01
-1.570270617317554906e+00
-5.296873564144716218e-01
1.568093859570750981e+00
-4.314298594416555943e+00
3.239706645135194685e-01
-2.652031335003084411e+00
-5.239988268597208787e-01
-2.573910486456564506e+00
8.293646926821475196e-01
2.427382116341567642e+00
1.911704806797359435e+00
-1.259941147334925349e-01
-5.019917248594611969e-01
-6.671716432158927290e-01
-6.521316028568817647e-01
5.862903764848310662e-01
-5.055175070203105081e-01
-2.038364855721418234e+00
-3.784459684028791848e+00
-4.189315830077018632e-02
1.753730257175359686e+00
-6.022374291915823186e+00
2.208611700259967670e+00
3.106146866366085724e-02
3.707120987635968978e-01
-2.112072159305619756e+00
2.496722180180614981e+00
1.070626620748680979e+00
2.616762983977462653e+00
4.986903644525525259e+00
1.990690300093377774e+00
2.322440682306700088e-01
5.231832412586129299e-01
-2.065261682772030927e+00
-3.048568783140747751e+00
5.214247698329520730e+00
2.525022248092191557e+00
-1.733178265460859346e-02
-1.538187601852372133e+00
-2.441611584807624524e+00
-2.233082596567134981e-01
-1.560269325176116606e+00
2.103372560502425159e+00
4.863670188970874997e-01
9.217866588417700235e-01
3.901495156335329284e+00
9.156588241722833921e-01
2.402496338046119728e+00
1.557727607551046556e-01
-5.583234583837399789e-01
-3.096365299988717013e+00
1.510552648095730088e+00
-3.978341193868277226e-01
-4.004367086230890549e-01
3.059377605147525769e-01
6.738980268716036059e-01
-4.305521352383761546e-01
-1.150209161410112868e+00
-1.013130437858448918e+00
-2.730412923601533981e-01
-3.161162135178381849e+00
-6.176861468856819082e-01
2.577465088244069946e+00
-7.869664403376741557e-01
-1.919074840920934610e+00
-3.694902103232121544e-03
-1.951680354851607957e+00
-1.252665612387742877e+00
2.671305942440021369e-02
1.720996363197911050e+00
1.914622319343081802e+00
-2.173850798252116689e+00
-2.573632174490754210e-01
1.527325012090718470e+00
1.367884345373314436e-01
2.700714211381713969e-01
1.260735416810441656e+00
-1.562326344165153813e+00
-6.908509093092911613e-01
-8.666213049325904860e-02
-5.272664887204289164e-01
-1.404363284428657765e+00
-9.423863036013829797e-01
-3.623907668265642812e+00
3.192401201335629324e+00
3.018494088655229168e-01
-7.598778892133972729e-01
-1.821117616537378359e+00
8.834342279844824564e-01
2.420289101295444834e+00
8.879380547666602119e-01
-1.379683143579468529e+00
-3.994692753244539762e-01
-1.348780279438205110e+00
1.763412500662666915e-01
2.476427830186385681e-01
-5.973823529793794718e-01
-2.879504415893510694e-02
-9.480598958757933126e-01
3.669340617289171824e-01
-4.746182621703783355e-01
-5.842934228826182075e-01
-5.891911801811847704e-01
-2.176522679273014571e+00
2.418906688891005796e+00
-1.506986135982059105e-01
1.358783808485206190e+00
3.789269264468224097e-01
-1.353087598809578074e+00
1.383202528032500656e+00
-1.090482885228616583e+00
-4.290509611490573860e-01
5.250110271951191621e-01
-8.998821247667924128e-01
-7.457707342584883881e-01
9.655975103877335597e-01
-1.412000940067148491e+00
-1.696859114615527908e-01
1.041540922045540857e-01
-1.393753481765078295e+00
9.965257871113784915e+00
9.820019814874065833e-01
-2.931939188007820274e+00
-4.634176084264857165e-01
-3.037120915694555556e+00
3.703640253781770753e+00
-9.889608952814667175e-02
-1.129773420153812102e+00
-2.191884267434330180e+00
-3.621719475810611488e+00
1.989254898979436748e+00
6.308434463543378667e-01
8.687324611390498386e-02
-1.136141537626734310e+00
-5.389096734984074599e-01
-2.255762139847940162e+00
-9.901565362224751254e-01
1.364545749259588048e+00
7.172726979682996218e-01
2.104501255699857243e+00
-4.051471119358010520e-01
-8.524559858751675767e-01
-3.333469386509259280e+00
-1.976168133531921445e+00
-8.167278727353283196e-01
2.645721656137559608e-01
4.658963804450879653e-01
2.325466572465253456e+00
-1.222238238287701728e+00
-5.914308063417379469e-01
-1.468572650643371835e+00
-2.446855082641849199e-01
9.940606357388857006e-01
1.010689108537162095e+00
1.058533175429692719e+00
2.037968566488566502e+00
5.733609680794039126e-02
-3.058580713578884502e-01
-1.594953773651538231e+00
-1.929817093330783218e+00
5.671610501216202138e+00
5.241400474479671168e+00
9.590616342999920274e-01
7.298530827561973133e-01
6.659296142567564525e-01
3.460058871921167789e+00
-7.652055039547939197e-01
-1.303670072089452070e+00
-1.373120220310092066e+00
-3.674494769901685554e-01
7.860803756744831894e-01
-2.004969228307030171e+00
1.720451463287828275e+00
3.923756317450333153e-02
1.075254403737448072e+00
-5.283881368010340251e-01
4.881461029700278065e-01
-1.189717895817353072e-01
-1.451374215983030347e-01
7.879807432105443432e-01
-6.202377325379092587e-01
1.770953151189754715e+00
-7.270636644220383749e-02
9.649056884649879207e-01
-3.507693947724922490e-01
1.609350174361698693e+00
5.480307640719601636e-01
5.994549853618418300e-01
4.065280571241835617e+00
-9.288049978785682947e-01
-1.591197414167475621e+00
-1.591054913745629795e+00
9.931452675858616352e-01
-9.170627368698848203e-01
-5.896662364286650027e-01
-9.881359058770415871e-01
7.793593231970278312e-01
2.269332086988580688e+00
-1.125672734959110022e-02
1.454429892165973182e-01
-3.637825024641755611e+00
1.913717287859513672e+00
-5.240900422834591232e-01
-1.265762843414881100e+00
-2.100317117060225502e+00
-1.155714869049843774e+00
9.615475621067270939e-01
-1.028681467692590612e+00
-2.890981049445148221e-01
-3.726493033143635225e-01
7.397433018165235907e-01
6.786849203763282157e-01
9.885900605179539502e-01
-6.377045081652321645e-02
-3.195749253933675704e-01
1.516918287514410046e+00
4.771681474668491019e-01
1.577361808789001785e+00
7.935720931361640584e-01
-9.434532955424951295e-02
-1.178757754509617145e-01
-3.426730347623780371e-01
4.627839051370100654e-01
-1.387057597516425933e-01
-9.860208301155053423e-01
2.477239788658096853e-01
4.501884875208920223e-01
-1.421990061239409298e-01
8.511876152615310831e-02
-1.661327178555990214e+00
1.088176932594624224e+00
4.307566924257324459e-01
-3.072831245850541348e-01
-8.994720987346658259e-01
-2.362100783156340089e+00
-2.798475278029294855e-01
1.662399207682801472e-01
-1.232387825986680729e+00
-2.102716684962016469e+00
1.161822548145600598e+00
-1.212716722213675213e+00
-3.461837781925932500e+00
3.609129215305657834e-02
2.359802135701416947e+00
6.555908503210525762e-01
4.232713711219675545e+00
5.464072249386641822e+00
2.146308654401373611e-02
-4.232368423832950644e-01
1.853039420988565000e+00
6.418288394470337277e-01
4.595783746736719078e-01
1.964326141190155806e+00
5.679765946939131505e-01
2.361330832860619386e-02
-7.380526931019775194e-01
-3.374419418095746526e-01
-1.113312588199595554e+00
1.111647871985957936e+00
6.466187654082503622e-01
9.934857553704149469e-01
2.055267270809227220e+00
-1.120107885549778276e-01
3.381346233196854123e-01
-1.181851236624188672e+00
-4.995241614574379430e-01
-2.530714205799697858e-01
-1.759845432999988413e+00
7.082469186275230921e-02
-1.343312512271545911e+00
1.051899167298105287e+00
1.194777122799529856e+00
9.283232510638824708e-01
3.013975160079522264e-01
4.598958142042482433e-01
1.556812172470194211e+00
4.716603397568415179e-01
1.274292611665555075e+00
1.929779359244249148e-01
-9.788549144798762945e-04
7.130880821446758944e-01
-3.294201210357838860e-01
4.864219170955937366e-01
-1.120234862609490234e+00
-5.887769237771125486e-01
-7.603289224236732258e-01
5.991329474391867693e-01
-1.039037126322086557e+00
2.541218194267663016e-02
-1.509135458880120462e+00
1.755998370636956823e-03
-3.371029085776411360e+00
1.031673109797796029e+00
-6.670795975208794193e-01
-1.481950453393743317e+00
-5.677331819797224455e-01
7.133362659637012548e-01
-3.521856480162200570e-02
3.438827691199846104e-01
1.900313904248565944e+00
2.146858624241596569e+00
1.075650953690335143e+00
2.925117763569927476e+00
1.246153837400838293e+00
6.725654547308730358e-01
8.866216820236508811e-01
1.331931855558301070e+00
1.659549098689494073e+00
2.223163465921850435e+00
-6.196273034953635461e-01
-6.495162943347120299e-01
-1.452811191827380721e+00
-1.475065620003561673e+00
1.949725621065276693e+00
3.077818039457994037e-01
-2.967842692959755890e+00
-1.111959672375874009e+00
-8.386432628276505596e-01
1.033596640889686169e+00
-1.658786463133856248e+00
-8.205715434538832787e-01
-3.610367062872476551e-01
-1.359368555989672656e+00
1.698511962628141525e+00
-1.409606063246971186e-01
4.558053953258838220e-01
-1.231772727801506845e-01
3.104310432598809122e-01
-3.822711601351519994e-01
-5.361381300163086117e-01
3.122601646595162705e+00
3.393681021623656813e-01
2.736975252028903682e-01
-8.820624555475030659e-01
4.061930182630485997e-01
-6.463584205666327298e-01
2.033398948224685476e+00
-1.168443375642033155e+00
-1.171039804070394430e+00
1.841804263325410584e+00
-2.459360418174750595e+00
4.852531027717659762e-01
-1.629227321058576372e+00
-1.004236742497639501e+00
1.661284923271403757e+00
5.858273420615593974e-01
9.425255082359358383e-01
2.387728771341502298e+00
-4.084799398530061798e-01
7.984109151100337032e-01
2.133800336787048835e+00
1.082217846843558595e+00
1.763399027525946350e+00
2.197673650191804273e-01
5.812334948322332995e-01
9.157362243206294827e-02
4.306836611142771387e-01
-1.213449435625514328e+00
8.340656460341543399e-01
8.122229900918095935e-02
2.037000942917800150e-01
-8.154233871479568130e-01
4.165940084046191455e-02
1.366630297248762949e+00
-1.399998855144878762e+00
-2.603374794611048593e-01
-1.914168202179548084e+00
-6.818016323945050861e-01
-1.793165289162619580e-01
7.201252072246963620e-02
1.921811298950559577e+00
-1.801536260271372258e+00
-6.543377573003514858e-01
4.581219118510391763e-01
2.699774489507043018e-01
1.071387714134448110e+00
9.946724006602737644e-02
1.234959851484510818e+00
4.325488415127964892e-01
4.320136630402225397e-01
-1.169453396041292281e+00
-1.704312555145047758e+00
-2.446809091210204734e-01
1.095854536885709329e+00
4.877030780111684671e-01
-1.374151350076916911e+00
4.452944910331851046e-03
1.149615835076150949e-01
4.492314693643596479e-01
-9.389638280295276029e-01
-2.238081462036279612e-01
-8.121326239739445896e-01
2.526891444788160079e+00
1.548020221330551172e+00
-2.261226361219630832e+00
-4.094469617242295079e-01
2.858543395204755200e+00
4.078165447944592792e+00
-1.789124518476386816e-01
2.611260680400910417e+00
7.408609390992066945e-01
6.427732648876270938e-01
2.403848704171700046e+00
5.574680798878820509e-01
-1.369477736527233702e+00
4.281289067548977867e-01
-3.736253592328084849e-01
1.412672463101837472e+00
-1.039800932020771729e+00
-8.763098345311756687e-02
-4.157569603705378591e-02
7.414976911927294578e-01
-1.998562293816696700e+00
-2.370949541487340717e+00
4.481996781643807992e+00
-2.998498827625487584e-01
-7.035348384256686627e-01
-1.068975241949720267e+00
-1.570812505050771524e+00
-1.767581560906508864e+00
2.416992455171444731e-01
-1.815489142575227977e+00
-3.771106042937246272e+00
-1.747678025199749463e+00
-7.959779993929225750e-01
2.935978659363858156e+00
-8.460098629922797597e-01
6.288762746832069483e-01
-7.368940922928719772e-02
-1.944870648607072150e-01
-2.139413903085817470e+00
9.619272833519133536e-01
3.051226700739699815e-01
1.265607283977456143e+00
-9.672523052964423496e-01
-1.298934995124432668e+00
4.731719897283086951e+00
-8.036623178822217550e-01
2.673688757040572295e+00
6.460888165685609863e-01
1.061457347924644079e+00
3.663192461222210539e-01
-3.214435864974202417e+00
-1.185737946073165849e+00
-1.293250577987737626e-01
2.751301770044751294e+00
3.333912205850301902e+00
5.807520163772530442e-01
5.216153481616937065e-02
-1.997498026809796656e-01
5.383709912052376811e-01
-1.832389787047477847e-01
1.557645384777356368e+00
5.548220650256145969e-01
-7.109471585152797868e-01
-2.137437331765976278e+00
-6.178876743157579732e-02
-1.754953845577559568e-01
8.000358715863772341e-01
-2.039990660727153127e-01
8.856276302118200050e-01
-1.676278773005085876e+00
4.106658296190265900e-01
8.454616036337612994e-02
-1.843531560491766808e+00
1.848645035024429895e-01
1.798083572036870859e+00
5.394493521706330563e-01
-2.963827613705783889e-02
-4.298298779163812533e+00
2.470028570291683323e+00
2.500421549259265408e+00
-2.674070922981522713e+00
-2.821130521204455732e+00
-4.452232326146995378e-01
1.906589514377070360e+00
8.799787830701188973e-02
-8.246340354765293590e-01
9.230799474584423514e-01
1.178175237351287929e+00
-2.077808194814406928e+00
1.739636324204185458e+00
-7.043916947349367907e-01
3.718102153640200136e+00
9.465373276883628506e-01
-5.793176001642702522e-01
-7.337574933458527182e-01
6.255128105849474096e+00
9.158565899087779405e-01
-1.019969924035363462e+00
1.001724876234683370e-01
4.671374427111998351e+00
8.767921515629824025e-01
5.484182577865281960e-01
6.403897449093872041e+00
2.211990099619351113e+00
8.674577801258036569e-01
2.340725558298936693e-01
3.210765708851261113e+00
-3.330521700977687516e+00
1.046866782086777858e+00
2.326342323086735553e-01
-1.665227223306925852e+00
-2.886726065574555022e+00
-1.448968108648353903e+00
-1.110410783170931781e+00
1.980144102425542396e+00
-1.686936379234716732e+00
3.628677957297862244e-01
3.473240303147211994e-01
-1.529823633645750691e+00
-7.918319020991471113e-02
-3.511505743261160717e-01
3.525931153155433678e-02
-3.717732974524659562e-01
2.855667880627486444e+00
-4.185066357797762593e-01
1.852041280883763630e+00
6.526039667446309478e-01
3.137632649868652979e-01
4.191468667419123023e-02
1.682599003013052763e-01
6.999822162097639744e-01
-1.595521944577209805e-01
4.560390609674397355e-01
-1.239428852966539596e+00
3.888277521820689420e-01
-3.318353292765873763e-01
8.129841079000419413e-01
7.929011664806692172e-01
8.471809607678840726e-01
-2.289635082038235792e-01
7.934600034733105822e-01
5.194413149937536778e-01
1.411280034895678659e+00
-6.149818085654048527e-01
3.347467152041631588e-01
-9.760728168726592324e-01
-2.783277823701140741e-01
-1.490435285907320662e+00
4.227055473646336714e-01
8.994061193330967763e-01
6.018004963886323111e-01
1.060077858857366495e+00
-2.293649920651367469e-01
2.271268422321106040e-01
3.827916662519171287e-01
1.223011743640658011e+00
2.194289512804600939e+00
1.530976131911492288e+00
5.109376701563512757e-01
-1.453744879339990692e-01
2.028065374088869444e+00
-4.695697537117754505e-01
-1.366805426972329984e+00
4.655537126199424391e-01
-4.306283040058890288e-01
-3.020353013447104051e-01
1.366143611470487906e+00
6.056389309985631408e-01
4.723482594342927610e-01
2.101997674294162621e+00
1.550021968651701165e+00
-2.873355456561431636e-03
-8.307363617345928652e-01
3.543220714015758999e-01
-6.167226407129292598e-01
3.452970235489036810e-01
2.854684257764603106e-01
-1.115799750290950576e-01
1.557440717506238581e+00
1.290508395973017475e+00
8.014016857651479198e-01
7.571564511476400750e-01
2.553267910714629441e-01
-2.758634917411580401e-01
1.559545384518967459e-01
-8.100352768420963079e-01
-3.201216406260634084e-01
9.261049005612322915e-01
-1.905057550164168945e-01
2.072623039062527095e+00
1.587952298487454918e-03
6.165094830191591990e-01
-1.218150862527983963e-01
4.874705338837761026e+00
-3.149645214703128970e-01
-7.344717574104900892e-01
4.338291411668718234e-01
4.932240011331092688e+00
-2.024264935477339211e+00
5.092138199480174876e+00
2.475848396321666811e-01
2.281602914129988058e+00
-7.401956192002363544e-01
2.514834868957812608e-01
-9.492322087528821950e-02
-3.416661432785709218e-01
1.225621055138833126e+00
-9.747609827819613271e-01
2.744358103209038280e+00
7.284805158130495117e-01
-2.623638740543166592e-01
-5.600036240134775856e-01
1.529859608302043705e+00
9.606951803898878817e-01
6.201537406246881989e-01
-5.069342271407409894e-01
2.305707252140589691e+00
-1.357223502315546559e+00
-8.632557077053448769e-01
-1.311531265773529797e-01
-1.228158846973222834e-02
3.625617292862708951e-01
5.732192539193299297e-01
1.553489870275205798e+00
1.358181566331251866e-01
-4.457972306937498241e-01
6.753690378210637224e-01
2.438759741129274961e+00
-2.536463499593947457e+00
1.892370058804434318e+00
2.422982625674393875e-01
4.818605881667991087e-01
5.099691547103523126e-01
4.167640913013752169e+00
-4.814531607395988289e+00
-1.837813439546291949e+00
4.911015048874617928e-01
3.065436467741327053e-01
1.668555178096624569e+00
1.869763733975924103e+00
4.352938922224532381e-01
-9.681361399645811439e-01
1.232067140072681921e+00
-2.953552448545873621e-01
1.890452411181634262e-01
1.180739833265950445e+00
-1.518477453234064134e+00
1.412339510573959123e+00
-7.396691892891763542e-01
6.195824250306953829e-01
-4.809006869082919078e-01
2.659531486446367055e+00
1.093519339884633096e-01
-1.471274066501554456e+00
-5.326596574473476675e-01
1.377661361321999012e-01
1.257458543041594767e+00
-8.014659390074950762e-01
4.822770218629043093e+00
1.001462276508249705e+00
4.165411072429211714e+00
2.491639866129624181e+00
-3.799451433942324208e+00
3.914834506443137241e-01
-5.835819837301566837e-01
1.291342809873057051e+00
6.556479977500810907e-01
4.305989356482797792e-01
1.416413355804310437e-01
-1.266002910184268249e+00
-7.337058278000694322e-01
-4.137499389780351144e+00
-6.163237459299603094e-01
-3.484927581025094034e-01
-5.296771431905748173e+00
1.121865903776553264e+00
-3.289527700673771093e+00
9.553574436618791910e-02
1.448160351753679853e+00
-3.040325627679383302e-01
1.008001489076668200e+00
7.052416823325952100e-02
5.374430705522512675e-01
1.399935371829301500e+00
1.162587578979447089e+00
3.050973177306833151e+00
-1.139896247466920753e+00
-2.873624827795882020e+00
3.094817095125891981e+00
2.139033336799295082e+00
2.900547341698624937e+00
-1.508449727604976864e+00
-6.106499186796078282e-01
2.800347830599100307e-01
1.146643904419762494e+00
2.636326247336980844e-01
2.327405735905685003e+00
-1.010050829451904608e+00
1.155382904500427577e+00
7.292932860040642895e-01
5.725968734978053032e-01
1.443097149326777684e+00
-1.334160296429015125e+00
-3.247399541177320881e+00
3.998300838178109551e+00
1.511369119273411110e+00
5.056834787821542498e+00
-2.315249121045309888e+00
1.490063739538999732e+00
1.879152484266632506e+00
-1.011490926570481896e+00
7.465970444302502118e-01
-8.346540153236013948e-01
-2.764839817877930983e+00
-5.187488356230294251e+00
3.132953857358046879e+00
-2.337325258945023077e+00
-2.162564599012531730e+00
6.669326712013549097e-01
1.964719660342782781e+00
2.675745974385547399e+00
7.873932657686838477e-01
-2.764833592742926172e+00
5.925056883214775416e-01
1.698201755961254555e+00
2.999748606294202688e-02
-1.218915360737623299e+00
-7.380008675963863896e-01
-4.790971905833804279e+00
-9.460584860650313177e-02
1.997458580802903061e+00
1.262572468096273992e+00
4.355157727234309495e-01
-9.037853302516979381e-02
-4.121977584265192007e+00
2.551975667058524078e+00
2.943906383601713195e+00
-1.959235243041212438e-01
2.302140878615225539e+00
-3.620414014677811876e-01
-1.537527604751294241e+00
-2.420627634384502791e+00
-7.065496696195316950e+00
2.255641773384621462e+00
-7.323839096258024650e-01
1.479169720717001146e+00
-3.315374562372127798e+00
2.415919701942863984e+00
1.905212493845203525e+00
-2.866777423933626334e-01
-3.016621607546990380e-01
-1.723792099738906902e+00
2.781053792786726486e+00
1.147877442048931496e+00
-1.419070846561597099e+00
1.892800647608594566e+00
1.986914130202990014e+00
1.040242717562901847e-01
3.326130068831301578e+00
3.455143930512004413e+00
2.661755697565594936e+00
4.710433699858976198e+00
1.727704920378611675e+00
-2.415125779320156596e+00
-4.289683834858594724e-01
-1.498305365390638189e+00
1.552505582873674239e+00
-2.229370229674753623e-01
2.463033422390156213e-01
-1.418592858225488085e-01
1.206879999918200719e+00
1.626108158179457863e+00
-3.561077022850743568e+00
4.963340569739254526e+00
5.346195448862718358e+00
-2.035606713463861794e+00
5.012001923041082829e-01
2.853298071777452094e+00
-4.225524228919830608e-03
1.271370628070343622e+00
-4.579524154717596329e-01
6.541142952199684169e-02
1.179600450590744032e+00
2.353260588977286738e-01
-1.146551210906851942e-01
-3.620111526126209012e-01
-3.544961035966228025e+00
3.433497199001909195e+00
3.211242405169351777e+00
1.376323682886040345e+00
3.081885127396674084e-01
1.860595825478910559e+00
4.961323259636791327e+00
1.688991843171167018e+00
-2.482712956871914844e+00
9.195490115847377854e-01
1.258139344436712603e+00
-1.127308520280411175e+00
-7.398473923290528331e-01
3.276972408292815775e+00
3.496162355448936943e+00
4.525154055696373884e-02
6.962116933196490498e-01
3.056780705552381683e+00
-1.576093418770053045e+00
-2.200112789750984510e-01
1.520974550452009355e+00
-3.472931437356871154e+00
2.543268778976124356e+00
-3.287574752959209423e+00
-6.348691306736406581e+00
-2.288488106472251982e+00
-7.361552700609842737e-02
1.681749861930102563e+00
-4.155346575740813120e-01
-3.805282570747876125e+00
-1.747975304410514186e+00
-1.881266560202282445e+00
-2.334306792406116493e+00
2.004560692822213941e+00
9.136782210495901502e-02
-5.885292926205248909e-01
1.874463961623495711e+00
-3.685358410248779082e-01
-2.121528006874608518e+00
-3.883644975714684477e+00
-4.897018086160738748e-01
-1.224026574024103420e+00
-1.446078149993680784e+00
1.678595356541413341e+00
-2.058891152515900824e+00
-2.517292159272710439e+00
2.520571171313237824e-01
-1.641939779752435769e+00
-3.017143782678664898e+00
-2.403658764814667226e+00
3.450992223295604955e+00
-2.900806731347746137e+00
2.422378091248570675e-01
1.292228481123984141e+00
2.044301764304543578e+00
-2.267428003810102677e+00
1.468593112923308075e+00
1.815768787440020127e+00
2.160138512959917989e+00
3.459026561086937512e+00
3.852149197557308113e+00
3.745747422951620553e+00
3.495798663591443756e+00
2.152003556249916905e+00
-1.122150669759211628e+00
2.053960290267767608e+00
1.439493398265524471e+00
4.074807848691661682e+00
-8.419675854161530471e-02
-1.849228017344241692e+00
-1.486470246125584982e+00
2.444443276483851679e-01
2.295714202326430087e+00
1.424812176133516406e+00
1.995288545824966675e-01
-3.974558450700349521e+00
-1.575853842763685897e+00
1.875441600615651794e+00
3.113668875467463071e+00
1.693026259953056556e+00
-6.487662257854975856e-02
1.332282468987012525e+00
2.534616440421852079e+00
-2.726568648690214647e-01
-2.439294184505056140e-01
7.057146996425214258e-01
3.978259316266920642e+00
1.767288731890496178e+00
-1.803142089683312799e+00
9.880362764360721695e-01
3.097785601972096625e+00
2.047459358201004775e+00
1.818975723735288597e+00
1.274507360912594756e+00
-2.368438973357438915e+00
2.449791198745816079e+00
-6.193401027150549076e-01
1.841226802148273889e-01
-5.424875195069962963e+00
-1.867467966689713821e+00
-1.201631263353215434e-01
2.053256325909823321e+00
-1.848968326932910244e+00
-4.426710186538080904e-01
5.058980165323087697e+00
4.511972284499959907e-01
-4.884788338423551757e+00
3.529157245444200175e+00
-4.197659144965561140e+00
-9.144790375020773743e-01
2.541774257067728637e+00
1.527848727112808280e+00
4.192052884761600318e+00
1.792078981068615073e+00
-4.729377183615749658e+00
2.274536418673967386e+00
-1.396006810212042426e+00
1.084454671765016753e+00
-5.778045127340915021e-01
-4.147755277080369396e+00
1.948180000532236722e+00
5.230172105506984082e+00
1.786812142935796377e+00
1.364932433087242103e+00
3.741150697014046234e+00
-7.741775765631055128e-02
-6.016231999951149323e-01
-3.279062163120822770e+00
1.981321871787613542e+00
1.038691163367088999e+00
1.254595724660099609e+00
1.612906257943718336e+00
3.697517234973577982e-01
7.264379107413680536e+00
2.120252514250278164e+00
2.592390462777403037e+00
-4.630188911077000924e+00
2.402329371984142981e+00
1.259878458760489872e+00
5.836878572722815628e-01
-3.745667295057686363e+00
3.687108610854643587e+00
8.237427924911251420e-01
-3.686411262677973255e+00
8.179093707182469863e-01
2.060513632777273063e+00
1.578847980221552039e+00
1.063069815341447288e+00
-2.093533119017186195e+00
-8.837248951717050494e-01
-1.251388607975063572e+00
-1.819813808115817722e+00
-8.606346756619271954e-01
1.646674715539337974e+00
-2.985077186086461776e+00
2.458617652458748637e+00
1.610810504654294650e+00
4.068520631026726342e+00
-3.132084728354396219e+00
2.230780778149533461e+00
7.780333183261026520e+00
1.285306586013966079e+00
-2.591922516830439172e+00
4.875728211855112626e+00
8.696884995948159780e-01
2.678447961227143903e+00
5.480269097916653509e-01
3.017814735811100491e+00
-4.707730662526150134e+00
1.681335832142945241e+00
-5.056600265580765807e+00
5.142378283100654257e-02
-4.767783466734354825e+00
6.117564861700177659e+00
6.196439163755711022e+00
-1.869921444475980410e+00
-4.023010529239544830e+00
-7.838743351418528960e-01
2.283335646564658816e+00
2.149351922206146071e-01
-1.148600333166761356e+00
4.523269303428552490e+00
1.024089301948157976e-01
1.069359606515711825e+00
2.671243823536690321e-01
-7.263844763410558514e-01
-5.915807825187416213e+00
-8.766557833579916803e+00
-4.718032413893082366e-01
5.003071888650058030e-01
1.242418709254483389e+00
3.433033260066773895e+00
-4.951617311351542483e+00
-5.948390978855059963e+00
3.653475408442910521e-01
-8.683215395673153925e-01
-1.035908438893905492e+00
-1.482171410450074667e-01
-3.895790239392645793e-01
3.924877065603504245e-01
-1.204682599760533490e+00
-3.235347478362769813e+00
5.790359260301216615e-01
6.361709570629132671e-01
3.251106290289286438e+00
2.258992052239278348e+00
-3.609870213279688489e+00
3.865999084321619428e+00
8.227428278789422622e-01
-2.019827901268863357e+00
-1.469762210227844035e+00
1.000928406379335778e+00
1.020379878051577816e+00
3.081847623867362884e+00
-1.213457348556405524e+00
3.570718379190191527e+00
-4.609481318595409327e+00
-1.394656975327009718e+00
-6.347348459118508091e-01
6.842752322153344835e-01
1.748305474312867647e+00
1.765163777036906911e-01
2.458945490299405012e+00
-6.589042810169448705e-01
-2.551596976569116215e+00
2.119973249688275274e+00
6.667820391978743766e-01
2.017328879805881936e-01
-1.054008239181362105e+00
1.471933780613489673e-01
-5.965127687806885959e+00
-2.617387019285235539e-01
-5.824308680274529415e+00
-2.362877966044373057e+00
-3.643254853708323360e+00
3.019033005668683156e+00
3.290441181305573948e-01
6.175351149271641749e-01
-1.242922765927401696e-01
1.462332560838882634e+00
-5.797171946679008370e-01
-1.185925528760906955e+00
3.255726552286490438e+00
-2.753549780923656876e+00
-8.677401986510602239e-01
-2.119164740250709666e+00
-2.553514491361792871e+00
1.900196047916175912e+00
-1.240010090946208843e+00
1.202859118166440672e-01
2.465125207866777135e+00
1.465279524629780505e+00
-1.137461932968532485e+00
-2.041891122980801221e+00
6.416840855611349870e-01
-7.390080136760637242e-01
2.212505477862680703e+00
-2.798556961662204690e-01
-1.805611155832419268e+00
4.408013961329876551e+00
4.184988034948536884e-01
1.253014414564541212e+00
1.238459255534646086e+00
-3.523809104546407611e-02
-1.205168386228394617e+00
2.127667478862211414e+00
-2.092304233159481441e+00
2.028549266244391358e+00
-4.985564919639326575e+00
-2.284057449167248066e+00
-1.667364215061398314e+00
1.853742832866167367e+00
-1.995150333782683139e-01
-1.529312868855397411e+00
1.074510952179881684e+00
-2.386469997261293052e+00
-2.290139393899082609e+00
4.273707208502432131e+00
-4.720844518358299879e+00
4.417202231221740993e-02
6.232054371543250815e-01
-1.997796129636547846e+00
-6.809440391242743695e-01
1.967913211826800568e+00
1.810041686004179029e+00
8.149954212530161612e-01
-4.197543787180065822e-01
-3.186093747612281923e+00
2.187325623376117911e-01
1.765941218301855464e+00
-3.511348018108559899e-01
2.501540502648804676e+00
6.757457483753787075e-02
-8.688757024959760100e-01
-4.445613878750374504e+00
-2.738385760547759951e+00
-2.084848309675784161e+00
1.200282732391108498e+00
9.553796174597719570e-01
1.873762182417350486e+00
-2.081719092777890801e+00
1.449666306072258770e+00
-5.871342537478486001e+00
3.660177773884312757e-01
1.490038465879336416e+00
1.220377760023537039e+00
2.216768004737126319e+00
3.021020852464360584e-01
4.168321925259152572e+00
-8.278445125934640325e-01
-2.472463768309646870e+00
1.016661118507620865e+00
1.608280647959324516e-01
3.103176568482786557e+00
3.231532194872406727e+00
-3.883200718829156184e+00
-1.424673950775791287e+00
4.061952185985869157e+00
2.561146815623010831e+00
-1.715081086954319600e+00
-2.786463249013428456e+00
1.689309071131117890e-01
-6.146168621088912154e-01
1.102068846365030552e+00
1.216360973236039422e+00
1.291583023582570489e+00
5.118294309803572695e-01
0.000000000000000000e+00
0.000000000000000000e+00
0.000000000000000000e+00
0.000000000000000000e+00
0.000000000000000000e+00
