1.820942610502243042e-01
2.361225485801696777e-01
1.953243315219879150e-01
1.558372825384140015e-01
1.976068764925003052e-01
9.468897432088851929e-02
1.047997996211051941e-01
2.066286504268646240e-01
3.188908696174621582e-01
8.554902672767639160e-02
1.481252140365540981e-03
3.239035904407501221e-01
2.703416049480438232e-01
2.148331850767135620e-01
2.662989199161529541e-01
1.256150305271148682e-01
1.530226171016693115e-01
2.777934670448303223e-01
4.433604180812835693e-01
1.310756802558898926e-01
-4.583959467709064484e-03
-3.105036914348602295e-03
-1.399420015513896942e-02
7.017715834081172943e-04
-1.316974405199289322e-02
4.377514123916625977e-03
-3.148969728499650955e-03
-5.499421618878841400e-03
1.294310670346021652e-02
9.292161092162132263e-03
-1.269584521651268005e-02
1.280335044860839844e+01
1.403258037567138672e+01
1.392309188842773438e+01
1.550099945068359375e+01
1.705181312561035156e+01
1.895128059387207031e+01
2.032235908508300781e+01
2.651240348815917969e+01
3.015853118896484375e+01
3.193599128723144531e+01
-6.941252350807189941e-01
-6.054218411445617676e-01
-2.411720752716064453e+00
-4.604589939117431641e-01
-1.233380287885665894e-01
2.126072883605957031e+00
1.284674644470214844e+00
5.273522734642028809e-01
1.518090605735778809e+00
-2.946213006973266602e+00
1.853894144296646118e-01
-3.397571563720703125e+00
-3.432694971561431885e-01
6.097900494933128357e-02
4.939316511154174805e-01
3.433763027191162109e+00
8.631029129028320312e-01
1.460786461830139160e+00
6.865769624710083008e-02
-5.171064853668212891e+00
-1.590027809143066406e+00
-1.012866020202636719e+00
1.908476948738098145e+00
2.514765977859497070e+00
1.728760600090026855e+00
7.834953665733337402e-01
-8.445883750915527344e+00
-2.178909480571746826e-01
-9.117032885551452637e-01
4.971864521503448486e-01
6.637334227561950684e-01
9.125588536262512207e-01
-3.448211774230003357e-02
-2.598876237869262695e+00
7.540755271911621094e-01
2.955655753612518311e-01
9.414009749889373779e-02
-2.228621006011962891e+00
-6.419318318367004395e-01
-4.225680232048034668e-02
-1.537533760070800781e+00
-5.747033953666687012e-01
3.524316549301147461e-01
1.913473606109619141e+00
2.757202088832855225e-01
-1.631777435541152954e-01
-8.503069728612899780e-02
1.150278806686401367e+00
5.903149604797363281e+00
-3.582521900534629822e-02
2.538956701755523682e-01
2.315346717834472656e+00
-1.700057744979858398e+00
-9.850083589553833008e-01
-7.283862113952636719e+00
-1.336604118347167969e+00
9.077216982841491699e-01
7.678139209747314453e-01
1.262662112712860107e-01
6.280618309974670410e-01
-1.766506671905517578e+00
2.026325225830078125e+00
1.922854334115982056e-01
2.391389369964599609e+00
-1.127642631530761719e+00
1.978046633303165436e-02
-5.571030378341674805e-01
-8.556234240531921387e-01
-1.224611252546310425e-01
5.326392054557800293e-01
2.635481953620910645e-01
-1.054128885269165039e+00
1.381758749485015869e-01
8.750326037406921387e-01
5.715306997299194336e-01
2.430714964866638184e-01
-3.421786725521087646e-01
3.489693105220794678e-01
-9.797249436378479004e-01
2.691220343112945557e-01
-2.182403802871704102e+00
5.819364190101623535e-01
-5.892238616943359375e-01
-1.000164449214935303e-01
1.236602902412414551e+00
-1.374884247779846191e+00
1.135557293891906738e-01
1.389293372631072998e-01
8.395967483520507812e-01
-1.600149273872375488e-01
1.385544240474700928e-01
2.163250446319580078e-01
-3.346725702285766602e-01
-8.005637526512145996e-01
-8.773675560951232910e-01
1.072733044624328613e+00
-1.074053645133972168e+00
3.620105981826782227e-01
8.730503320693969727e-01
7.889212965965270996e-01
2.409402877092361450e-01
1.169159770011901855e+00
-6.648948788642883301e-01
-1.415017247200012207e+00
-1.472157686948776245e-01
-9.563685059547424316e-01
6.328244805335998535e-01
1.025405287742614746e+00
-6.554128527641296387e-01
1.478937864303588867e+00
1.029459357261657715e+00
1.109657526016235352e+00
3.118411779403686523e+00
1.656257271766662598e+00
7.391735911369323730e-01
-3.416410923004150391e+00
-4.343118071556091309e-01
1.924284815788269043e+00
-2.013203144073486328e+00
2.732376575469970703e+00
-1.553830802440643311e-01
4.554077625274658203e+00
3.364571928977966309e-01
-6.124968528747558594e-01
-1.965746879577636719e+00
-3.459654331207275391e+00
1.681967496871948242e+00
-1.380427718162536621e+00
-5.249591827392578125e+00
8.533421754837036133e-01
1.553306698799133301e+00
2.655615568161010742e+00
8.446304321289062500e+00
1.287611722946166992e+00
4.709830284118652344e+00
9.590904414653778076e-02
7.948406934738159180e-01
1.843028068542480469e-01
2.531608581542968750e+00
4.228948354721069336e-01
-1.944395899772644043e-01
1.075851321220397949e+00
6.664379239082336426e-01
2.707749843597412109e+00
-1.006011128425598145e+00
1.568153023719787598e+00
-5.678327083587646484e-01
3.791168928146362305e+00
1.055414199829101562e+00
4.562449455261230469e+00
1.748619198799133301e+00
1.215574860572814941e+00
5.434607267379760742e-01
2.226675510406494141e+00
1.738788032531738281e+01
2.153865844011306763e-01
1.302560687065124512e+00
5.639410018920898438e-02
-6.873443722724914551e-01
-1.366411335766315460e-03
7.407601475715637207e-01
2.684622764587402344e+00
2.004604101181030273e+00
-1.089253276586532593e-01
1.516545295715332031e+00
2.982338428497314453e+00
-5.382826924324035645e-01
-1.686008214950561523e+00
3.116488754749298096e-01
1.849591434001922607e-01
2.771571159362792969e+00
-2.946445465087890625e+00
-5.094084143638610840e-01
-4.205281257629394531e+00
3.251096725463867188e+00
-4.239820241928100586e-01
3.420582294464111328e+00
4.024545550346374512e-01
1.193303704261779785e+00
4.076868295669555664e-01
-4.048267841339111328e+00
-1.241600960493087769e-01
-2.531580209732055664e+00
7.114282250404357910e-01
1.483662724494934082e+00
-1.777669668197631836e+00
-7.454865455627441406e+00
3.493733167648315430e+00
-2.461289644241333008e+00
4.229140281677246094e+00
4.965701103210449219e-01
-2.070163011550903320e+00
9.441252350807189941e-01
-4.152653515338897705e-01
-9.081313014030456543e-01
1.400153040885925293e+00
3.388334035873413086e+00
-2.502011299133300781e+00
-5.700339317321777344e+00
-6.551625728607177734e-01
3.268547296524047852e+00
2.485381513833999634e-01
-1.398061633110046387e+00
-1.581335663795471191e+00
-1.521349048614501953e+01
-2.667618989944458008e+00
3.909779787063598633e-01
4.772911548614501953e+00
6.044859997928142548e-03
7.833553314208984375e+00
-1.109000921249389648e+00
3.015561342239379883e+00
-3.130249977111816406e-01
-6.521453857421875000e+00
5.143211483955383301e-01
-3.203598976135253906e+00
5.473796367645263672e+00
-1.160033941268920898e+00
-2.728182554244995117e+00
2.368802070617675781e+00
1.084744185209274292e-01
5.456743836402893066e-01
4.857745021581649780e-02
1.172440767288208008e+00
2.000696897506713867e+00
