2.190866470336914062e+00
-5.855399966239929199e-01
1.346892863512039185e-01
-7.923893928527832031e-01
5.032725811004638672e+00
3.736024856567382812e+00
1.504269361495971680e+00
2.109477519989013672e+00
2.060192584991455078e+00
2.787475824356079102e+00
-6.121531724929809570e-01
1.490136981010437012e-02
1.623870879411697388e-01
-1.254186481237411499e-01
2.204795330762863159e-01
-6.078618168830871582e-01
4.165740311145782471e-01
5.595995113253593445e-02
1.530708670616149902e-01
3.195287287235260010e-01
-6.795925553888082504e-03
1.291309148073196411e-01
2.503436207771301270e-01
3.550896644592285156e-01
-9.226708672940731049e-03
8.619183301925659180e-01
3.653942346572875977e-01
-1.199708878993988037e-01
1.789458841085433960e-01
-2.360146194696426392e-01
-1.579509861767292023e-02
-1.573887020349502563e-01
-2.361122965812683105e-01
-2.337233424186706543e-01
-2.042693197727203369e-01
-4.869317635893821716e-02
-4.871609210968017578e-01
-8.502027988433837891e-01
-1.737394928932189941e-02
-8.922101259231567383e-01
6.761612892150878906e+00
9.467509269714355469e+00
1.019349384307861328e+01
1.328888702392578125e+01
1.533980369567871094e+01
1.542658519744873047e+01
1.756560516357421875e+01
1.922382164001464844e+01
1.918045043945312500e+01
2.100308227539062500e+01
2.658103752136230469e+01
2.500787162780761719e+01
2.669144821166992188e+01
-7.531501054763793945e-01
8.389535546302795410e-01
-1.430321633815765381e-01
-6.909424662590026855e-01
-4.625498950481414795e-01
-2.511125802993774414e-01
1.582692980766296387e+00
4.510527551174163818e-01
2.719180583953857422e-01
-1.379832327365875244e-01
-1.091479659080505371e+00
-8.989468812942504883e-01
-1.118800163269042969e+00
2.568351328372955322e-01
4.461649060249328613e-01
-2.864634990692138672e-01
1.262760639190673828e+00
-5.201667547225952148e-01
3.667678534984588623e-01
2.177246361970901489e-01
1.689308583736419678e-01
-1.220852732658386230e+00
-2.435493767261505127e-01
-1.160329699516296387e+00
-8.949149250984191895e-01
4.771121740341186523e-01
5.037305876612663269e-02
-5.586349964141845703e-01
-2.183147370815277100e-01
-3.967284560203552246e-01
5.085773468017578125e-01
-1.309201866388320923e-01
-1.470083236694335938e+00
5.797365307807922363e-01
3.949177861213684082e-01
1.246897354722023010e-01
-3.565243780612945557e-01
3.026187606155872345e-02
-6.096124649047851562e-01
4.331183135509490967e-01
-2.836230397224426270e-01
-4.605862498283386230e-02
-1.327548861503601074e+00
5.682722479104995728e-02
-1.036526784300804138e-01
-3.094794452190399170e-01
5.226117372512817383e-01
-2.160795211791992188e+00
-2.265168130397796631e-01
7.365600019693374634e-02
4.227362573146820068e-01
-2.167746782302856445e+00
-6.596345305442810059e-01
-1.408616781234741211e+00
-1.198944330215454102e+00
5.703079700469970703e+00
-7.437047362327575684e-01
-5.541614294052124023e-01
-3.701130151748657227e-01
8.032106399536132812e+00
-1.256689310073852539e+00
1.733512759208679199e+00
2.553064584732055664e+00
6.060917973518371582e-01
-6.311634182929992676e-01
8.045056462287902832e-02
-4.702684879302978516e-01
9.251798391342163086e-01
1.476491928100585938e+00
-2.868272960186004639e-01
7.527587413787841797e-01
-3.128152489662170410e-01
2.440089285373687744e-01
-6.075982451438903809e-01
-1.114251136779785156e+00
-1.111838102340698242e+00
3.322131633758544922e-01
-1.638302505016326904e-01
1.297847926616668701e-01
8.311964869499206543e-01
-1.905018091201782227e+00
6.838715553283691406e+00
-1.415234804153442383e+00
2.792426943778991699e-01
3.593430519104003906e+00
2.981179237365722656e+00
2.782211303710937500e+00
7.060477733612060547e-01
3.944935321807861328e+00
1.411787033081054688e+00
2.755279302597045898e+00
-2.548211440443992615e-02
-9.584784507751464844e-02
1.632089614868164062e-01
4.496716856956481934e-01
3.916475474834442139e-01
2.319684475660324097e-01
-3.151202499866485596e-01
-4.945788085460662842e-01
3.215965628623962402e-01
-1.817136406898498535e-01
-6.028341650962829590e-01
7.924001216888427734e-01
-3.040180504322052002e-01
-5.353136062622070312e-01
-1.651911437511444092e-02
3.448207303881645203e-02
-1.119426131248474121e+00
7.276390194892883301e-01
1.099467501044273376e-01
2.276294976472854614e-01
1.229099631309509277e-01
2.484433203935623169e-01
-6.215096116065979004e-01
-1.743057668209075928e-01
1.182990908622741699e+00
-5.717861279845237732e-02
-3.428713977336883545e-02
8.439566195011138916e-02
1.472860167268663645e-04
4.101288616657257080e-01
-4.599843621253967285e-01
-6.860112398862838745e-02
8.983210325241088867e-01
1.183741390705108643e-01
3.898689895868301392e-02
4.536465704441070557e-01
5.888816118240356445e-01
-5.496611446142196655e-02
7.056272774934768677e-02
-6.753583997488021851e-02
2.651598453521728516e-01
1.743519455194473267e-01
7.245143651962280273e-01
5.175138115882873535e-01
3.469808697700500488e-01
7.718034386634826660e-01
1.666550487279891968e-01
8.754711747169494629e-01
5.383654236793518066e-01
4.400851726531982422e-01
-2.167371362447738647e-01
8.700782656669616699e-01
1.555479526519775391e+00
1.053298830986022949e+00
-1.653746068477630615e-01
-1.736429572105407715e+00
1.391830593347549438e-01
3.399384915828704834e-01
2.110551595687866211e-01
-3.411316633224487305e+00
-1.109867811203002930e+00
-2.444184303283691406e+00
-9.840543568134307861e-02
-8.313074707984924316e-03
4.391644299030303955e-01
1.025239750742912292e-01
5.006071329116821289e-01
-3.114549517631530762e-01
-5.783458352088928223e-01
-6.555058360099792480e-01
1.023667007684707642e-01
2.885257899761199951e-01
6.606592237949371338e-02
3.671556115150451660e-01
8.615577220916748047e-02
-2.632703185081481934e-01
1.328553706407546997e-01
2.739830017089843750e-01
5.224027037620544434e-01
-8.035007715225219727e-01
5.992485880851745605e-01
-2.189193725585937500e+00
-8.849230408668518066e-01
-1.496829628944396973e+00
3.688636720180511475e-01
-1.576977729797363281e+00
-2.704164743423461914e+00
-4.450330436229705811e-01
-3.066321372985839844e+00
-8.157050013542175293e-01
1.579705238342285156e+00
-1.339474797248840332e+00
6.101760864257812500e-01
-5.360579490661621094e-01
-8.109476566314697266e-01
-4.419903457164764404e-01
-6.173147559165954590e-01
1.675503849983215332e+00
6.574779152870178223e-01
3.024177551269531250e-01
2.838785350322723389e-01
-4.100401699542999268e-01
2.990496456623077393e-01
-4.075936600565910339e-02
2.671960592269897461e-01
3.720612227916717529e-01
-1.818474382162094116e-01
9.525669217109680176e-01
-7.447839975357055664e-01
1.326596736907958984e-01
1.364292055368423462e-01
4.185353815555572510e-01
-9.455412030220031738e-01
-3.823906183242797852e-01
-1.046356678009033203e+00
-8.227590322494506836e-01
3.180424273014068604e-01
2.105040252208709717e-01
-4.148768186569213867e-01
-2.137961983680725098e-01
-2.438861727714538574e-01
7.075322866439819336e-01
8.596119284629821777e-02
-1.321951150894165039e+00
6.602643728256225586e-01
7.071360349655151367e-01
3.347801864147186279e-01
-3.750017583370208740e-01
9.866639040410518646e-03
-3.687589466571807861e-01
5.561886429786682129e-01
-2.199880927801132202e-01
2.654488198459148407e-02
-1.280357837677001953e+00
5.553703904151916504e-01
-5.075266361236572266e-01
4.193915426731109619e-02
1.061555743217468262e-01
-2.214683055877685547e+00
-3.426297008991241455e-01
6.464763730764389038e-02
4.305357635021209717e-01
-2.476194620132446289e+00
-5.857596397399902344e-01
-1.975931882858276367e+00
-5.640697479248046875e-01
6.079820632934570312e+00
-7.526884675025939941e-01
-5.016294717788696289e-01
-5.725690126419067383e-01
7.795071601867675781e+00
-6.756849288940429688e-01
1.491402387619018555e+00
3.325098276138305664e+00
2.629346847534179688e-01
-6.927083134651184082e-01
-2.996017411351203918e-02
-1.033652305603027344e+00
1.422077775001525879e+00
1.273054480552673340e+00
3.546533286571502686e-01
7.448647022247314453e-01
-3.997286856174468994e-01
7.297670841217041016e-02
-2.452268898487091064e-01
-7.592833638191223145e-01
-5.101364850997924805e-01
1.239081919193267822e-01
-2.355359941720962524e-01
8.082555532455444336e-01
9.768087267875671387e-01
-1.253422260284423828e+00
6.810921192169189453e+00
-1.528583884239196777e+00
1.984835863113403320e-01
2.224209308624267578e+00
2.944675207138061523e+00
2.019379377365112305e+00
7.807847857475280762e-01
3.135287046432495117e+00
-6.385472416877746582e-01
3.101884603500366211e+00
-1.835927926003932953e-02
-2.454704791307449341e-01
3.664111495018005371e-01
6.126221418380737305e-01
4.101526737213134766e-01
1.073116734623908997e-01
-5.671945810317993164e-01
-6.284705400466918945e-01
3.181377053260803223e-01
-1.666739284992218018e-01
-5.974634885787963867e-01
8.548760414123535156e-02
-7.141079902648925781e-01
-3.107520341873168945e-01
-6.373813748359680176e-01
2.226839214563369751e-01
-6.522765755653381348e-01
-3.610298037528991699e-01
4.466622471809387207e-01
8.514073491096496582e-01
4.016692936420440674e-01
2.137875556945800781e-02
2.257270738482475281e-02
-1.945943087339401245e-01
1.062572717666625977e+00
1.083010956645011902e-01
4.451102018356323242e-02
2.028149366378784180e-01
-1.406616270542144775e-01
3.177617490291595459e-01
-4.098579287528991699e-01
-1.253751665353775024e-01
5.898677110671997070e-01
-4.854173362255096436e-01
-5.104320645332336426e-01
5.291717648506164551e-01
1.461493670940399170e-01
5.285882949829101562e-02
1.428562849760055542e-01
-3.672179877758026123e-01
2.093675360083580017e-02
-2.270447462797164917e-02
2.544082701206207275e-01
-1.851042211055755615e-01
3.507323265075683594e-01
6.778814792633056641e-01
4.281246662139892578e-02
9.915394783020019531e-01
7.280831784009933472e-02
2.985409200191497803e-01
-4.493179917335510254e-01
1.182451009750366211e+00
1.274138450622558594e+00
9.596543312072753906e-01
1.461486332118511200e-02
-2.489691734313964844e+00
-1.088454499840736389e-01
1.469390541315078735e-01
1.317401528358459473e-01
-2.974607944488525391e+00
-1.961956620216369629e+00
-2.824223995208740234e+00
2.522054612636566162e-01
-1.929593235254287720e-01
1.848402172327041626e-01
-1.268016397953033447e-01
1.991015225648880005e-01
-3.026229441165924072e-01
-2.039486169815063477e-01
-8.252623677253723145e-01
-3.623063564300537109e-01
-1.426809430122375488e-01
-1.744311749935150146e-01
-5.135222338140010834e-03
5.735906586050987244e-02
2.104751318693161011e-01
2.300870716571807861e-01
5.731233954429626465e-02
9.144175797700881958e-02
-3.528097271919250488e-01
4.466505944728851318e-01
-3.527195215225219727e+00
-5.784718394279479980e-01
-2.105335712432861328e+00
-9.602252393960952759e-02
-1.409909129142761230e+00
-2.258795738220214844e+00
-6.247870326042175293e-01
-2.481982946395874023e+00
3.578491508960723877e-01
6.153848767280578613e-01
7.795592546463012695e-01
-1.886981010437011719e+00
5.982692241668701172e-01
-2.685636758804321289e+00
-8.230820894241333008e-01
