1.893692255020141602e+00
-1.466269046068191528e-01
8.565571904182434082e-02
4.822401046752929688e+00
3.967041254043579102e+00
1.434441685676574707e+00
2.219316720962524414e+00
3.363768100738525391e+00
-3.795126676559448242e-01
-9.253627806901931763e-02
1.411923885345458984e+00
1.381756424903869629e+00
-1.621465802192687988e+00
7.969269752502441406e-01
-3.043128252029418945e-01
-1.056008458137512207e+00
-1.248996853828430176e-01
5.986409783363342285e-01
1.406772136688232422e+00
1.761651158332824707e+00
5.297977447509765625e+00
5.283675789833068848e-01
5.135186910629272461e-01
-1.371514946222305298e-01
1.447272598743438721e-01
-2.440248131752014160e-01
-4.626428484916687012e-01
-4.062697291374206543e-01
-5.997982025146484375e-01
3.331027328968048096e-01
-1.775030344724655151e-01
7.258275985717773438e+00
7.426688194274902344e+00
1.330929470062255859e+01
1.533339977264404297e+01
1.020024013519287109e+01
1.750757980346679688e+01
1.921727943420410156e+01
2.336683082580566406e+01
2.548065376281738281e+01
2.753475379943847656e+01
1.271110653877258301e+00
-4.959001839160919189e-01
4.739370048046112061e-01
8.942142724990844727e-01
8.610016107559204102e-01
-4.424755573272705078e-01
-1.102142214775085449e+00
2.187537431716918945e+00
2.591555118560791016e+00
4.511660575866699219e+00
-6.431785821914672852e-01
-5.151325464248657227e-02
-3.932437300682067871e-01
-1.775208234786987305e+00
2.634922504425048828e+00
-2.252903461456298828e+00
2.632810354232788086e+00
2.489079475402832031e+00
-1.234225630760192871e+00
-7.846092581748962402e-01
1.198258027434349060e-01
-8.204866647720336914e-01
7.766090035438537598e-01
-8.577784299850463867e-01
5.788086652755737305e-01
-5.268388986587524414e-01
-2.215177714824676514e-01
-7.246561050415039062e-01
4.591874480247497559e-01
-5.920490026473999023e-01
7.115218043327331543e-02
4.535918831825256348e-01
2.414277553558349609e+00
-3.683650195598602295e-01
2.969635426998138428e-01
-8.168235421180725098e-01
6.155053153634071350e-02
1.852014303207397461e+00
-1.087052822113037109e+00
-1.819778800010681152e+00
8.267117142677307129e-01
-5.170648694038391113e-01
1.133465290069580078e+00
-4.866523265838623047e+00
2.327090054750442505e-01
2.430890947580337524e-01
-1.825473427772521973e+00
2.533156394958496094e+00
1.287486672401428223e+00
3.248262166976928711e+00
3.732309103012084961e+00
1.349853277206420898e-01
2.515756607055664062e+00
-1.784654855728149414e+00
5.575446128845214844e+00
-5.130762606859207153e-02
1.344205439090728760e-01
2.304471433162689209e-01
4.131968021392822266e-01
-2.614642083644866943e-01
-7.755960226058959961e-01
8.929569274187088013e-02
6.835970878601074219e-01
-2.067946672439575195e+00
5.497403740882873535e-01
-1.884721040725708008e+00
-4.066781699657440186e-02
1.861134022474288940e-01
4.341351389884948730e-01
-1.015097141265869141e+00
1.060991883277893066e+00
-1.024466514587402344e+00
-1.994874954223632812e+00
1.153434872627258301e+00
4.988456964492797852e-01
-1.831732504069805145e-02
1.750331521034240723e-01
1.226395815610885620e-01
-1.700381189584732056e-02
1.129930391907691956e-01
-4.843001067638397217e-01
-4.800194501876831055e-02
4.986013174057006836e-01
-5.344062447547912598e-01
8.976159691810607910e-01
4.104288518428802490e-01
2.207865864038467407e-01
-1.751494556665420532e-01
2.013361454010009766e-01
3.488695621490478516e-01
1.011402487754821777e+00
3.323824107646942139e-01
3.659605383872985840e-01
-4.780840277671813965e-01
6.090990900993347168e-01
-4.962737262248992920e-01
3.984658122062683105e-01
-1.669112443923950195e-01
2.647090435028076172e+00
-2.989404499530792236e-01
4.691363498568534851e-02
7.928371429443359375e-01
-3.942011594772338867e-01
-9.304201602935791016e-01
1.164893746376037598e+00
-1.201542019844055176e+00
-1.564968705177307129e+00
9.165719032287597656e+00
2.494169026613235474e-01
-1.767480224370956421e-01
9.555522799491882324e-01
8.883715867996215820e-01
7.072529196739196777e-02
4.388689622282981873e-02
5.199459195137023926e-01
-5.225667953491210938e-01
4.380592107772827148e-01
4.659660756587982178e-01
1.110772609710693359e+00
2.618976235389709473e-01
1.460134983062744141e+00
-1.948156356811523438e-01
-4.666739106178283691e-01
5.284983515739440918e-01
1.502328068017959595e-01
3.303911387920379639e-01
5.052321553230285645e-01
1.992880821228027344e+00
9.045646190643310547e-01
1.997818648815155029e-01
4.665284231305122375e-02
-3.137368261814117432e-01
-5.014337897300720215e-01
8.468387275934219360e-02
5.642193555831909180e-01
1.108607277274131775e-01
5.930373668670654297e-01
2.620341777801513672e-01
1.831919848918914795e-01
-4.554553627967834473e-01
7.322645187377929688e-02
-2.683686912059783936e-01
-6.670818328857421875e-01
-5.845886468887329102e-02
-3.410931825637817383e-01
-1.037807315587997437e-01
2.820199429988861084e-01
4.440605342388153076e-01
7.764508724212646484e-01
1.081118360161781311e-02
2.865532636642456055e-01
-1.193759217858314514e-01
1.228205263614654541e-01
7.880166918039321899e-02
6.878294982016086578e-03
2.178719192743301392e-01
2.141690105199813843e-01
-3.732215762138366699e-01
-2.266544103622436523e-01
-4.562560617923736572e-01
-2.971226572990417480e-01
5.924032330513000488e-01
-6.975196838378906250e+00
5.884247422218322754e-01
-2.322233915328979492e+00
1.318222135305404663e-01
6.776586771011352539e-01
1.218325048685073853e-01
5.063299536705017090e-01
6.942624449729919434e-01
5.811166167259216309e-01
1.997756510972976685e-01
8.041245341300964355e-01
7.154071331024169922e-01
7.389839887619018555e-01
1.310577541589736938e-01
1.237538009881973267e-01
9.275625348091125488e-01
3.975781798362731934e-01
3.009486794471740723e-01
4.885840415954589844e-01
6.628642082214355469e-01
9.556232690811157227e-01
2.864462137222290039e-01
9.248084425926208496e-01
2.485949173569679260e-02
5.551980137825012207e-01
6.339750885963439941e-01
1.058974042534828186e-01
1.403395980596542358e-01
4.191143214702606201e-01
9.662318825721740723e-01
5.960425734519958496e-01
9.330232143402099609e-01
8.043609261512756348e-01
4.673815965652465820e-01
7.847634553909301758e-01
1.783678308129310608e-02
1.091439947485923767e-01
8.294286131858825684e-01
7.968170642852783203e-01
2.326407432556152344e-01
5.307695865631103516e-01
6.060158014297485352e-01
8.677389621734619141e-01
6.031071543693542480e-01
4.125715792179107666e-01
3.741840422153472900e-01
4.258821010589599609e-01
6.519310474395751953e-01
8.674906492233276367e-01
4.538968801498413086e-01
2.478395700454711914e-01
2.366623580455780029e-01
7.460142970085144043e-01
8.165687918663024902e-01
1.052780821919441223e-01
6.655886024236679077e-02
5.944336652755737305e-01
1.461732387542724609e-01
1.649610877037048340e+00
1.005886077880859375e+00
-1.928303122520446777e+00
7.287338972091674805e-01
