2.124606370925903320e+00
7.512252330780029297e-01
5.485147237777709961e-01
-1.101268231868743896e-01
5.001684188842773438e+00
3.808788299560546875e+00
1.388959407806396484e+00
2.036443710327148438e+00
2.082494020462036133e+00
2.844948530197143555e+00
3.147806823253631592e-01
-3.027987182140350342e-01
9.980893135070800781e-02
1.596777439117431641e-01
-1.431162506341934204e-01
-1.887153685092926025e-01
-7.580507546663284302e-02
9.638833999633789062e-02
8.208836615085601807e-02
4.683310985565185547e-01
3.642175495624542236e-01
-1.170805841684341431e-01
1.306780576705932617e-01
-6.367781162261962891e-01
-6.904301047325134277e-02
-1.273532152175903320e+00
-1.484234184026718140e-01
2.090451568365097046e-01
8.886739611625671387e-01
2.074757367372512817e-01
-1.904069930315017700e-01
-1.281168609857559204e-01
-4.210992455482482910e-01
-5.598812177777290344e-02
1.250614412128925323e-02
-3.827065229415893555e-04
2.718428075313568115e-01
-6.017718315124511719e-01
1.380953639745712280e-01
-4.017331302165985107e-01
8.586791992187500000e+00
7.702832698822021484e+00
9.917708396911621094e+00
1.327323150634765625e+01
1.536924648284912109e+01
1.523574924468994141e+01
1.749053001403808594e+01
1.917465209960937500e+01
1.917435073852539062e+01
2.156539535522460938e+01
2.059943008422851562e+01
2.533024597167968750e+01
2.201731872558593750e+01
-1.425223946571350098e+00
-1.242980122566223145e+00
3.063678741455078125e-01
1.447089165449142456e-01
-9.976601600646972656e-02
4.806358516216278076e-01
-1.068253636360168457e+00
1.514452695846557617e+00
7.796320319175720215e-01
-6.791183352470397949e-02
3.434512019157409668e-01
1.797850251197814941e+00
-6.053283214569091797e-01
-5.119068622589111328e-01
4.679325222969055176e-01
6.317067146301269531e-01
2.894507348537445068e-01
-2.625555172562599182e-02
-2.825282514095306396e-01
4.478809237480163574e-01
1.586729437112808228e-01
-5.897173881530761719e-01
5.833206176757812500e-01
2.717406749725341797e-01
-3.346570730209350586e-01
2.424678206443786621e-01
6.805302109569311142e-03
-1.239089488983154297e+00
9.200924634933471680e-01
1.212117373943328857e-01
-1.066967323422431946e-01
7.244004011154174805e-01
3.650186657905578613e-01
-1.177620649337768555e+00
1.628765463829040527e-02
2.260360002517700195e+00
-1.993064433336257935e-01
3.005057275295257568e-01
-7.359054684638977051e-01
-1.977649182081222534e-01
-5.386745929718017578e-02
-4.577448591589927673e-02
-1.042038127779960632e-01
-1.623816192150115967e-01
6.706318855285644531e-01
7.890713214874267578e-02
-1.377963870763778687e-01
-1.600609660148620605e+00
-4.131146669387817383e-01
-3.063954710960388184e-01
1.310198605060577393e-01
1.772708415985107422e+00
-1.212283372879028320e+00
9.756086468696594238e-01
2.406140089035034180e+00
3.565319538116455078e+00
7.543706297874450684e-01
-9.657247066497802734e-01
-2.032646387815475464e-01
-4.406735897064208984e+00
1.522192597389221191e+00
-7.106642127037048340e-01
-6.195159912109375000e+00
6.713037490844726562e-01
-3.085513412952423096e-01
-2.497316449880599976e-01
-1.394989728927612305e+00
1.045484066009521484e+00
-1.191217541694641113e+00
-6.119018197059631348e-01
-7.982999831438064575e-02
4.105328023433685303e-01
-2.946565747261047363e-01
9.995377659797668457e-01
1.125749826431274414e+00
2.016675323247909546e-01
6.396089214831590652e-03
1.047747135162353516e-01
-1.079499363899230957e+00
8.647542595863342285e-01
-1.827367097139358521e-01
4.045520782470703125e+00
-3.283258438110351562e+00
2.250790596008300781e+00
2.017127275466918945e+00
-3.884059906005859375e+00
-8.247891068458557129e-01
-2.924393415451049805e+00
1.123557910323143005e-01
-3.944075703620910645e-01
5.054523468017578125e+00
1.892420053482055664e+00
5.586971715092658997e-02
-2.161362469196319580e-01
8.464548736810684204e-02
9.396227002143859863e-01
-2.710415124893188477e-01
6.221353411674499512e-01
3.010520935058593750e-01
-1.020456075668334961e+00
-9.281888008117675781e-01
-4.406518638134002686e-01
-1.385540843009948730e+00
1.559717357158660889e-01
-2.529475688934326172e-01
-1.929288059473037720e-01
-2.284415252506732941e-02
1.610672771930694580e-01
1.862180829048156738e-01
8.288115262985229492e-03
1.275085210800170898e-01
-5.101397037506103516e-01
3.950764834880828857e-01
4.564609527587890625e-01
4.163639247417449951e-01
9.045732021331787109e-02
-3.771235048770904541e-01
7.138480991125106812e-02
5.303384661674499512e-01
-1.796480268239974976e-01
-7.716386318206787109e-01
-2.729837298393249512e-01
1.805043220520019531e-02
-7.514382600784301758e-01
1.577045083045959473e+00
9.123469702899456024e-03
-7.940454483032226562e-01
5.694346427917480469e-01
-1.876660138368606567e-01
4.394317567348480225e-01
3.664863705635070801e-01
-2.675206586718559265e-02
-3.230687603354454041e-02
-4.562892317771911621e-01
5.642789006233215332e-01
4.938166439533233643e-01
-9.924927353858947754e-02
7.799736410379409790e-02
1.147395253181457520e+00
2.494258433580398560e-01
3.100704848766326904e-01
4.010658338665962219e-02
-9.483398199081420898e-01
2.404715776443481445e+00
-1.131183266639709473e+00
-6.776066422462463379e-01
-2.492363452911376953e+00
-4.385970830917358398e-01
5.240949392318725586e-01
6.393423080444335938e-01
1.601828932762145996e+00
-4.675638198852539062e+00
2.205651998519897461e+00
2.258813142776489258e+00
-6.122182607650756836e-01
2.849752902984619141e-01
1.297155320644378662e-01
8.150935173034667969e-01
-6.929637789726257324e-01
1.822634488344192505e-01
5.910809636116027832e-01
5.494174957275390625e-01
2.495006620883941650e-01
2.253675907850265503e-01
6.834974288940429688e-01
-8.665570616722106934e-02
-3.043254613876342773e-01
3.597148954868316650e-01
1.614618450403213501e-01
4.680104255676269531e-01
-3.596387207508087158e-01
9.572662711143493652e-01
-1.754159480333328247e-01
1.554946422576904297e+00
-1.710095643997192383e+00
-8.531035184860229492e-01
-4.401384353637695312e+00
2.306340694427490234e+00
2.837086200714111328e+00
3.970139920711517334e-01
-1.146352887153625488e+00
-1.323306560516357422e+00
-1.707846045494079590e+00
-1.398186922073364258e+00
4.542251825332641602e-01
-7.725463807582855225e-02
-8.442185074090957642e-02
5.854172632098197937e-02
-1.414097905158996582e+00
3.868485093116760254e-01
-1.042884290218353271e-01
6.311624646186828613e-01
-1.547290980815887451e-01
1.935234665870666504e+00
2.899063825607299805e-01
-1.108721852302551270e+00
3.940649330615997314e-01
2.263678014278411865e-01
-7.877705246210098267e-02
-2.602547705173492432e-01
-6.814758181571960449e-01
1.248660832643508911e-01
-9.301922470331192017e-02
-4.838157445192337036e-02
6.696484237909317017e-02
3.899764716625213623e-01
-8.160813595168292522e-04
1.068380624055862427e-01
1.880868226289749146e-01
-7.094671130180358887e-01
5.987312197685241699e-01
-2.030666172504425049e-01
1.394566595554351807e-01
8.554641008377075195e-01
-3.000119030475616455e-01
-1.297754287719726562e+00
4.291811883449554443e-01
2.276549100875854492e+00
-5.309784412384033203e-01
2.311883866786956787e-01
-5.282098650932312012e-01
-2.613578736782073975e-01
-2.370230481028556824e-02
1.224287748336791992e-01
9.518926143646240234e-01
9.177286177873611450e-02
7.105293273925781250e-01
4.308519959449768066e-01
1.427005678415298462e-01
-1.113361716270446777e+00
-2.061566114425659180e-01
-4.053021222352981567e-02
2.832655608654022217e-01
2.736145019531250000e+00
-1.504261374473571777e+00
7.095391154289245605e-01
3.706164360046386719e+00
4.366993904113769531e+00
4.307688474655151367e-01
-8.934177160263061523e-01
-2.131031304597854614e-01
-4.534601211547851562e+00
1.830203056335449219e+00
-7.915233969688415527e-01
-5.402554988861083984e+00
7.618902325630187988e-01
-2.293853610754013062e-01
-2.161206901073455811e-01
-1.199529528617858887e+00
1.542635798454284668e+00
-1.537502169609069824e+00
-6.082866787910461426e-01
-1.713778227567672729e-01
7.078237831592559814e-02
3.864926993846893311e-01
1.213095545768737793e+00
7.395707368850708008e-01
2.126802057027816772e-01
-2.015753984451293945e-01
4.195257425308227539e-01
-9.407994747161865234e-01
1.110947370529174805e+00
2.754756808280944824e-01
3.455487728118896484e+00
-2.837867498397827148e+00
1.425302386283874512e+00
1.849163293838500977e+00
-4.121466159820556641e+00
-9.574394226074218750e-01
-2.466643095016479492e+00
8.057370185852050781e-01
-1.515080690383911133e+00
5.894001960754394531e+00
1.754494071006774902e+00
-3.304196894168853760e-01
-2.126216143369674683e-01
-7.189041376113891602e-01
1.401850879192352295e-01
-3.566754162311553955e-01
1.925962567329406738e-01
5.611260235309600830e-02
-1.450419664382934570e+00
-1.319025516510009766e+00
-4.600446224212646484e-01
-4.113706350326538086e-01
-2.793981134891510010e-01
-3.258108198642730713e-01
-1.742800623178482056e-01
2.834272384643554688e-02
2.472896128892898560e-01
2.191068232059478760e-01
3.877376392483711243e-02
9.751389175653457642e-02
-6.022498011589050293e-01
9.573577642440795898e-01
3.668641149997711182e-01
-1.235287934541702271e-01
-3.305208384990692139e-01
-4.520701467990875244e-01
-2.681477367877960205e-01
3.255874812602996826e-01
-5.405933260917663574e-01
-1.612588316202163696e-01
-2.995768189430236816e-01
2.804517447948455811e-01
1.926539987325668335e-01
1.245183706283569336e+00
-8.352162241935729980e-01
-1.565353393554687500e+00
1.164536774158477783e-01
-2.726943194866180420e-01
1.844743192195892334e-01
3.227433562278747559e-01
1.114945784211158752e-01
-5.544753745198249817e-02
-3.058918565511703491e-02
4.816198945045471191e-01
-1.161293461918830872e-01
-1.374101340770721436e-01
-1.108761206269264221e-01
1.181290984153747559e+00
-1.395812183618545532e-01
2.137360870838165283e-01
-1.432608217000961304e-01
-1.147644519805908203e+00
2.722002029418945312e+00
-8.494145870208740234e-01
-1.067486405372619629e+00
-3.165395021438598633e+00
-7.259500026702880859e-01
4.453295171260833740e-01
3.148652017116546631e-01
1.475797176361083984e+00
-5.512693405151367188e+00
2.671536922454833984e+00
2.659517288208007812e+00
4.408074542880058289e-02
6.987168639898300171e-02
7.595545612275600433e-03
5.458604693412780762e-01
-1.154554486274719238e+00
1.166700243949890137e+00
-7.938379049301147461e-01
-3.273289203643798828e-01
-4.373915791511535645e-01
-1.327516883611679077e-01
1.908446401357650757e-01
-4.777573347091674805e-01
-2.029486149549484253e-01
2.145891785621643066e-01
-1.323098689317703247e-01
-4.208547621965408325e-02
-6.982830762863159180e-01
8.926665782928466797e-02
-9.951390027999877930e-01
1.777130365371704102e+00
-7.908113598823547363e-01
-5.184225440025329590e-01
-5.514354705810546875e+00
3.213622570037841797e+00
3.240848064422607422e+00
-7.985523939132690430e-01
1.050133854150772095e-01
-2.048104047775268555e+00
-8.678159713745117188e-01
2.358918905258178711e+00
-5.895426869392395020e-01
-1.307204961776733398e+00
-1.463945984840393066e+00
