1.900033593177795410e+00
-1.912571191787719727e+00
1.367452979087829590e+00
4.960234165191650391e+00
3.829485893249511719e+00
-1.079577684402465820e+00
2.297644138336181641e+00
3.453287363052368164e+00
7.143483757972717285e-01
1.710225194692611694e-01
3.759637102484703064e-02
-3.950319528579711914e+00
-5.749835371971130371e-01
2.462853044271469116e-01
5.086777806282043457e-01
-1.394031047821044922e+00
3.159916877746582031e+00
-1.885894179344177246e+00
2.517591476440429688e+00
-1.958997726440429688e+00
-4.565479278564453125e+00
1.405991077423095703e+00
9.783173352479934692e-02
-1.226749494671821594e-01
-3.194345831871032715e-01
1.382520675659179688e+00
6.681019067764282227e-01
-3.501820862293243408e-01
-2.459912598133087158e-01
-2.091739773750305176e-01
-1.176908850669860840e+00
7.850395202636718750e+00
1.018788051605224609e+01
1.330720615386962891e+01
1.532319355010986328e+01
1.264688682556152344e+01
1.735078811645507812e+01
1.921953582763671875e+01
2.281300163269042969e+01
2.018066787719726562e+01
2.150168800354003906e+01
4.628565162420272827e-02
-1.380660772323608398e+00
1.219209551811218262e+00
-4.099526107311248779e-01
-2.011718034744262695e+00
7.946215271949768066e-01
-9.128116071224212646e-02
-2.513786077499389648e+00
-4.553756237030029297e+00
3.199530363082885742e+00
6.923284530639648438e-01
2.351907640695571899e-01
5.940812230110168457e-01
3.170177936553955078e-01
-1.870121240615844727e+00
-1.670475304126739502e-01
-2.680984735488891602e-01
-1.126481771469116211e+00
-1.304024100303649902e+00
-8.942951560020446777e-01
-3.375501558184623718e-02
1.636941432952880859e+00
-1.351621747016906738e+00
1.336489200592041016e+00
-7.365022897720336914e-01
2.246956825256347656e+00
1.397665977478027344e+00
-6.500017642974853516e-01
-5.767608642578125000e+00
-1.223964214324951172e+00
-2.174767702817916870e-01
1.672332286834716797e+00
-9.490078687667846680e-01
4.902439117431640625e+00
-1.854495048522949219e+01
1.609988975524902344e+01
-4.621037483215332031e+00
1.274722290039062500e+01
-2.503634071350097656e+01
-1.884424972534179688e+01
9.562993049621582031e+00
-2.686836481094360352e+00
3.028478860855102539e+00
-5.207157611846923828e+00
-1.704413414001464844e+01
1.278900742530822754e+00
-2.940250396728515625e+00
2.519089698791503906e+00
2.830240726470947266e+00
1.523730039596557617e+00
2.822493791580200195e+00
-4.306841850280761719e+00
-1.633208394050598145e+00
4.936125755310058594e+00
2.565350914001464844e+01
-1.752963960170745850e-01
2.986606657505035400e-01
-7.372364401817321777e-01
6.556871533393859863e-01
1.782181501388549805e+00
-6.108958721160888672e-01
-9.234558343887329102e-01
1.585247755050659180e+00
8.820542693138122559e-01
-8.312744498252868652e-01
2.147855609655380249e-01
-6.282212585210800171e-02
-1.684068585745990276e-03
1.470984697341918945e+00
-7.991216331720352173e-02
5.030935406684875488e-01
3.591288626194000244e-01
3.712038993835449219e-01
-3.581825196743011475e-01
7.560583353042602539e-01
1.762236803770065308e-01
-4.895581603050231934e-01
-9.227442145347595215e-01
4.131677448749542236e-01
-1.118090227246284485e-01
3.572258949279785156e-01
1.131621360778808594e+00
6.447016000747680664e-01
2.426686882972717285e-01
1.503305792808532715e+00
-2.944824695587158203e-01
4.874996840953826904e-01
-1.384075641632080078e+00
-2.448144197463989258e+00
1.907865762710571289e+00
3.329838037490844727e+00
-2.433066844940185547e+00
1.180724620819091797e+00
-4.220340728759765625e+00
-7.482244491577148438e+00
-1.453459501266479492e+00
7.214000821113586426e-01
-1.220627665519714355e+00
2.536700725555419922e+00
3.016855239868164062e+00
1.227359324693679810e-01
1.132758975028991699e+00
1.098354905843734741e-01
5.134721472859382629e-02
1.176619172096252441e+00
-8.346517086029052734e-01
2.631923198699951172e+00
1.712066769599914551e+00
-4.472376823425292969e+00
-6.226967811584472656e+00
1.350688695907592773e+00
-1.854382269084453583e-02
9.265622496604919434e-02
6.675716638565063477e-01
1.448297351598739624e-01
-4.501634538173675537e-01
6.013500094413757324e-01
-4.076192378997802734e-01
1.711421370506286621e+00
1.114523530006408691e+00
-3.427249789237976074e-01
6.539522111415863037e-02
4.648105427622795105e-02
-1.452688932418823242e+00
-1.738872006535530090e-02
-2.430043518543243408e-01
6.035026311874389648e-01
-2.510752975940704346e-01
5.886226892471313477e-02
-5.008865520358085632e-02
1.988355070352554321e-01
5.713794234907254577e-05
-7.531974464654922485e-02
-8.221834152936935425e-02
-2.388113439083099365e-01
-2.632495760917663574e-02
4.778628796339035034e-02
-4.655989706516265869e-01
-7.707495093345642090e-01
6.588929295539855957e-01
2.885114587843418121e-02
9.708864688873291016e-01
-6.457180380821228027e-01
-4.260090366005897522e-02
6.174628257751464844e+00
9.355640504509210587e-04
6.050889492034912109e-01
4.644984900951385498e-01
7.423341870307922363e-01
-7.040891051292419434e-01
-2.259713888168334961e+00
8.788295984268188477e-01
-1.758830070495605469e+00
2.769689798355102539e+00
4.915581345558166504e-01
-7.446230947971343994e-02
5.507856011390686035e-01
-1.399855017662048340e+00
-3.136652112007141113e-01
-1.733162641525268555e+00
2.797085523605346680e+00
4.297403097152709961e-01
-6.053921222686767578e+00
1.380866169929504395e-01
2.461265474557876587e-01
9.320321679115295410e-01
4.756417274475097656e-01
3.159891664981842041e-01
4.761939942836761475e-01
2.240465730428695679e-01
9.077824354171752930e-01
4.653570055961608887e-02
3.738477230072021484e-01
2.775316238403320312e-01
3.924008458852767944e-02
3.343597352504730225e-01
4.911054074764251709e-01
2.910937666893005371e-01
8.766651153564453125e-01
8.443933725357055664e-01
7.544108480215072632e-02
4.050055444240570068e-01
9.848250746726989746e-01
1.755870282649993896e-01
1.996410042047500610e-01
5.864331126213073730e-01
3.042375901713967323e-03
5.084465742111206055e-01
2.550949454307556152e-01
7.087686061859130859e-01
3.393608629703521729e-01
7.488669753074645996e-01
2.378352433443069458e-01
6.970619559288024902e-01
7.067395746707916260e-02
5.318808555603027344e-01
1.495633721351623535e-01
2.224908769130706787e-01
5.847778916358947754e-01
7.586930990219116211e-01
1.211324036121368408e-01
4.996375441551208496e-01
9.336385726928710938e-01
5.463808178901672363e-01
6.975462436676025391e-01
9.962732195854187012e-01
1.891386210918426514e-01
2.441800236701965332e-01
3.313083350658416748e-01
9.427832961082458496e-01
3.471058607101440430e-01
2.826417684555053711e-01
8.003565669059753418e-01
3.500792682170867920e-01
3.349133133888244629e-01
7.666299343109130859e-01
9.088870882987976074e-01
3.771968781948089600e-01
5.099519491195678711e-01
4.782100617885589600e-01
2.090898752212524414e+00
1.049493432044982910e+00
-1.849168181419372559e+00
7.297641634941101074e-01
