5.536199671809425293e-01
1.615053589822019520e+00
2.302596500404355151e+00
2.959317904829157797e+00
-1.092242999423628902e+00
6.103386097356620965e+00
1.847047699534314802e+00
1.124950019700744708e+00
5.917872376069494011e-01
2.298276468396173833e+00
4.991744126491513139e-02
9.432558951703706729e-01
-1.916049501991196724e+00
7.382789332260378146e+00
-9.591079669912072614e-01
-2.987991842823377819e+00
-5.210068839748859482e+00
-2.608495333569068819e+00
5.721905483748787047e-01
-6.645737308100039265e-01
2.205935127838621612e-01
2.103411700744525437e+00
-9.826659770367603131e-02
-2.068712638771687262e-01
1.524586830243140012e+00
-1.982127491050384993e-01
4.122154818242045327e-01
1.436351018937003232e-01
-6.615659092100195648e-01
-1.736366072744734701e-01
1.094880386881633312e-02
-4.199344260243472182e-01
-1.104679992829904700e+00
-2.353428897343700088e-01
4.308530560344777660e-01
2.036364866522342720e-01
-3.480510279891435577e-02
1.167498824298591892e-01
7.831826336444544512e-02
-2.015472950427675269e-01
1.045296896628021832e-01
1.348958523104067109e-01
-4.464317591040580790e-01
-1.695148260483882563e+00
1.260786781825996850e-01
3.801781045488498156e-01
-2.229408537601166529e+00
2.415480865219431575e-02
2.299005654474499134e-03
5.684387230471628083e-01
2.835608157905968995e-03
1.258820324438687244e-01
-1.527460756229388927e+00
8.114787787220252291e-01
5.636075403690190555e-01
-2.751937535541998381e-02
2.181242325848761432e+00
7.473034875993622705e-02
2.073001703879087554e+00
3.506850859585300406e-01
1.779005874245415952e-01
1.169747201487425281e+00
1.215903088947708266e+00
2.804562112545355146e-01
2.883256285268246399e-01
5.636929997733987063e-01
6.498687314881830268e-01
-8.881184790901520965e-02
1.430630907542589592e+00
-8.156283025864303760e-01
1.759982182565604125e+00
1.852106782160922449e-01
1.151948795257777824e+00
1.560463860185773988e-01
9.407363700322373123e-01
-1.225382181535055626e+00
-1.331923947783962281e-01
5.567061302483563567e-01
-2.645772689062164673e-01
6.380993124245831538e+00
3.271655830394859965e+00
1.082308909653070472e+00
-6.438573706442211886e-02
1.255083459984776217e+00
3.587225985609062556e-02
-2.958182785323880126e-01
2.148292451638807166e-01
9.847169941939125648e-01
1.810885444788336018e-01
5.659520438919688617e-02
-2.433711079637409375e-02
3.875163235180167920e-01
