1.938483268022537231e-01
2.234193831682205200e-01
2.251799702644348145e-01
1.459593325853347778e-01
2.012859582901000977e-01
1.039323136210441589e-01
2.104815244674682617e-01
-7.597196847200393677e-02
-1.770985871553421021e-02
1.680879592895507812e-01
2.979622185230255127e-01
-1.283963955938816071e-02
7.342968881130218506e-02
8.139223791658878326e-03
3.059424459934234619e-01
3.087736666202545166e-01
2.001057267189025879e-01
2.758245766162872314e-01
1.449731290340423584e-01
2.882136702537536621e-01
-1.093980744481086731e-01
-2.901534177362918854e-02
2.323752790689468384e-01
4.114652574062347412e-01
-9.433126077055931091e-03
1.055224537849426270e-01
1.035813894122838974e-02
-4.253205843269824982e-03
-1.015435438603162766e-02
-1.605272293090820312e-03
-1.943337032571434975e-03
-1.118239248171448708e-03
-5.933381617069244385e-03
-3.449806012213230133e-03
2.216423163190484047e-03
5.246461834758520126e-03
3.281107638031244278e-03
2.225668868049979210e-03
1.380633097141981125e-02
-1.513156667351722717e-02
1.281969261169433594e+01
1.398500919342041016e+01
1.266812610626220703e+01
1.548689460754394531e+01
1.705701446533203125e+01
2.030983161926269531e+01
1.890190505981445312e+01
2.258214759826660156e+01
2.632480049133300781e+01
2.654032135009765625e+01
2.881175041198730469e+01
3.014970397949218750e+01
3.226299285888671875e+01
2.851989269256591797e-01
-7.200894951820373535e-01
-2.486316204071044922e+00
-5.433635115623474121e-01
-3.506610989570617676e-01
1.950466871261596680e+00
-1.874230027198791504e+00
5.179318189620971680e-01
-2.309373207390308380e-02
2.122199058532714844e+00
3.046162605285644531e+00
-9.043306112289428711e-01
-6.130047440528869629e-01
-2.502697944641113281e+00
-5.643189907073974609e+00
-5.740014314651489258e-01
-1.201923251152038574e+00
4.721682965755462646e-01
-3.484791755676269531e+00
-1.983540505170822144e-01
2.422389268875122070e+00
2.169895648956298828e+00
1.972547054290771484e+00
2.532930850982666016e+00
-3.618851661682128906e+00
-4.286668777465820312e+00
-1.706042051315307617e+00
-1.583892464637756348e+00
-2.450154781341552734e+00
-3.152325153350830078e+00
-9.198284745216369629e-01
-1.168672204017639160e+00
1.719418525695800781e+00
4.979794979095458984e+00
-1.506322145462036133e+00
-5.294084072113037109e+00
2.963819354772567749e-02
7.700033187866210938e-01
-3.357990384101867676e-01
2.520740032196044922e-01
-1.159479022026062012e-01
1.040049910545349121e+00
3.741700351238250732e-01
1.272501230239868164e+00
-1.659850478172302246e+00
-1.244410514831542969e+00
2.929866075515747070e+00
-1.409085392951965332e+00
-4.303909838199615479e-02
1.316777348518371582e+00
1.235806345939636230e+00
1.092310786247253418e+00
2.500814199447631836e+00
3.287727117538452148e+00
-1.869421824812889099e-02
1.158977627754211426e+00
-1.743864774703979492e+00
-1.249695494771003723e-01
1.215401411056518555e+00
-9.847101569175720215e-02
-3.728598952293395996e-01
-1.116869211196899414e+00
8.331193774938583374e-02
-3.456021845340728760e-01
1.074183955788612366e-01
-1.280532479286193848e-01
2.463274478912353516e+00
1.025567293167114258e+00
-9.586468338966369629e-01
-3.994816780090332031e+00
-6.426658630371093750e-01
8.628115653991699219e-01
1.084010958671569824e+00
-7.807890772819519043e-01
1.010460853576660156e-01
1.028341770172119141e+00
-1.639732599258422852e+00
7.997956871986389160e-01
1.406967043876647949e-01
2.908059358596801758e-01
3.055773675441741943e-02
-1.914827227592468262e-01
-1.656608819961547852e+00
-7.574279308319091797e-01
3.183014869689941406e+00
-3.325518131256103516e+00
-1.482891678810119629e+00
4.677165031433105469e+00
-1.339617252349853516e+00
9.864538311958312988e-01
-8.686129570007324219e+00
-1.328781485557556152e+00
7.026346325874328613e-01
-3.366313874721527100e-01
7.620901465415954590e-01
4.780979081988334656e-02
1.276964664459228516e+00
-6.074319481849670410e-01
-3.843075931072235107e-01
-1.038294196128845215e+00
-7.040594220161437988e-01
8.085174560546875000e-01
4.911399841308593750e+00
-6.626701354980468750e-02
1.798121184110641479e-01
2.881531417369842529e-01
-3.026923537254333496e-01
6.926508992910385132e-02
-1.217215657234191895e+00
1.200941577553749084e-01
4.644970297813415527e-01
3.807497024536132812e-01
1.824940294027328491e-01
-1.471952557563781738e+00
-8.906931281089782715e-01
1.068025901913642883e-01
6.453948467969894409e-02
-1.829760521650314331e-01
1.438023090362548828e+00
3.427892327308654785e-01
6.252465844154357910e-01
-1.837898612022399902e+00
7.297663092613220215e-01
1.491950601339340210e-01
1.006899952888488770e+00
-1.350055634975433350e-01
-2.941902875900268555e-01
-7.912443876266479492e-01
-9.800051450729370117e-01
3.869820758700370789e-02
-2.637348771095275879e-01
1.493602871894836426e+00
6.871451623737812042e-03
1.502968668937683105e+00
-4.460714757442474365e-01
-1.312320590019226074e+00
-1.149524211883544922e+00
-7.406170368194580078e-01
-1.331671476364135742e+00
-9.823052883148193359e-01
-1.264633536338806152e-01
-5.545331835746765137e-01
1.215592384338378906e+00
1.238844916224479675e-01
-1.423524022102355957e+00
2.219335794448852539e+00
-1.793005131185054779e-02
1.346127837896347046e-01
3.514074087142944336e-01
7.727140188217163086e-01
1.228052258491516113e+00
-7.041923999786376953e-01
-1.543758809566497803e-01
2.441692650318145752e-01
1.324204355478286743e-01
-2.344046533107757568e-01
-2.700175046920776367e-01
1.168399453163146973e+00
6.768144369125366211e-01
5.146862268447875977e-01
4.025578200817108154e-01
6.256288886070251465e-01
-4.069242477416992188e-01
6.183227300643920898e-01
1.809556126594543457e+00
1.162883639335632324e+00
8.535544872283935547e-01
-4.961590468883514404e-01
3.433124125003814697e-01
-1.050860047340393066e+00
-1.132491707801818848e+00
1.755612641572952271e-01
-8.527035713195800781e-01
6.381851434707641602e-01
-1.402751922607421875e+00
1.012146472930908203e+00
1.189087986946105957e+00
-9.842775017023086548e-02
-1.163435578346252441e+00
2.789021492004394531e+00
-4.639062583446502686e-01
3.788443565368652344e+00
-3.587711155414581299e-01
2.503998756408691406e+00
4.178639411926269531e+00
2.346880912780761719e+00
7.126415967941284180e-01
-3.419461488723754883e+00
4.118436813354492188e+00
2.057443112134933472e-01
1.767561554908752441e+00
-3.313409328460693359e+00
-7.988479614257812500e+00
4.164104938507080078e+00
1.024888753890991211e+00
2.967666149139404297e+00
2.125308752059936523e+00
-2.446751743555068970e-01
3.778202056884765625e+00
4.984341144561767578e+00
4.455804824829101562e+00
-7.433185577392578125e-01
-1.160537481307983398e+00
3.308913946151733398e+00
1.303820848464965820e+00
-2.312327623367309570e+00
-4.504915475845336914e-01
-6.326220035552978516e-01
2.674644947052001953e+00
1.614520430564880371e+00
6.255076885223388672e+00
-6.125566005706787109e+00
3.848660886287689209e-01
1.413467884063720703e+00
1.265269279479980469e+01
4.448816299438476562e+00
-3.710596084594726562e+00
-2.781511545181274414e-01
-2.119778841733932495e-01
-9.629016518592834473e-01
2.365312814712524414e+00
-1.281972765922546387e+00
-7.242771983146667480e-01
-6.118663549423217773e-01
2.089830636978149414e+00
-1.698039889335632324e+00
5.958180427551269531e+00
1.113312363624572754e+00
-2.114273548126220703e+00
-2.166322469711303711e+00
-8.965836763381958008e-01
-3.852366447448730469e+00
1.061659097671508789e+00
1.500114500522613525e-01
6.267887115478515625e+00
-7.361416339874267578e+00
-4.977951049804687500e+00
-1.259992361068725586e+00
3.263350963592529297e+00
1.746769845485687256e-01
-2.991792187094688416e-02
-1.477141618728637695e+00
-1.166149854660034180e+00
6.487451553344726562e+00
1.051574420928955078e+01
1.441225558519363403e-01
3.197454690933227539e+00
-1.565466046333312988e+00
-3.774250030517578125e+00
1.902083158493041992e+00
1.837538033723831177e-01
-4.158030509948730469e+00
7.095509052276611328e+00
-2.426084518432617188e+00
5.621447414159774780e-02
3.582834005355834961e+00
4.298980712890625000e+00
1.710613250732421875e+00
7.418512701988220215e-01
-7.094066143035888672e-01
-1.634363889694213867e+00
-1.935261368751525879e+00
-5.398228764533996582e-01
-1.135881543159484863e-01
-1.249164700508117676e+00
1.569146633148193359e+00
5.555107116699218750e+00
7.079337537288665771e-02
3.079376220703125000e+00
1.644273042678833008e+00
7.726119160652160645e-01
-5.679906368255615234e+00
-2.331818193197250366e-01
3.458384990692138672e+00
-4.302174746990203857e-01
-8.097509145736694336e-01
-1.031445264816284180e+00
-7.646265625953674316e-01
-3.269229233264923096e-01
8.269228339195251465e-01
2.488773822784423828e+00
3.943175792694091797e+00
2.481346607208251953e+00
-2.210245370864868164e+00
-3.718266487121582031e+00
-2.963313758373260498e-01
-2.940895408391952515e-02
4.258705139160156250e+00
-6.202426552772521973e-01
-2.637703180313110352e+00
-3.341797590255737305e+00
-2.246979713439941406e+00
-5.978941917419433594e-01
-2.828208684921264648e+00
-4.473523497581481934e-01
2.349045038223266602e+00
-1.770679831504821777e+00
3.314963817596435547e+00
-4.044184684753417969e+00
-2.776854038238525391e+00
-1.969890743494033813e-01
-2.333418607711791992e+00
-6.179308891296386719e-01
-2.087094306945800781e+00
1.626743793487548828e+00
3.284516811370849609e+00
3.630561351776123047e+00
-6.018850326538085938e+00
3.519901514053344727e+00
1.673088073730468750e+00
1.360054969787597656e+00
1.166985869407653809e+00
-2.975408919155597687e-02
2.206339836120605469e-01
1.310430407524108887e+00
-1.226916432380676270e+00
3.421355009078979492e+00
-5.983382463455200195e-01
-4.526694416999816895e-01
1.849902391433715820e+00
4.147962331771850586e-01
1.458272457122802734e+00
-1.350323796272277832e+00
-1.422231674194335938e+00
3.577785491943359375e+00
-3.216014623641967773e+00
3.561128616333007812e+00
-4.685404777526855469e+00
-5.246338248252868652e-01
1.446140110492706299e-01
-3.354567885398864746e-01
2.181302309036254883e+00
3.176325559616088867e+00
-4.260188102722167969e+00
6.386883258819580078e-01
-5.001332759857177734e+00
3.921968638896942139e-01
-8.771005868911743164e-01
1.360394120216369629e+00
1.683170557022094727e+00
2.600710868835449219e+00
-2.274483442306518555e+00
4.589396715164184570e-01
1.126136016845703125e+01
8.599627614021301270e-01
1.625514388084411621e+00
1.226429224014282227e+00
8.070223808288574219e+00
7.598900794982910156e-01
1.348804950714111328e+00
-9.746736884117126465e-01
4.401872634887695312e+00
9.626765251159667969e-01
6.896094083786010742e-01
2.432028651237487793e-01
-1.216707825660705566e+00
-4.528702735900878906e+00
1.868387818336486816e+00
-8.737318038940429688e+00
-3.232992887496948242e+00
1.004464626312255859e+00
-5.461125850677490234e+00
-4.756276130676269531e+00
2.761520385742187500e+00
8.105134218931198120e-02
4.801952540874481201e-01
2.823427319526672363e-02
1.195545792579650879e+00
2.046833276748657227e+00
