5.012317920277065131e-01
1.956242705671308091e+00
6.637192502583370013e-01
5.673815654944746045e-01
6.003213396078447284e-01
5.675140539670280315e-01
6.807174558624851102e-01
9.051371532242447060e-01
4.385615743103705721e-01
5.167530859988712644e-01
6.449483134568041454e-01
-5.056288309142355220e-02
5.014527251239646599e-01
4.285337415955310925e-01
9.995814168861696380e-01
8.897373251856138809e-01
9.802656697125021745e-01
1.322028017059549754e+00
1.127449408797589481e+00
1.496906898802833785e+00
1.031957946274196569e+00
1.171697304646295290e+00
1.084808086215309331e+00
6.649175336328900787e-01
-3.310430278937765980e-01
-2.641983870943496182e-01
5.683944291470158783e-01
7.066313589490114122e-01
-1.238630986543328483e+00
7.121624709130331965e-01
9.221667589704127810e-01
8.208490342473895307e-01
-2.025981347176800118e-01
1.968476004026562254e-01
-1.769590723333043514e-01
-4.028984248820134395e-01
3.659935367647814131e-01
2.180020134097682971e-01
1.053950643112713026e+00
1.353183165036255575e+00
6.101412071375130530e+00
1.095092107902333689e+00
1.669573606204817429e+00
1.828378674664475900e+00
3.161258297124400318e+00
4.082769766100267539e+00
4.105635627622739925e+00
4.076341975681990526e+00
6.142608125099939365e+00
6.081092877425703591e+00
7.906291363035523823e+00
9.281526102812170720e+00
8.724076024440464039e+00
8.105973100881762150e+00
1.200183847843267770e+01
1.145482487597615773e+01
1.182174100863541533e+01
1.337846056331904698e+01
1.414448978294219295e+01
1.434947884006623298e+01
1.570798775392142232e+01
1.703062068459640699e+01
1.571321758468816121e+01
1.788461324222055993e+01
1.936992148157585092e+01
2.178819055887266387e+01
1.893603301157589769e+01
1.989759177067903906e+01
2.014806599733894288e+01
2.152785130451602313e+01
2.217999417483203928e+01
2.224955154069442287e+01
2.173830444832324460e+01
2.336423011034686681e+01
2.575070207078997697e+01
2.393184883895565207e+01
2.700533093596366641e+01
2.796417157590324010e+01
2.821267420854087504e+01
2.930990179101506854e+01
2.942726009842887791e+01
-6.829092548024907616e-01
1.918693832250512044e-01
1.651800476557687247e+00
-1.752629870957586711e+00
8.924688112324437039e-01
1.306836849771404907e+00
-7.131853089499734510e-01
-1.064355597449739843e+00
-1.686847259620755102e-01
-9.856268211336864926e-01
8.702286918823594064e-01
-2.908656664082925197e-02
2.326427499985816105e+00
4.643722334443803335e-01
5.057176463560333346e-01
-3.412538528725732601e-01
7.272275954553758526e-01
1.471609203610120264e+00
1.094075042526508001e+00
-4.836977459591869088e-01
-2.474851000853830751e-01
-4.469133648573812012e-01
1.222914527936433231e-02
-1.414655729568308873e+00
-9.049258728077733682e-01
2.406713385401871574e-01
-5.443908561023608206e-01
-4.287438512185663964e-01
3.130985760503540161e-01
-4.766576370597921941e-02
3.851349531774785062e-02
3.298764733455940013e-01
-4.162585000109534583e+00
-5.027855068492764756e-01
4.950329128139064339e-01
-6.890002476713878998e-01
2.048036141598282622e+00
-4.396397638928960738e+00
8.176627580733265788e+00
4.312426612277902471e+00
-9.471415662663736912e-01
-7.481136434300557081e-01
-5.377947847668538284e-01
2.466258173977581070e+00
1.339061726511205919e+00
-6.768509785121480382e-01
-1.318317254846852027e+00
1.825952172196177725e-01
-2.878582206862073667e-01
-4.548257836239162633e-02
6.161757182199914529e-02
1.039123190950516307e+00
8.499520289066523349e-01
1.653891851547181213e-01
-6.014126554963316051e-01
2.018686073674929443e-02
1.333103151668498521e-01
1.597256487292038341e-01
-3.171932554823566064e-01
-1.035220381839652593e+00
-5.930245801406662798e-01
-5.857274953641072868e-01
-7.349009458109894144e-01
-8.066209418561726130e-01
-9.460818589857177274e-01
-6.268584751600674299e-01
-4.093659456887938086e-01
-8.759238142048640929e-01
-8.143631477132661223e-01
-2.388062212864640599e-01
9.202807637432331989e-01
-8.596980388596416889e-01
6.990841328921624243e-01
-1.155980536548187193e-01
7.659020949805865619e-02
9.455444696837275176e-01
-2.026669105585563901e+00
3.706892423224465105e+00
-2.681760297330861298e-01
-1.632833437604541471e+00
2.628993825334563272e+00
1.299155620393092070e+00
1.849953839653051268e+00
-1.194973451163884981e+00
-1.539597844741331212e+00
1.058671944669853371e+00
-4.686324045268212557e-01
1.568779004776277075e+00
1.385748761683471553e-01
-1.595788357618064035e+00
2.913247288605419483e-01
1.187592867817546027e+00
-5.426210210480267998e-02
-7.533716321147081174e-02
1.007626535751053209e+00
1.312001512118745605e+00
7.388147244799059266e-01
4.681683783454653608e-02
-9.211729047268937265e-01
-1.595645017381638109e+00
-1.067200590367326729e+00
6.193068317853712285e-02
-2.054909859890798052e-01
-6.025694798262498653e-01
3.227903243029291991e-01
-4.709208046311261220e-01
5.431833451040560951e-02
-6.174353618607670846e-01
7.678734566280487339e-01
-1.876902404945966385e+00
8.504560372415385094e-01
-1.049632782942403253e+00
1.118588889529034569e+00
5.780046171571797675e-01
-1.630457962804415795e+00
4.704888481578199944e+00
3.570838049863557462e+00
-4.063401656380051463e+00
5.273000261385824006e-01
-3.700111102161064980e-01
-2.622837962448119953e+00
-1.569915526507730030e+00
-4.598953313987367286e-01
-7.340255884371282846e-01
-7.475668726792560337e-01
-2.286589676749732014e+00
-6.746956391044103274e-01
-1.245772388916167817e+00
-2.111052532651997105e+00
-1.036620303581985869e+00
-2.607223710808066475e-01
1.655081216927359211e+00
-1.236142408070329823e+00
-1.346265050340903935e+00
-3.737961397360186400e+00
-1.082526952108359142e+00
-4.624681665198253633e+00
-1.192061681012221763e+00
-1.493136377667437786e+00
-9.080235843087881564e-01
-1.130404541075751057e+00
-1.210122935791113852e+00
-4.805948385601640366e-02
-1.386540223595193355e+00
-9.640272522299265789e-01
3.973311017440423143e+00
-2.354268225300565565e+00
-7.283101111227162187e-03
-5.982162266662609945e-02
-3.068189347121526023e+00
-2.402909934414875437e+00
-5.089168905573488111e+00
1.827208368841372721e+00
-9.027859134126194007e+00
-1.175460869392791263e+00
2.333935642117008769e+00
-9.601981353619241100e-01
3.135206152510385813e+00
9.356011304593394584e-01
-9.783026865733317201e-02
6.143004577080287687e-01
-1.533061842986520817e+00
1.962689873685781849e+00
9.499622360484374362e-01
1.150621699579261609e-01
2.042983183668965474e-01
5.066217511255435291e-01
4.077227071331475661e-01
-7.770280391963887423e-01
2.091174404660766761e+00
8.066917321120641304e-01
2.212348069554581909e-01
-9.153918711136531661e-01
2.178593914467874093e+00
-7.799656265094805363e-01
4.600019287469375162e-01
5.651327551016748219e-01
-5.641751427167598365e-01
-1.364507019557114287e+00
7.961495282760384651e-01
-4.499207235250005654e-01
-1.695083982684668922e-01
-2.309526035212894346e-01
-1.200328779695147174e+00
1.191740788837291509e+00
-2.225802826799677003e+00
1.042290638836079752e+00
1.033624875546438782e+00
1.473248780857286111e-01
9.845216789176314265e-01
-1.143979733345526162e+00
1.619525919856703577e-01
8.780192588931323705e-01
-1.679168910662008019e+00
1.028117554308226184e-01
3.049315026244996396e+00
-4.546322578504980588e-02
-5.889922465381174366e-01
1.246949263048904299e+00
1.631530364091848595e+00
6.147945386324836781e-01
3.165772900538771917e-01
5.475059198984910669e-01
2.277536627237861655e+00
1.192480415533561322e+00
2.077261257880543166e+00
3.966139206017348928e-01
-1.166669789328019124e+00
1.308755348113131101e+00
1.317562987116906115e+00
9.092269770370593751e-02
-2.464610434463261890e-01
-4.487212946112280609e-01
1.978411862682141475e-01
2.287208720551502927e-01
-4.219021634618427136e-02
-3.062932056167772643e+00
-2.382907298362509252e+00
1.977910070081224103e-01
1.154884529616728273e+00
-4.177009482296243359e-01
3.522428610946096716e-01
-4.981351957097293948e+00
7.531580688643527033e+00
6.422229976617060743e+00
-4.866295335852498738e+00
-1.392338709363495575e+00
-3.099445093645452065e+00
-1.638977550610525968e+00
1.008261616088912405e+00
-3.761417106770083563e-01
-1.917750099463805924e+00
-1.218193414651962403e+00
-2.969402115088279337e-01
1.964392370368349405e-02
-1.042550148379202568e+00
-9.626996335068452870e-01
5.659082687351300045e-01
-8.240365478509192876e-01
3.043474983020384994e-01
-1.205933786800579055e+00
-2.168149115996721665e+00
-8.034911921087326547e-01
1.345752992874505338e+00
-1.124535771428640141e+00
-6.570428478196309596e-01
-3.123764342029913266e-01
9.382799102860209794e-01
-8.100292976175048620e-01
-9.269815811550922158e-01
2.776479329684100605e-02
-4.028687027883742999e+00
-1.448886378104601080e+00
-1.853732967143724431e-01
-2.795700574216465117e+00
-1.428315342777907615e+00
-2.377492936776367749e+00
1.476543590206528922e+00
-6.073618275589394155e-01
-1.468833774884031218e+00
4.707260570510414244e-01
-1.083566068698537110e+00
8.415808147421871555e-01
-1.465917691060350414e+00
3.140865241522953766e-01
-1.157856847031487751e-01
3.685003631746591179e-01
-1.806591370616118741e+00
-5.741445686661253989e-01
-1.751891288495173393e+00
1.766598638117286901e+00
4.568525534753732908e-01
-2.312090045426428153e-01
-8.036551478814460969e-01
-9.514415536792655281e-01
5.137579788299234451e+00
1.683514554600410440e+00
1.472452974666023928e-01
-8.582126691430259913e-02
6.122868459261186780e-02
9.233778232294465038e-01
-3.014356793849936600e-01
-1.149605365707560667e+00
4.411718546012727282e-01
-3.138759600358458801e+00
-1.179548802797600660e+00
-2.705248753034021902e-01
-8.785156644987632824e-01
-1.199490666319067644e+00
3.903002988737302448e-01
-1.377863222246132002e+00
-2.413497937066904964e+00
1.492788481290371783e+00
2.564694998422633598e-01
2.269931823952727967e+00
5.263611625810995509e-01
1.246678513082403322e-01
6.500060773029898709e-01
2.536846551316012111e-01
7.543459137629189293e-01
-1.792894720994279434e-01
8.777344283532675373e-01
1.332347061652756848e+00
5.457446914205389410e-01
5.604701348255156645e-01
-1.112704158511550023e+00
-4.403619122019183929e-01
-2.268941395048150067e+00
-1.527789602056847551e+00
7.716740734083856745e-01
-2.434259827678271759e-01
7.219398010941294741e-01
3.936832685978634006e-01
7.670968198622195311e-02
-9.803117164231778258e-01
4.897653861023071875e-01
4.489612975936697614e-01
1.507918089849624277e+00
1.164179513914878616e-01
-7.449989772415852585e-01
3.346135068292284132e+00
-3.126565735639544652e+00
4.996440130737703211e-02
1.889082013974022312e+00
-7.314374715447524711e-01
-1.773731496904293437e+00
-5.377573052766340123e-01
2.662746752961397068e+00
1.233303089593009050e+00
3.806177628801087898e-01
-1.253483319112070449e+00
4.507549979781417908e-03
-7.045482765819842674e-01
1.676894126165814569e+00
5.555852519450722449e-01
-2.190193941586162651e-01
-4.172112980338361088e-01
-1.676785716969801721e+00
2.776568574255286581e+00
-9.416385466980788932e-01
5.675148909316561907e-01
6.295844541513252457e-01
2.576473255214909441e-01
1.159930157917834048e+00
-1.432508676001751580e+00
-7.910781281243521867e-01
3.208934681249695053e+00
-3.072305167438021734e+00
-2.073348820688012198e-02
-9.512642311170885767e-01
-1.293605267728244745e-01
1.354338784891215564e-01
-4.956563943913544490e-01
9.666863976594326779e-02
-1.349207316506922716e+00
-9.378877324492086442e-01
-3.705410170422063221e-01
2.265141560061166626e+00
1.837457462353271898e-01
8.346785186523179023e-01
-5.765931295299661086e-01
2.060104685668330049e+00
8.201454061896511494e-01
-5.571343963712158676e-01
1.348954884486798456e+00
-3.348405209888852818e-01
9.568362004941939336e-01
-3.877513245621977411e-01
5.362970560021005362e-01
-3.069585761959418679e+00
3.418865636344922132e-01
-5.889966294998680851e-01
4.567303404623744290e-01
-3.578659731520507092e-01
-1.030236025448451054e+00
-5.189236025067563984e-01
-1.518485531928102317e+00
-1.934806290333170420e+00
2.141834435046063856e-01
2.627385584055982104e+00
7.144926992988009928e-01
1.095258482936905198e+00
-6.904371092997585446e-01
1.345208253884715655e+00
2.787353843460119940e+00
-5.162351586098057332e-01
5.254514948501455562e-02
2.590144976154871159e-01
-1.378027243049391145e-03
1.071252549755093542e+00
-9.362045134307717120e-01
-1.976762735138767102e+00
1.470667353241110087e+00
-1.492335028707711730e+00
3.860343758424657212e-02
-2.217572728490686540e+00
-1.403474977828786718e+00
1.305870909249967404e+00
-2.925457294721062196e-01
-8.103812709347254506e-01
-9.600228887454170801e-01
-1.607330187259513876e-01
1.968936085183556228e+00
-1.322548537500051635e+00
-1.430236684175079986e+00
-3.730007858793796954e-02
-7.857450085125534667e-01
-1.365234425295239473e-01
2.660336062948792657e-01
-2.619894567620587381e-02
-5.741605151675343022e-01
8.805006967228642401e-01
1.936616507038017021e-01
-1.407111845641819459e+00
-1.841162943239899263e+00
7.753934374367749127e-01
-8.316433825511788669e-01
-1.247695585911006745e-02
-1.860444139333687019e+00
-2.616520095078510799e+00
-3.876198483289255980e-01
6.297756762330609659e-01
2.009079328415865451e+00
-1.862475995125382755e-01
-2.103471294111330242e-02
9.101020909304077811e-02
4.742104476215643238e+00
-1.433583346904936606e+00
3.249178366415622632e-01
1.593577542331439778e+00
-1.328983049436898378e+00
2.059516462013489813e-01
-5.364784079356482716e-01
-2.119512595056582960e+00
3.604967051642668618e+00
3.473748815163462123e-01
-1.711894718293693884e+00
-1.706942656770978006e+00
-2.684073818696164349e-01
-8.620738807292493977e-01
-5.879397669402765203e+00
2.070707652691083034e+00
-3.339901675516869228e-01
-2.121546258593951240e-01
-3.410249314923203268e-01
-1.969611154566399402e-01
1.830969600229480909e-01
4.127004230836516796e-01
5.163345684682446590e-01
-6.342120104838462336e-01
-1.842955658434024535e+00
-5.981488897070988964e-01
-1.409088689239493375e+00
-1.513190391794069223e+00
4.711465728974480183e-02
-5.612012075121348698e-01
1.200872557300886934e+00
-2.380433188335809636e+00
3.250672158586168647e-01
3.588954778506401322e-01
-2.879197383062638504e+00
-1.673446651563467835e+00
1.520128547450525058e+00
-2.385743142643146908e-01
2.146628492320596049e+00
8.687330213225182840e-01
-3.710427843575474505e+00
9.939804887067011929e-01
-1.512990151117781235e-01
-1.667132415009580537e+00
1.451584735301215678e+00
2.503705070729322468e+00
1.061618254518990945e+00
3.747533758439020257e+00
-1.093948135642827779e+00
6.782212094286034221e-01
2.478341609264913536e-01
2.381338176232869752e-01
1.304150699523916934e+00
-7.094494875810692935e-01
-1.555566586208894375e-01
-1.587218133970678124e-01
-5.431719578399217818e-01
-3.939176135232921871e-01
-1.401267333311453589e+00
-1.905389755739558488e+00
-3.007508661526415050e+00
-1.247866347103183893e+00
1.489875045378492802e+00
1.030599495889232609e+00
2.443113934457763481e+00
-1.873599775782966159e-01
-2.440442473972356030e+00
1.740463555849949051e+00
-3.850353063729496927e+00
-1.502497969834484026e+00
-2.164354738777080345e-01
5.658255888732487415e-01
1.592292787199481585e-01
-7.403792613876111206e-01
-1.178063283854363652e+00
-1.045862177716827990e+00
-1.155423045253308606e-01
2.002250877446707378e+00
-4.832200523034893558e-01
-6.374471693918626336e-01
-1.447149729058580414e+00
1.190876276170019926e-01
6.142890501933568892e-01
-4.962949922062261932e-01
3.803089402497907834e-01
2.171096493001871963e-01
-2.785643742272235102e+00
1.347674114072566487e-01
1.091908636321288428e+00
-5.485471938859493024e-01
-6.004527722837144088e-01
-2.818895008132943580e+00
1.453522253372031003e-01
-3.995547674674638783e-01
-7.210486246728365911e-01
2.520080982919912782e-01
1.098417268796297863e+00
-2.091235179373833741e+00
-1.752175608156884890e+00
6.871193745040916900e-02
2.665776894191209112e-01
1.863124911185244148e+00
1.335066256432097531e-01
-3.442619081722720353e-01
-8.017304992447943368e-01
-7.598807450359609250e-01
-9.136378926639903142e-01
2.104181855247278521e-01
2.187756450469571234e+00
-1.418646996183309916e+00
-1.623223874044879889e+00
-5.441293311106997210e-01
4.683460354356525635e-01
-3.604692517312228089e-02
3.591861749444449914e-02
-8.491365302485988087e-01
-7.340647578667809370e-01
-4.254656790962105251e-01
2.366375712102579687e+00
-1.015535565255445194e+00
3.586602684364585958e-01
2.576278361345610834e-01
1.743038411895170725e+00
2.847192835289314772e+00
2.294773063366636112e+00
3.777540679222675113e+00
5.293008464258974755e-01
1.461220276697559717e+00
-6.285354780278556985e-02
-3.584954677626813191e-01
2.168378594587780483e+00
2.781764922390083772e+00
-4.503217637531926165e+00
1.802490181428574312e+00
-6.424865227542329027e-01
3.760218430371080056e-01
1.756234136852298899e+00
3.576465811219342594e-01
-1.584664534184693663e+00
4.710263127027533692e+00
1.792845925095791104e+00
-7.606881295916894103e-01
-1.502132461780797124e-01
-1.402769117856912828e+00
9.359428839196112238e-01
1.577981144537490943e+00
7.036642883113061187e-01
-8.289570581550615991e-01
5.421753858878888277e-01
9.729675502872924264e-01
1.524308691962185547e+00
-1.732290013035190146e+00
-1.585773149051915798e+00
1.600681316359400030e+00
-1.005216450165256958e+00
3.232707819902502777e-01
3.546273100251799981e+00
-1.999107027502017964e+00
2.226433179962069353e+00
-6.590664406383586194e-01
-3.072607180824548312e+00
-1.271735217247183636e+00
-3.334671392910232512e+00
4.351205855804335942e-01
1.347585513578084260e-01
-1.022142840378277739e+00
-1.273467349504533885e+00
-2.894661044457483623e+00
-2.014862343290613200e+00
4.698280458378323865e-01
2.372681297876315654e-01
1.797625631244576638e+00
-1.481264311919845644e+00
5.175084584941547911e-02
-4.529447209112394401e-01
-2.412710404492774130e-01
-5.710079348374194064e-01
1.684594766101864538e+00
4.398433607977448867e-01
-2.828647137220662078e+00
6.938043357450940363e-01
-3.506692269916507954e+00
-3.176439700324056759e+00
8.090381579340920615e-01
-1.158149424237153280e+00
-9.870536928962583278e-01
1.142944006034230103e-01
-2.037021192296202710e+00
-2.371732738686039621e+00
1.410330410862931760e+00
1.591120988074326004e+00
2.157792061462526334e+00
-6.588297942521845196e-02
2.210390857321413716e+00
3.645297131404197533e+00
-1.962766779850787513e-01
-4.136114704297358946e-01
1.839172118827428593e+00
5.449447935812963273e-01
-1.174697877306419169e+00
4.578865046348410961e-01
-7.914533097599761646e+00
1.304796767076295438e+00
-9.924787926338140762e-03
-1.358754966489502003e+00
5.948622060669597061e-02
-3.384059590959940800e-01
-8.337074776243037499e-01
4.556589103961229958e-01
-3.484796828716034689e-01
-1.989201916526047276e+00
-4.727364047673709990e-02
4.844243924256128597e-01
3.633990163334502310e-01
-1.232976175018153597e+00
-8.978703396483594945e-01
-8.662908232375280404e-01
1.154665679430184166e+00
-2.282782391432162328e+00
9.002754582711158804e-01
-1.647585521109638407e+00
2.456173473179502853e+00
-6.209422668767690112e-01
3.272520334709658751e-01
1.717287489282173674e+00
-5.703723830349829993e-02
4.971061785562566060e-01
3.344917932225285884e-01
-8.071991203793614789e-01
2.647828563807337887e-01
2.582488274264499228e+00
2.918961760829148933e+00
-2.270397310904395560e+00
-2.144611524326692109e+00
-1.916027127414823727e+00
1.968563238533496795e+00
-3.023286573816640899e-01
4.516763081911125965e-01
-5.575028315712731164e+00
6.240247712001829150e+00
8.903866538588361967e-01
1.764293803901580526e+00
-2.487874647647305704e+00
-1.340212941350656717e+00
-1.225100628851630624e+00
3.558846869388804901e+00
-1.687969778825685774e+00
-2.919408992183242901e+00
7.561277362013730796e-01
5.001433770384384331e-02
-1.269781159825576156e+00
3.516412556638406794e+00
4.215000009676834303e+00
3.594250021537564788e+00
-3.065323403163071614e+00
2.246098020400200401e-01
5.673383170672116727e+00
-2.288171624763158718e+00
-2.448168734188828743e+00
-1.468197443753063602e+00
-2.997357104518381665e-01
2.645439243060810242e+00
1.465478771780263534e+00
2.221038928312459859e+00
-5.217758563023927598e-01
7.644111457454851433e+00
7.088748991677793487e-01
1.375296668164155856e+00
1.745775395249157813e-01
-3.709772485242321949e+00
3.142363752741604288e-01
-7.445825795323366414e+00
7.879212960601496007e+00
1.885414590675389412e+00
9.726210070208151093e-01
-3.650621408005105262e-01
2.506518511380664838e-01
7.111279293593736339e-02
-2.701264544907297505e-01
2.891466348587556356e-01
-3.453473911235592997e+00
1.738969465881800291e-01
2.070987684359634484e-01
1.536133713181356386e+00
-1.183685848466735413e+00
1.738723210629947724e+00
4.099812857350356721e-01
3.900174261665690922e-01
-2.510105740953434972e-01
3.214383910049463111e-01
-7.973247538050020067e-01
1.027069940627377331e+00
-3.456084235841005992e-01
-1.390104912465498055e+00
-1.453798411768174370e+00
9.452216674328413337e-02
4.269225060985424314e-01
5.245563703882063500e-01
-1.114986698300727053e+00
5.948663727099041676e-01
-3.046108858245309303e+00
2.702990427114322802e+00
-1.774107258073886195e-01
2.349716731246953572e+00
1.600515103214140034e+00
1.647946001188723697e+00
-2.024694569867498295e+00
2.293523685960299652e+00
-1.095007465368419558e-01
9.127015876768604929e-01
-2.080930191423222997e+00
1.851776823262906158e-01
-3.471000392358039921e+00
-5.047187905042216371e-01
8.883298655594197291e-01
1.276830206369698795e+00
-1.923143737824841715e+00
-2.499305557087202700e+00
1.275541921983908589e+00
1.457579645250493827e-01
-2.337803956972227759e+00
-9.518122086431474171e-01
1.358333239073243048e-01
-4.232974188175471220e-01
1.238741560875477488e+00
-1.131974650588806641e+00
6.339624524845229869e-01
-1.242674253698470288e+00
8.506341008610140975e-01
1.243520626157712972e+00
1.100390416923696435e+00
1.179573288710366263e+00
-2.093398756104245084e+00
-2.702882496151598479e-01
-2.683595791309291712e-01
3.372678139429580724e-01
-2.993861038475411629e+00
3.003886752079644396e+00
-7.552507913850537991e-01
1.009649018915488750e+00
-2.857617992185002898e+00
-6.748072703450325172e-02
-6.700287087699499100e-01
2.916159325422164716e+00
-6.658830155251772576e-01
-9.104655721426704318e-01
-3.308565667423065904e+00
3.547508926187259881e+00
4.001505050169230082e-01
1.527963908308924035e+00
1.145119631542106248e-01
-1.255747277227212466e+00
-1.749556190216503770e+00
1.721019627920326478e+00
1.887311497915725944e+00
2.447016784412476387e+00
-2.346627724813880267e+00
-3.778896162520150703e+00
1.871938570482223341e+00
1.109678533401102785e+00
1.264405268449143027e-01
-1.608201646454107792e+00
1.924506135235299675e+00
-1.387208553045252035e+00
1.414777670164167223e+00
-7.143484057178686175e-01
3.997750875843241736e-01
-8.986478753611643056e-01
-1.999840676144655882e+00
4.548083064329963565e-01
-7.353192843818521229e-01
1.369814576347176960e+00
-5.037388991219698964e-01
1.976079402186815104e+00
1.751117164009080573e+00
5.159673974136412822e-01
3.371362192225396459e+00
1.798360144695844154e-01
2.787190768529193216e-02
3.893584458528085879e+00
-1.736120132971513907e+00
9.366152491820212145e-01
3.802367695670749170e-01
-2.162989237973193646e+00
7.131113156004196263e+00
1.045128443333797952e+00
1.204985735463221797e-01
2.005503310331482048e-01
3.048572433269629123e+00
-3.259712285228520412e-01
-2.458559731463959785e+00
3.246376503532297342e+00
1.164466373770218111e+00
9.704235398920493250e-01
3.256258817227440372e-01
-8.366411821981671604e-02
4.110355070567491519e-03
4.507105553441888013e-01
-7.027396788500998026e-01
-1.258608323222718095e+00
3.723035129944387012e-01
4.290006449850459203e-01
1.943708657546995913e-02
6.979147903996778257e-02
1.152427352025977347e+00
-1.367688519873506425e-01
4.630380565145628124e-01
-4.983403864591694210e-02
-6.338802179338884901e-01
1.896925847543429744e-01
3.684440822924963110e-01
-3.457557819743518890e-02
-3.733525911342086556e-01
-3.499375048099211821e-02
1.967033296221390448e-02
5.019354941662014236e-01
4.032593641436617582e-01
4.099552084997699075e-01
1.193380648686326095e+00
7.098326156072239934e-01
3.940992711940204951e-01
-6.058007527271668247e-01
1.420320858202891307e-02
-2.252253459142701253e-01
2.776388376001348024e-01
-6.024161694856714488e-01
-2.580307118088584484e-01
-2.705177986037731741e-01
4.256887347893118512e-01
5.072974160513948894e-01
1.033189522305254959e+00
4.780767049116582124e-01
-4.040283217853088082e+00
-2.719692669817734831e+00
4.632628568908492839e-01
-2.091043108734625122e-01
5.190790467091713906e-02
4.293800176998610607e-01
-6.973053622557918718e-01
1.628973868335307218e+00
5.681524789140842691e-01
4.443874818773106417e-01
6.699559135082983063e-02
5.607496210839344464e-01
5.055389321229529775e-01
-1.666427770140077591e-02
-4.583639901416324269e-01
1.043435615498006924e-01
4.079181888671247203e-01
3.727083736391895163e-01
-3.161871538321913144e-01
4.968905315917362397e-01
6.233044826235183411e-01
8.822610428518045111e-01
5.101895975836469033e-01
6.820912032165289407e-01
1.445748910751049721e+00
2.480162311068695669e+00
8.945448607700015042e-01
5.995863515586091763e-01
-2.172304549767746784e-01
3.719192191039390472e-01
6.592200075061593889e-01
1.056938222722212384e+00
-4.592835715719316148e-01
1.396605157192920998e+00
-4.119933693045842171e-02
7.210784597812186503e-01
-8.597114758723696237e-01
6.248986754526463239e-01
2.881546607536358273e-01
-1.417183386956252678e+00
1.737280051270771786e+00
-2.626671279314723328e+00
2.414101587305054184e-04
4.870490000702575317e-01
-2.773489262250401932e+00
2.281762598330386860e-01
1.232019304529003767e+00
3.988412363705674535e-01
6.067077317757234578e-01
1.576176910228221928e+00
-2.346829409091583454e-02
2.862031685394918479e-01
-1.917609042173868406e-01
3.206507227455555609e-01
-2.796870768174931077e-01
3.221098164543500508e-01
-6.169221233659593073e-01
6.091136549684534884e-01
7.123152692636740557e-01
1.384669975105092599e+00
9.890827913408788419e-01
6.822113016839392863e-01
2.137174604429322944e+00
3.120329337537412151e+00
9.544447847386300365e-01
1.546851586473930285e+00
-5.029957866142897860e-01
6.518230422358824994e-01
1.052206621160130418e+00
6.142771695779362107e-01
-2.226902518898774996e+00
7.465281588314283123e-01
3.734922127418753846e-01
4.618481397885413897e-01
1.439092210519873571e+00
9.961350906914254733e-01
1.747041163290313337e+00
-4.774604476204106440e+00
4.611280527633818238e+00
1.545327553898262707e+00
5.451281264592336417e-02
-2.091183586301996467e-01
9.729943825969004090e-01
5.148311740543297654e-01
5.340656833327438457e-01
9.052431288876110482e-01
-7.302644475944958247e-01
1.326033198753962861e+00
-4.879512352448622803e-01
3.817931939616989179e-01
2.870277109516821135e-01
-1.021138226065494009e-01
1.211167675200079286e+00
9.245411712483128097e-01
8.888011323257204443e-01
-4.720266523149542204e-01
8.371999969463672642e-01
2.893792844684564547e-01
1.182186683515222159e+00
1.190589074146387372e+00
3.218843076543560056e+00
1.519973532505254077e-01
4.189780547674071820e-01
7.314040984679497093e-02
6.741892903365334089e-01
6.042176057952066692e-01
4.817394117105547324e-01
-1.685444889353268083e+00
1.133376014853991531e+00
2.280967669510179929e-01
7.497657061151176139e-01
1.099533473900712988e+00
2.846904733642966701e+00
2.060508018845024658e+00
-3.791951002090074990e-02
6.144005768394741551e+00
-6.413708936766816526e-01
-1.215331827244336749e+00
-9.553884549003393012e-01
-1.725912392500016379e+00
-1.397056953219287356e+00
-1.425758980115288121e+00
-1.249246817184076486e+00
-4.065674332501021948e-01
-1.250066981773602315e+00
6.578723424239431017e-01
8.145417369834538901e-01
-1.156972516990094763e-01
-3.426935435235754085e-02
-1.899926877329658759e-01
-1.373189960835455858e+00
4.787557637991378678e-01
-6.584965813900007792e-01
4.127519049225655823e-01
-1.324638952080966936e+00
-3.003258326924873156e+00
-1.371359304860601647e+00
-7.077168011639609624e-01
-4.525591884124943731e-01
6.472456769723125003e-01
-6.901424868555222636e-01
2.657071823867376836e-01
2.032939816068670413e-01
8.623417053565510804e-01
-1.000917834047030386e+00
7.052015980618354662e-01
7.121254904956898502e-01
-3.726465099002694292e-01
-7.485839814349249943e-01
2.369520423456321190e+00
-9.625610722076942682e-01
1.521624573727949237e+00
2.649019377841671172e-02
-6.109322997579696990e-01
1.722352111151504772e+00
1.054446782582186826e+00
1.193138130630960608e-01
-7.304658801921136424e-02
6.034046881996312228e-01
-2.554467692736751006e-01
8.347063006963937326e-01
2.578508920921285252e+00
8.706423766598765379e-01
6.305033586131620904e-01
1.993004880382057920e+00
1.870705120660346887e+00
9.251584097366417625e-01
1.417306891186470352e+00
5.706295702506452017e-01
9.645378443963641413e-01
5.713152136521209012e-01
-2.691087713172538032e-01
8.531432899903688138e-01
7.592437765259176796e-01
-1.648675332077372158e+00
8.129208865333118483e-01
8.524291290586574199e-01
-1.103878301253912869e-01
-9.844852151522068828e-01
1.778596214575966616e+00
4.827588682106592755e-01
-9.337646202755565950e-02
1.081875963713917921e+00
2.645385206869773076e-01
1.231290996481358979e+00
1.724189842032973319e+00
5.261883020105282860e+00
3.091499069631364199e-02
8.660672026316898475e-02
2.796380459635815496e-01
5.341866873699676610e-01
9.041755196919970539e-01
-6.430303629849430935e-01
2.488460403222974293e-01
1.043453682517502479e+00
2.398397491640591114e-02
1.475009745452065646e+00
8.515179479917499572e-01
1.220734046098553627e+00
-2.043815149359111960e-01
3.434102779145857820e-01
-5.119673856507758192e-01
8.897039914459368981e-02
-4.119992922827597770e-02
3.520573288316171650e-03
1.640215110600233617e+00
8.808499846059997251e-01
4.781205290334262781e-01
-1.236651851339325203e+00
1.525407783183229948e-01
-1.500099932866118535e-01
9.132255921261396292e-01
-1.441541923652890800e+00
-1.691065427031465784e+00
-2.423323418526502349e-01
-1.083046719574374928e+00
3.405104582294612992e-01
7.967584988054322581e-01
-3.687884330018091461e+00
1.420473590303459988e+00
-1.571314373962861000e+00
8.439980077098463429e-02
2.399841509175306697e-01
-3.806620058266672185e-02
8.183163681282817903e-01
3.773028392901847106e-01
-4.235718109712592605e-02
-4.811532733599172551e-01
8.823036850940771947e-01
4.112914546637781998e-01
3.051665991496792518e-01
1.869562977947203108e-01
1.150820951514663459e+00
2.127309298210975919e-01
7.634851895863696836e-01
2.720879253714418855e-01
3.844022386545823955e-01
-6.799231454319575041e-02
3.294014223502552685e-01
8.246598922911881901e-01
4.917979620807294006e-01
-1.272657180043367253e+00
3.779918075912830910e-01
4.882280387908803365e-01
1.192914222544152025e+00
-1.205317011242520442e+00
1.007902511988678418e+00
-1.256066084080068868e-01
-3.977857662159647312e-01
6.724745635326849769e-01
4.121302982899304745e-01
-2.935908257699609170e+00
2.569755020145221280e+00
-1.082400703658478042e-01
2.222881480775800611e+00
3.747232327836020893e-01
-2.276135341470184592e+00
-1.245748342195753394e-01
-9.528470362370955460e-01
-3.067994365181877514e-01
6.701835825648214673e-01
3.223209378055598706e-01
-1.594858893021500190e-01
6.494188087359304973e-01
1.896664450495293863e+00
-5.665613158263631544e-01
-1.357719260734037703e-01
-2.415861225235269583e-01
7.453873303158502495e-01
5.254140075496075424e-01
-8.678324614852546415e-02
5.428880806303074680e-01
3.855831888248222733e-02
-1.330744590607234379e+00
1.990434726758170958e-01
-2.634490691625345771e-01
-2.472639518442242001e-01
2.500303084121551223e-01
9.947638924238531022e-01
6.943780409192317205e-01
-2.086047004177411235e-01
7.295334724319593178e-01
1.819302416624925534e-01
-3.038422957100558097e+00
3.607063753810107798e+00
-2.555554748487439909e+00
5.192825593836942755e-01
-6.861432057450551625e-01
7.115750874812062365e-01
-8.464096631513313984e-02
8.869361734573895095e-01
-1.948988977407473677e-01
3.826733824683593577e-01
1.203094241256506880e+00
1.223464134940608794e+00
1.138007539227844922e-02
3.655192628055909387e-01
-4.487687488190467144e-02
1.064562886039270628e+00
2.334204725188398832e+00
-1.110871845539018077e+00
2.137408471376813779e+00
6.292840532643972917e-01
8.893148892132007877e-01
-1.457801332572971731e+00
-6.525682894564721614e-02
7.454180897046129850e-01
1.265242349580411041e+00
-1.351633155729294211e+00
1.725707536727226099e+00
-1.723271709769712556e-01
-1.259724915684929947e+00
-1.396178312010270817e-01
2.792023395349901294e-01
-3.341469698335883365e+00
2.183035608634508851e+00
1.472490431498597596e+00
3.264672125154313154e+00
1.744371137358677326e-01
-4.204564243043976690e-01
8.710193989260821557e-01
6.323419681355350042e-01
8.859769884588479805e-01
9.048225472667081881e-01
1.459935717026092095e-01
4.837445891821553490e-01
9.037461625172897861e-01
1.201725077629202110e+00
9.081843594313688817e-01
1.700056403219696533e+00
2.067311154569605236e+00
6.633390306320680052e-01
1.007412898624777009e+00
6.116170441842281313e-01
1.603877494660256753e+00
3.706667957855994122e-02
5.503377734443405389e-01
4.991629123881570207e-01
-1.885896932546951232e+00
-1.028591650962989545e+00
-5.068392841092282941e-01
1.351875202980277191e+00
1.254212022875604182e+00
1.581469061752912575e-01
1.185784309080294197e+00
-1.947175350745855127e+00
-3.278266842480259680e+00
-6.958319379489140699e-01
9.397091432214582651e-01
2.832067314904252939e-02
3.144973311945365446e-01
-2.179149748254760321e-01
1.732747009220123313e-01
7.542070784568437603e-01
-6.980535779742680358e-02
2.476054514956608221e-01
-2.257859122483949765e-01
1.051390632947714732e+00
1.235369231464080730e+00
2.779342360054773420e-01
8.771773858583656880e-01
7.163739396030682771e-01
4.627206098495753595e-01
-1.101260759840702708e+00
-4.430349065436237077e-01
3.402073892627826557e-01
8.648204148010391057e-01
5.098294054635726935e-01
9.890802688185471592e-01
2.317531200113115974e-01
-1.428033386708727370e+00
3.640973813435355311e-01
2.448732578921481579e-02
-1.500988519843969637e+00
3.861538452808685462e-01
5.314654651277098685e-01
-9.484799398465920683e-02
-4.738029020121728441e-01
4.123909447665424222e-01
-2.307709764608854019e-01
-1.593398560099042127e+00
5.876915778438487198e-02
-9.250041508715237670e-01
-3.583852447794961260e-01
-8.392437491623100376e-01
-7.248844275285062366e-01
-3.719412427223880990e-01
-4.966077201973812527e-01
-2.708418036757943792e+00
1.431570375175895693e-01
-4.665377691325983123e-01
-1.522012060797839794e+00
-1.702039018414114313e-01
-8.058971860499227757e-01
7.569533697167382114e-01
-7.330873338426923125e-01
4.364283363507805436e-01
1.150196295206824121e-01
5.054381221131326596e-02
-1.221192580951112827e+00
7.393659736779728542e-01
-5.640825266099211532e+00
1.643924552613032830e+00
-4.019651449503443885e+00
1.890513760628458773e+00
1.539121063036809622e-01
6.247109824664304201e-01
-5.322672097811109726e-01
6.354927688995708479e-01
-9.630405864853346376e-01
5.098110251204339693e-01
-1.304146518019790590e-01
2.248731669285614632e-01
-5.801957402616271242e-01
1.752214032474982197e+00
5.520516980584894151e-01
8.260680218524109053e-01
9.109212234516018691e-01
-1.996603123032889560e+00
-1.501744804200312977e+00
-5.420950364240706421e-01
5.015368125335900595e-01
-4.333810206710544399e-01
-1.172887508045156180e+00
4.130401098830784046e-02
-1.669890502317223913e+00
1.507571602204903494e-01
-5.715490977056683075e-01
-7.890254606898217116e-01
-1.964612233335750080e+00
-1.180213079920316321e+00
1.429018376912658539e-01
6.751836361610669135e-01
9.811592687427304060e-01
-6.241010461013263289e-01
5.052835841733364086e-01
-4.857690747031913614e-01
1.822080941706490931e+00
2.330477873546258627e-01
-1.358529531081494601e-01
1.054741256356222623e+00
-1.254264840174828644e+00
-5.420064621411666700e-02
-4.038159640519610183e-01
6.310398567630122191e-01
-6.301872270229656736e-02
-1.903190245797120594e-02
-1.363244236506585549e+00
-1.069451785638810382e+00
-1.031457872533171755e-01
5.319351426437680663e-01
8.719473897107439531e-02
4.054473039654109545e-01
-7.885528695001621236e-01
-8.801027828026070088e-01
-3.491144942574559096e+00
2.981497133162878566e+00
8.618171216354904018e-01
2.150648449672379892e-01
-2.373777310470553681e-01
-9.321316454010345476e-01
3.480908389159081406e-01
4.625576280443512434e-01
-1.900740613240645693e-01
9.910070947025739763e-02
1.460686415515616954e+00
8.291907569333808459e-01
1.182411022475205131e+00
2.965459970230851283e+00
-1.873589547826116641e+00
2.740887625372189634e-02
-2.022610178478264353e-01
8.458646495511144003e-01
-1.679456360000869120e-01
-1.486544921154604904e+00
-1.166380758828715836e+00
-2.349903333976223418e+00
6.629446573879189675e-01
-2.232332465247373054e-01
-6.522767815213542653e-01
-1.292286441008020370e+00
9.409219033548666955e-01
9.401450332541159138e-01
5.950527018270885815e-01
-1.331645131587180009e+00
1.218508137987601020e-01
-1.297002120380927659e+00
5.805514000666991276e-02
2.522921183820194257e-01
1.806252759008585701e-02
-6.930154428042921699e-01
8.814791899268741293e-01
1.820663879383354944e+00
-1.743981597834848962e+00
3.138117005578082708e-01
-2.528443509716437054e-01
7.741523447593513518e-01
8.530358550386920591e-01
-1.618783275506187502e+00
-1.238175726235164031e+00
-1.731817748306265337e+00
-3.291630072022034281e-01
-3.854029246570421785e-01
-5.054091425984912067e-02
9.037322636726788025e-03
2.025200371008659683e-01
4.960712883180166122e-01
8.327011733185617492e-01
-2.785986616803635130e-01
-1.593319552428139385e+00
-3.019465391818668465e+00
-3.276935666114556334e+00
5.196232837968586260e-01
-2.820775678053137892e+00
-6.823678895356136698e-01
-6.752664772447196651e-01
-8.308625786600528640e-01
-1.006861747984232114e+00
-9.575348055593634333e-01
-5.869210272567901843e-01
1.978701021669776461e+00
2.112874166614030769e-01
-1.160362472071707396e+00
-1.197864094458370499e+00
-2.024006468438361406e+00
-1.870772385881814159e+00
-4.698432122331622551e+00
9.712822407299653849e-01
-3.434474548407747907e+00
1.624478061088010739e+00
-2.421879089533903462e-01
1.409580570563375712e+00
-4.692661434832694489e-01
2.776005090479055637e-01
1.735328060447808435e-02
-9.756783315408478208e-01
2.514717258501203978e-01
4.655823241202622920e-01
1.530652738940390334e+00
1.212330343015094458e+00
5.491172128207605363e-01
3.838113409384260044e-01
-9.946293930487954960e-01
-1.697022762186499945e+00
-1.232873557738145998e+00
1.876856099244649689e+00
-1.787869291663202187e+00
-5.713459800396253341e-01
-9.631730998095121565e-01
-1.288994044092212077e+00
7.742176965997870086e-01
3.641318481217599712e-01
8.628503433611138806e-01
1.132363828967374086e+00
-3.946941063617765422e-01
9.260804648618642387e-01
-3.345707658717340660e-01
5.849062667554134620e-01
1.188972030722249773e+00
-1.170426058878156761e+00
6.513870114078783580e-01
-4.818907546684914056e-01
1.541490909909742357e-01
-2.294250509679460204e-02
-1.018403743086728985e+00
-5.949991004621789648e-01
-1.603704167257374191e+00
6.651756477974222204e-01
-3.916803170217901253e-01
2.997669323983409129e+00
-2.741085963195883046e+00
-5.539952492920074967e-01
-1.621026555422346027e-01
9.024239013962316314e-01
-4.804765480187696558e-01
7.903965662781523571e-01
1.286506198312242777e+00
-3.743088334312749677e-01
2.064910827808216887e+00
-2.126828733706582764e+00
1.171084469917191839e+00
2.574189960918254680e-02
4.695890881316077681e-01
-9.233102438613014495e-01
-8.310449957140099153e-01
-6.132168405338581652e-01
-2.703472029646951658e-01
-2.060116279853712040e+00
2.396234167931858283e-01
8.337402483294684696e-01
-2.037405901856548240e+00
7.269513181405842239e-01
1.118209073840321421e+00
-3.239601357549871247e-02
-4.272282324696272671e-01
1.016928891016833258e+00
5.970968208212042994e-01
9.561520903844237251e-01
-2.065203277682768679e+00
5.155717504328680700e-01
1.536559008451472419e-01
8.869704404221454563e-01
2.513290570081062048e-01
7.053485520099906925e-01
-2.419176468945119507e-01
-1.901133296665703964e+00
-4.025744286028332675e-01
1.291505072629735851e-01
-1.228862494724263899e+00
-7.841591672586750716e-01
-2.583409348680630879e-01
-1.325214914347435879e+00
-2.484329415504029914e-01
2.257253233194757236e+00
4.980233184147729864e-01
7.287441639320403619e-02
-1.439671306236851356e+00
-1.267729620380474431e+00
-1.166118856876899867e+00
-3.792064614031805392e-01
-3.972001465426723832e-01
1.388262623401010365e-01
6.943606778336220975e-01
-1.159461279587201910e+00
-2.679746868537577598e+00
6.079312165908898891e-01
-3.196669784751101417e+00
7.160593539499510163e-01
-1.304988546141658157e+00
4.650639517690839497e+00
5.654807726563124248e+00
8.463320254532656906e-01
-1.368970786890972013e-01
-1.063702440627991352e+00
3.372628510274023328e-01
8.221910863578615891e-02
-7.862137680955719743e-01
-3.519268816449858672e+00
1.779529053957155105e+00
-9.842545413094240525e-02
-1.080066235242156170e+00
-1.676123247390726434e-01
6.734473698735269354e-01
2.988930754646156096e+00
-2.521030917825624051e-01
-8.109354661609192716e-01
9.180238966021992297e+00
1.735156614471202730e-01
2.120329010675400250e-01
-1.709742918966866920e+00
-2.104660904174752711e-01
-3.219133401481701767e-02
9.559929624055329977e-01
-1.988166636532498366e+00
9.252467989462254128e-01
-1.496411123166458301e+00
-1.009639411085253791e+00
-4.127488233845248988e-01
1.611237486108000772e+00
9.755721791871900805e-01
1.333733806009618661e+00
4.310294641663799275e+00
2.665259432364570635e-01
9.265683458116800997e-02
-4.020447834162061418e-01
4.003244831974303586e-01
5.694714841989808596e-01
3.411296115198928502e-01
-8.126696409652954534e-02
-5.306937647308733741e-01
-9.034797427225739475e-02
-8.285503233891485797e-01
-1.519783482749001546e+00
-3.017532867094246951e-02
-1.851650894352987242e+00
5.636952820885762216e-01
7.305759932677182711e-01
1.587982640144144642e-01
-3.027327415130925958e-01
-1.711735524808123687e-01
-6.887558074049465739e-01
5.626865119383855918e-01
-3.387830307819024167e-01
7.196597623816124445e-01
7.534209882007530945e-02
-2.020686124683858331e+00
-7.681034474281315250e-01
-2.261850760180603159e-01
6.213770390493179585e-01
-6.735821146648054425e-01
2.507816616587647540e-01
1.901992363121244312e+00
-5.934208184276064113e-01
-3.786567765101914729e-01
-6.333544025694191060e-01
-1.021653177579440741e-01
1.105093784395848600e+00
1.358291382463807428e+00
1.469422542315333535e+00
1.008417224216436425e+00
4.984167465939257080e-01
2.232667341253213422e+00
-4.214411605480456124e+00
-4.567443237880714491e-01
1.751458527880589422e+00
1.052107147368746137e-01
-1.084319019791608829e+00
-7.974278472043332400e-01
-6.051520694658349964e-01
4.287054389740326266e-01
-1.518771862557632968e-01
-1.778541898744159244e+00
-9.794494987508607364e-01
-1.909950929509514506e+00
5.026466122267919667e-02
1.419791886388274138e-01
-9.442561081613702612e-02
-1.586068577702524074e+00
-1.049061756554375835e+00
-3.496625742026657768e-01
8.683684131711839616e-01
-3.423832730620915976e-01
-2.147038356353887067e+00
3.352413976669515461e-01
-9.170212790065096486e-01
-8.456021630943831857e-01
-8.381800450555583482e-02
1.182197787365216080e+00
-4.981826243129530152e-01
1.313387643393608695e-01
-1.924522114516787896e-01
-7.550134145299893795e-01
-1.338084940963612857e+00
1.141730199270607926e+00
-3.236133213772118822e+00
1.882104532429408561e+00
-1.507480337328336528e+00
2.751729152379803534e+00
-1.257662770799294671e+00
-7.398313104848680544e-01
-1.793137352394498452e+00
-8.002146686962088307e-01
-1.922059698473625566e+00
2.596973746122134052e+00
-2.992332549057412194e+00
1.504910267380771050e+00
2.018909545103253933e+00
1.907911941078853091e-01
1.287763586708808417e+00
1.265588859650830234e+00
-5.789518051223314643e-01
1.178458457850930952e+00
-9.866190475698172202e-01
-1.063963009326396092e+00
4.682195547322866025e-01
-2.820351780417499898e-01
2.167649709527774249e+00
-9.916736473493307225e-01
4.888246697600430735e-01
-5.698964738236891314e-01
1.974638568247008008e-01
2.387606835950663253e+00
-7.011413083598928564e-01
9.723423889505096174e-01
-6.847357506453488618e-01
9.885106791200876097e-01
3.081577144326073658e-01
2.169319530708637256e+00
-4.427578598205746119e-02
1.257179677524302486e+00
-6.988736786958017477e-01
-1.156250945891428072e+00
1.805890616896380862e+00
-3.544242786641533249e-01
1.658946156053156817e-01
1.344137827310161182e-01
2.515183853330840602e+00
2.698568136646288806e-01
-1.030264594575341697e+00
1.097305588398891585e+00
6.805638816131773239e-02
1.028726418832559109e+00
-1.429443844459341140e+00
-6.708477985668698240e-02
-1.697337729812706530e-01
1.017856344139703051e+00
4.511009935688123917e-01
5.360108800427665354e-01
-4.168680278413199880e-01
7.628450859885435031e-01
2.816615461768297024e-01
7.218315114115072539e-01
1.406354681025713815e-01
6.323820012223514420e-01
7.345907767571396851e-01
-1.936360236032552140e-01
7.511601778831211718e-01
7.054425776659185576e-01
1.262073045531642901e+00
1.148462270643608951e+00
6.519404648906673705e-01
7.381934895755090098e-01
5.354154061039949619e-01
6.110341924081639231e-01
-8.147454522470050364e-02
1.483633303429916506e+00
-9.216103428850723756e-01
9.537279902067122839e-01
6.284503747829152109e-01
-1.827094967716799356e+00
9.517090428500418753e-01
3.667343093579147895e-01
4.357278119482534962e-01
6.515029130192563633e-02
6.635218550993277065e-01
7.463441472874582372e-02
-3.566068625700033468e-01
1.055611892595358148e+00
2.690488222976052946e-01
1.282952287829810301e+00
-3.092617845823769862e+00
-4.417996725493224197e+00
-2.090385533591611888e-01
5.928048432353492605e-05
-7.140563854119902354e-01
7.408333430114758533e-01
1.386160158530598541e-01
2.235094361152897557e-01
2.628619050246451191e-02
2.656382753859419243e-01
6.843933617462766295e-02
-1.306249838784153905e+00
5.791201269608788893e-01
-7.141241559685214402e-02
-1.000382428618803027e-01
2.578113142618642661e-01
4.561774294988427125e-01
4.402911993248739830e-01
-1.392589300626243254e-01
2.068877846339475246e-01
1.421090106228763972e-01
3.636543586511556403e-01
-4.130327200209270647e-03
3.004142899883092271e-02
6.763310949819582030e-01
3.384921961702226367e-01
5.127870545647278400e-01
4.943553569375734313e-01
-8.707192802767266260e-01
5.149032242071347465e-01
-4.028584919799001185e-02
1.741037025337612010e-01
6.788699280879713083e-01
6.688336868259416867e-01
1.842031679802601796e-01
6.022728319778435091e-02
5.183203179590681886e-01
2.374369812341258767e-01
1.234673406028778064e+00
-6.482254279239604289e-01
-5.670842921087309030e-01
-1.913803744908389115e+00
-9.337746162283023024e-03
-3.781178364062631192e-01
8.360395778686310342e-01
5.169128316903920384e-01
-4.775799235312152557e-01
-5.804398299269383776e-02
8.457112602530009182e-01
-1.401650646205994111e+00
-3.012380755734311855e-01
-6.622901000870353716e-01
1.201587197851359479e+00
2.144573294745437675e-01
7.564486385722511974e-01
1.073792684476427173e+00
5.106937292964435215e-01
2.279275054556077484e-01
1.281305865726972915e+00
6.976852288735587715e-01
9.220327045941392186e-01
-6.709961737044146668e-01
1.120190765529232690e+00
-2.754900762693328065e-01
8.754884248817790260e-01
1.010869484125056506e+00
-2.688930926437069768e+00
2.521222651535121040e-01
-2.682557526009111681e-01
6.102471881975390922e-01
5.191645913740426943e-01
-2.132608847896552695e-01
-1.572611346922577091e+00
-1.545210636120918135e+00
-1.586874206310028290e+00
-5.095765428312691858e-01
4.476023986457130510e-01
1.540767952140875474e+00
2.032050909160283858e+00
4.496390081706054254e-01
1.259844201614422232e+00
-7.219200328368371444e-01
9.103375244017704038e-01
8.410132611485147125e-01
6.424656229385053985e-01
-4.043475723256699794e-01
-1.059748254503851905e+00
7.345221684384933836e-01
2.578351105568916779e-01
1.378092768959921832e+00
1.863694709925564297e+00
8.408871819499530442e-01
8.600341977186185538e-01
4.424099923176966764e-01
1.355189079402438379e+00
4.061529979329965845e-01
1.173512566400218615e+00
9.347231720923985243e-01
1.248098649062918009e+00
1.046960163405902922e+00
1.232254177125925221e+00
6.099659953694980263e-01
5.662475601305763107e-01
-1.846994798429653306e+00
1.086684636544814841e+00
1.280158653512441180e+00
9.419260297033141827e-01
-1.252732653228640081e-01
-1.148540392263142640e-01
-3.327702795478522657e-01
8.011901350522609988e-01
6.949804140921128637e-01
1.142095314957704666e+00
3.231956741795822818e+00
-2.707102196748920164e+00
6.015935428609799906e+00
-3.235850170221921562e+00
4.938183475295780944e-01
5.045908789833296604e-01
-9.463487305739967104e-01
3.046008252821451601e-01
1.978226564773234442e-01
-1.664536176290370095e+00
6.393629219535624797e-01
1.495181374700209898e-01
8.842963105334909757e-03
1.062339607932228480e+00
4.152751020528407389e-01
7.192377836058475582e-01
5.152778713168657543e-01
2.678604213528124056e+00
9.970080677884344267e-01
1.664375821618084395e+00
1.541835969290403785e+00
5.733000991991473727e-01
4.847468154237853377e-01
-1.647551908182538494e+00
6.099944225784745822e-01
5.325342192411293141e-01
-1.059915384392794202e+00
4.856430307655864032e-01
3.921247646048905966e-01
9.503029012947420417e-01
1.285632691829422525e+00
-5.299254676159950161e-01
-1.145793861481997800e+00
-5.079564416733294285e-01
-2.424491421109649103e+00
-1.711507635141808592e+00
-1.161451258511558393e+00
3.911492277835335596e-01
4.563708796770027387e-01
-7.787660596640832988e-01
-9.610080492679703434e-01
-1.502743655243708121e+00
-2.709507254996883940e+00
-3.573057821756365771e-01
-6.116814530056378096e-01
5.050525015026798847e-01
-6.732449382081410194e-01
1.126737209241332055e-01
1.721734455962899091e+00
6.418467471225338672e-01
8.105192572314012800e-01
6.644921659932200297e-01
1.001473472956263766e+00
3.755779812249100957e-01
1.240564486079889672e+00
5.858993796619254013e-01
6.918343311058949840e-01
3.583661931759327818e-02
-9.704064271041327183e-01
1.074697497622631337e+00
1.063218575182324876e+00
-2.319179342425205625e+00
8.962930069182531989e-01
8.536480508910424536e-01
1.172113038298386201e+00
-2.951839591923520745e-01
-5.444429036551886592e-01
-7.621520531638860119e-01
4.864418850986853421e-02
-1.114555966633082207e+00
4.372476061368104315e-03
1.901784053918461836e+00
-2.829701777890361036e+00
9.633304148692055646e-01
-7.649956620081168612e-01
-1.076324386160730506e-01
-6.610642647844293673e-01
-1.183722169470709656e-01
2.244969448794498917e-02
4.644991060961260465e-01
8.079562338762098506e-01
2.042480140904312513e-01
3.869230256229699294e-01
3.395609260301144516e-01
5.365885564112805595e-01
1.547104265945311863e-01
6.069367849691079675e-01
3.201331015049696527e-01
3.133360532124302988e-01
-6.346210269117705249e-02
6.202829537936418447e-01
3.882294104754257374e-02
-6.477218069608716711e-01
2.277957036090388354e-01
3.780407327257110373e-01
-9.735156954156846121e-01
3.259769967559538184e-01
5.784843824696513925e-01
1.291127576330560744e+00
-1.473578465907915191e+00
-7.361070829011473471e-02
-5.656316417450987233e-01
-3.846739688867649720e-01
4.610435039727436290e-01
-1.412220313935335925e-01
1.189262406068612554e+00
-4.098926142725150545e-01
-8.532169180796059793e-01
-2.524435160909554554e+00
-9.508430635467859382e-01
-6.864542322515051476e-01
-1.858767796551622276e+00
5.719278899313249426e-02
1.544062377571690181e+00
2.175044836785370583e-01
4.541465309821592355e-01
-2.963925253045084432e-02
6.022720177022194976e-01
7.368416898997565134e-01
7.789447312498662956e-01
5.029640124929625200e-01
5.205323712684606363e-01
8.687733684161984549e-01
2.878820745289539795e-01
-1.234526852547523479e+00
-1.436537759922997370e+00
1.124482497903415368e+00
9.619396321691463525e-01
-2.388003226979263260e+00
9.568679148985603788e-01
1.470614077220051330e+00
1.940257497685038635e+00
-4.000035186737029291e-01
2.053632922808860117e-01
-1.703362883009695017e-01
-3.710650630464625843e-01
7.038699873324403278e-01
-1.092159618372170043e-01
1.615518960757404976e+00
4.652437021716042675e-01
1.585940656839332830e+00
2.963618751660431760e-01
2.363649476294430243e-02
-2.592056356749382617e-01
3.232375315984588049e-01
-3.753408800275858104e-01
5.602370387235449112e-01
2.256523000679045154e-01
1.847562204284834420e-01
7.158132612435239572e-01
9.612758582287547204e-01
1.725196497776519511e+00
2.678485149504338803e-01
1.112502885665282576e-01
2.465784614240801309e-01
5.299022462599479733e-01
2.831338244132620696e-01
-9.285222358330840198e-01
4.637675500524636729e-01
7.633007352508036636e-01
-1.547770143436031587e+00
4.962833511023205801e-01
3.738906342505795011e-01
4.820721751111459175e-01
5.431256649686247995e-01
1.031597033827214460e+00
3.667766806538662605e-01
1.907957534886181306e-01
1.196787624642172920e+00
1.693568737316565875e-01
5.998815329526027140e-01
1.623134551372162226e+00
-3.418768084861845136e-02
-2.340314161868712606e-01
-1.338956650575734653e+00
1.436613382133651751e+00
1.014690184739784229e+00
1.939536786063125462e-01
-8.060546909101652668e-02
1.776170347217562173e-01
3.075058158953554721e-01
-2.298978660096108739e-01
1.339836978850155624e+00
6.063309859002714575e-01
6.603114785816468491e-01
8.977544983210306029e-01
7.764167497110995297e-01
-1.026213145012083494e+00
-5.553699051093176076e-01
4.579642905835737965e-01
7.128642255540822426e-01
-2.323887181835953442e+00
5.802760720887377710e-01
1.884772073141109949e-01
3.184408914001672364e-01
1.350272387299892962e+00
1.211947093351290805e+00
1.897865506948259173e-01
-2.136717041019961627e+00
3.708452489959526699e-01
-4.249446029329915775e-01
1.155346143265820968e+00
-1.724820030037948815e+00
1.810833290199569678e-01
-6.055500858041489298e-01
-2.117234777071276275e-01
1.619802108271845675e+00
6.028445121533857615e-02
-5.660215184106082154e-01
-4.777613146006194356e-01
-4.386265993555030218e-01
8.282524407712493764e-01
-1.440318895223667628e+00
-2.722220568807455221e-01
-2.799993676153532118e-01
-5.215266962290973120e-03
5.127073314197141407e-01
1.535071390818681270e+00
8.405416361287542104e-01
-1.866870417879104224e-02
-7.306725608334897759e-02
2.383860913636176360e+00
-1.986680304734423030e+00
-1.057961601110304350e+00
-1.601969071751827345e+00
1.848114480942089632e-01
1.014734925819729128e+00
1.136698812130209291e+00
1.509472633661357532e+00
2.075287977030171760e+00
1.195602402152960764e+00
1.372815729415306052e+00
-1.734584972370046385e+00
-4.310951927869547617e+00
-5.976475872163137248e-01
-1.150878645817788315e-01
3.021843361165926778e-01
7.222466617904722830e-02
3.025648059279001378e-01
3.627290476666027441e-01
-5.872759561249163429e-01
-2.984519565993614121e-01
8.809705048800562377e-01
1.959263239777357113e-01
5.461538968069493682e-01
6.664907883271702360e-01
-1.199510229916355808e+00
-5.221888333750325240e-01
-3.018781420582179742e-02
5.956374077470587558e-01
-1.271554725519596474e+00
1.152758666741238835e+00
6.575661141752514594e-01
6.161074862683820763e-01
-2.628096789749249651e-01
-5.202809663851737376e-01
-5.892571710455365291e-02
-1.209849860686918577e+00
-9.843856727422712893e-01
-1.391171431583108353e-01
-1.641254975489675916e+00
1.116546157452505961e+00
1.556743965927959383e+00
-1.980229214924748016e+00
1.936403164964821677e+00
3.032631130068431328e-03
-2.673013854512898968e-01
1.120332921157820127e+00
-1.488762244708865257e-01
-2.496675156842145693e+00
2.220574358788731661e+00
-8.434009872762728843e-01
1.838736402334871345e+00
1.432563813347804915e+00
3.215674833696540169e+00
-8.820265422299917724e-01
8.515934320631734014e-03
7.044718950560551196e-01
4.447377889751020358e-02
-4.734889792876631476e-01
7.072863298781585373e-01
1.304610351936466017e+00
4.397603413408578410e-01
-9.323450220955513679e-01
1.453642836740886846e-01
1.557273920873696038e-01
1.360501881902854038e+00
-1.165393966690408067e+00
1.933188461372147282e+00
1.261251441672171181e+00
-1.296905504530711850e+00
-5.915924481220188325e-01
-3.325123305666523033e-01
-2.026093964664325286e-01
-2.922173671506738679e-01
-5.372196952986656449e-01
-4.395817266482801022e-01
-5.853109946777307337e-02
-1.934208120461759217e-01
-6.248803208033892886e-01
-1.348360492840744163e-01
-3.627217695827549271e-01
-1.142828140926672509e+00
8.700741982138421315e-02
2.414333069656230124e-01
-1.609713513336024748e+00
-5.790360707404651475e-01
4.430775847920109811e-01
1.217601321089585964e+00
2.791965780789965046e-01
-5.302452544278186686e-01
-9.501600822655243972e-01
-1.148993621413893829e+00
5.872920901300543450e-01
-1.385305043758651156e+00
3.254628400043853009e-01
-7.345402334263680943e-01
1.255030819197931191e-01
-6.305176843836942657e-01
1.942863328413632629e-01
2.091296526593786620e-01
3.714882757278459291e-01
1.028488291995658388e+00
1.135272221699374695e+00
2.629535115557954494e+00
7.665843168474767433e-01
5.450756028375473017e-01
6.919048424798424080e-01
-9.506194597800967649e-01
-8.196275832299404485e-02
7.903158047725732105e-02
-7.005362667917579556e-01
2.225223593263298216e+00
1.400054084129162824e-01
-2.545720896622664098e-01
1.682085515156868105e+00
7.059238019548034204e-01
5.611722733627171333e-01
-6.568079002463542704e-01
3.667511889710334261e-01
-7.401503662720048116e-01
1.295269289700226700e+00
-2.846733259096353663e+00
4.053775000521069316e-01
9.047808497348780454e-02
-2.442414355517489588e-01
5.389036099838446781e-01
6.566937975683823092e-01
8.115641333744471053e-01
8.760316880848197929e-01
8.473249635594382045e-02
2.808678184154642654e-01
-1.600900393128069421e+00
-6.658291092646378972e-01
5.115232598638150829e-01
4.330378024289199268e-01
-1.861217125520025828e+00
7.827649039141582055e-01
6.699256503075895486e-01
8.396944279307689829e-01
-1.760567062397816185e-01
-1.560457229222274866e-01
3.177005183621532947e-01
-1.107254569091383534e+00
4.192900587390171463e-01
-3.339545695994461938e-01
-2.779819326081935799e-02
-1.294004661881052565e+00
-3.015768412850651226e-01
1.611857643524832739e-01
-2.369547029059025089e-01
-3.921970713168696498e-01
6.780027971759829963e-01
4.942763597095623518e-01
7.168414824943711849e-01
7.062327572602127290e-01
-9.738507193556775743e-01
-8.831198037758546393e-01
4.184649719977301952e-01
1.364765372975377478e+00
-2.112100669152606969e+00
3.771733898635462601e-01
1.227535270145815538e+00
9.638738337489980434e-01
-3.458778359737008090e-02
9.415895685084266775e-01
-2.656550461092385684e-01
-1.411784937616534119e+00
-1.171372841823832944e+00
-3.386904282598793281e-01
-1.256634253351838870e+00
-8.775464706313936825e-01
-6.763982513709928535e-01
-3.029435701897746913e+00
-4.308273990276212384e-02
3.143598093456465570e+00
7.977399544727332703e-01
9.185305656613915737e-01
-2.197297579838405568e+00
-9.075277408426993819e-01
-1.476350737261715507e+00
6.470053541461643354e-01
4.857344437536917359e-01
-2.106499461424202746e+00
1.176321412143428224e+00
1.310411717408917764e-01
6.348364887027858616e-01
8.993174720450742843e-01
6.836772637279169285e-01
-7.770032789065792755e-01
-6.928677460742097560e-01
1.171341125744980172e+00
-9.198034165547575025e-01
3.689976403586956000e+00
5.222664299200467930e-01
2.059184447677246399e-01
4.900156692092747512e-01
7.389744577898049727e-02
1.213435330818530611e+00
8.518238191979390361e-01
1.871130351418213433e-01
1.007550090452161484e+00
2.051391649251722848e-01
2.939685864306323948e-01
6.809111085889085757e-01
-1.195343868695046829e+00
2.395337066356607369e+00
1.728056486262853797e+00
-1.557510108499954582e-01
2.070613982910872064e+00
3.109450736219727118e-01
4.527029931228745419e-01
-2.135941381834844943e+00
-4.950189676058156657e-02
4.429095109788678403e-02
1.569625090504155551e+00
-2.125808457352820646e+00
-1.895109240335454970e-01
-1.192468406458357055e+00
4.411587823045762247e-01
2.904969557473139341e-01
2.100712276781053767e+00
-1.200098205062107848e+00
-6.635390524374499277e-01
-1.524375710651954263e-01
2.905236843475293984e-01
-1.233708742881852727e+00
1.233558391663432119e-01
1.348547848996538567e+00
1.475882963629546740e+00
-1.745863235888466536e-01
-3.870733056942909922e-01
1.989725467269384471e-02
-1.059268200681392491e+00
-1.446059150148829575e-01
-6.788884747372061490e-01
-2.004651697200852123e+00
-2.424708350124366030e-01
-5.804107050955744640e-01
2.658963460171209214e-01
2.735706752790149632e-01
1.692332628067474698e-01
-2.249796069906475904e-01
6.992209777370668178e-01
3.206806328353393742e-01
1.006536098113276267e+00
5.888073187479996307e-01
1.269188330875090420e+00
1.422624865827058604e+00
-3.352648296457489407e-01
7.626702380010573767e-01
1.078134101941358169e+00
-7.288197918139172060e-01
5.898410022918798568e-01
2.074461879811717313e-01
-1.907976773344169652e-01
2.618434994399441607e+00
-9.641531777276584059e-01
1.355986063448696988e-01
-3.412448163231907722e-02
2.409631034441522268e-01
4.815982999414211707e-02
-1.677017525583565372e-01
1.803395174629907616e-01
1.491751569331232208e-01
-5.584702065925177816e-01
7.649495518233386804e-01
6.778951396228197757e-01
6.574913153127295296e-01
1.756682304833829145e+00
-2.320371224736734739e-01
-6.309608456887734196e-01
-1.160893684783594892e+00
1.861490271748177799e-02
-6.900896711137070039e-01
1.054474143202895897e+00
4.098270635837003018e-01
1.451379559497035232e-01
-1.069837246029488709e+00
-2.139975866732173604e-01
1.127727629786845209e-01
5.114875849594867352e-02
8.163707653344866311e-02
8.967462668975508810e-01
2.575555819837656579e-01
5.887583680247868712e-01
-4.680708290949798234e-01
4.149235941791133975e-01
2.734371970561104259e+00
-8.108985365912132481e-01
-2.895307252032658929e-01
1.158880962033165707e+00
-6.886644320735346714e-01
2.574834909153100870e+00
1.050996216202285005e+00
6.277995496708737022e-01
1.306494051106712462e+00
3.092084273748964218e+00
5.166833692295002001e-01
-7.232441973134955127e-02
1.156632903289399744e-01
9.664250398700345857e-01
1.321811143880140982e+00
-1.330188224974307554e+00
1.252023482639793794e+00
2.396235629858556315e-01
3.186709886736651676e-01
-4.408453890380353846e-02
2.144151965362603107e+00
5.927359961110251207e-01
9.702297847750097626e-01
-1.639970117635050517e+00
2.497461643475639370e+00
5.041251977491561398e+00
-5.843065366176373177e-01
-1.296717407511525755e+00
3.373625995459708538e+00
-3.705934070269520930e+00
-2.277798696426415859e+00
-2.052142322303216471e+00
-4.140129969518911324e+00
1.935881147754493936e+00
4.471148294959484959e-01
6.249008282375373424e-01
-1.806641649800903471e+00
1.349723751439936725e+00
1.065618500369714727e+00
-4.318472502672741520e+00
1.885896305825353059e+00
2.444033565796657759e-01
2.778361830814009559e-01
5.158859916168198612e-02
1.189116963577934449e-01
6.546614765403251102e-02
1.454803956683179689e-01
8.344253519492431659e-01
-6.264329525810548305e-02
4.143719586708530800e-01
-5.094772732983005037e-01
9.479422072491276996e-01
-2.786861513629205200e-01
1.602761115953477589e+00
-4.734605283181551605e-01
-8.563753554296245074e-01
1.783925918795399856e-01
-5.335685853313880678e-01
-9.022417773730146973e-01
1.329586819819771615e-01
5.196255195812649053e-01
1.556721941994303471e+00
6.284606558138194909e-01
-1.522542784166268925e-01
-1.280858774580808657e+00
7.662906258391387858e-03
-8.527663116880568328e-01
1.265285878386077867e+00
-1.924549657727777086e-01
7.432200235045816929e-03
1.209708420675852381e+00
-6.358303717378186448e-01
-1.043335430169837874e+00
2.117717803932210874e-01
-9.613849784980724733e-01
-6.467723886921333820e-01
1.665827134378606855e-01
1.237750822533913775e+00
-1.242208513554326349e-01
1.061480228379040547e+00
-1.009190311987477440e+00
3.407730160515745510e+00
-2.038514078163414511e-01
1.166852553042311502e+00
1.781950655745734302e+00
1.093720209296471957e+00
-3.037517103220199188e-01
9.230105507116521946e-02
1.301251902518303083e-01
-4.660230036697622924e-01
5.608350795543476375e-01
-1.853242446634017382e+00
1.042989029240185994e+00
-2.622678934447629853e-02
4.642733209246360238e-01
1.642642360767407883e+00
7.889185604677009245e-01
2.592647268263804650e-01
4.927652113893862262e-01
6.628547336918291788e-02
-5.593081109790868366e-01
6.924055410497543805e-01
-2.225260551618773786e+00
7.502031517363965119e-01
-1.056241285973471833e-01
2.309128731145688451e-01
1.386073159351229656e+00
5.870157874813037857e-01
1.083684738435344297e+00
-3.837293618921024385e-01
-1.496111191006691099e+00
5.260772578571767388e-01
-1.793753581063516789e+00
2.864551804302573057e+00
-6.260404018541276816e-01
3.176456190853985673e-01
1.424137748801840742e+00
-2.437647139400970497e-01
2.591343114377921975e-01
-4.643952548220004473e-01
-3.396188835421047880e-01
-1.642689451242298482e+00
-2.480197981683863184e-01
7.510413663216101154e-01
4.278393322607947358e-01
1.445667235133277329e+00
3.189789522352322049e-01
-8.336703958885085530e-01
3.013982597919636144e-02
1.191071118783156413e+00
8.009509909707157593e-01
9.359815006177517605e-01
7.181678809152588494e-01
1.322505978790635695e+00
5.293157798147828386e-01
2.151665482555777054e+00
1.037151947015354958e+00
-1.482817481669335136e-01
-5.958873013763626991e-01
3.556261645519379067e-01
1.016452129508187641e+00
8.109440204271853858e-01
3.126961166441938333e-01
-9.951569835416068655e-02
-5.846555357286002952e-01
-6.057918393634175169e-01
3.712841744780504882e+00
4.956098357992187453e-01
-1.380498274817807403e-01
-2.398558052637732863e-01
-2.881138852970641651e-01
2.279100896151812439e+00
3.605111099088771365e-01
-2.438018509043479998e-01
-4.559636121567954281e-01
1.074617047152357729e+00
-2.774796239588949720e-01
-3.623781293732173531e-02
7.828760715104291501e-01
-1.037737272104535702e+00
1.468145549156583352e+00
-6.735075156811871633e-01
-4.274334283841862425e-01
-3.379285286799509902e-01
1.268067278811521925e+00
2.177192077574499063e+00
7.748192953320349741e-01
-1.220377965758554506e+00
1.227959896588889155e+00
2.415966525284103938e-01
1.014946062187075615e+00
1.974251822970836567e+00
-3.270583832453520245e-01
1.193386347630787991e+00
1.795034423281829106e-01
1.440768365989216315e+00
5.860693590497906280e-01
5.809223080178627097e-02
1.712931282436087388e+00
-5.014652602513851587e-01
3.401884545750285538e-01
3.803419078308979961e-01
-3.331790808031495077e-01
1.303400881080605533e-01
2.739184254438425281e+00
2.633292494681937157e+00
4.631687382733000735e-01
-2.141695948457452148e-01
-8.104900287041425511e-01
5.908014813465816140e-01
-7.740305488042469317e-01
-1.514316448111257818e-01
-4.860749038536750000e+00
-1.856082855192575654e+00
1.138226577661115124e+00
1.747726273584923329e-01
-1.744458952333161728e+00
1.354627148421617688e+00
-4.581975648767514286e+00
-2.418430089454616017e+00
-1.002026275355960827e+01
8.669606942791429072e-01
-9.928091215554124549e-01
5.372431414914630166e-01
1.384236694178798244e+00
2.632372041661191764e-01
-3.205251822483948798e-01
4.222179150546484516e-02
1.326699574368814361e+00
9.091575941384019144e-01
-2.232144883032483484e+00
9.564249351153759626e-01
1.376708663411216449e+00
5.926104655304670343e-01
1.881132177537898076e-01
6.274622882558715808e-01
7.418990517887031899e-01
9.173546798853896567e-01
-1.086229776887416953e+00
1.016080467158622991e+00
1.287954425923838221e-02
7.388773916442641365e-01
-7.000917180682215690e-01
7.703453047352497585e-01
6.962006533592138835e-01
9.409334871210339735e-02
5.938477505296744369e-02
-4.408223762226033404e-01
3.139698258831808975e-01
1.357888634917804871e-01
-1.467454975997945221e-01
-8.101329435069622997e-01
1.028931626847212399e+00
1.216852371089979234e+00
1.558939992191619994e-01
-9.523779014032053569e-02
5.834622804168376753e-01
-5.598183992886738292e-01
-9.772769274537134176e-01
2.945996544281310192e-01
-3.946568024580046075e-01
4.927227726649607287e-01
2.472249609720612362e+00
1.855446102498833572e+00
4.065153080264772845e-01
3.374555691545271796e-01
7.905154525851699754e-01
1.332920281139402974e+00
-4.168132173391192463e-01
-4.971579604180088041e-01
-1.480426083968262363e+00
1.205596834853994048e+00
1.386125255818611679e+00
-2.046827995687250101e-01
2.466523072927834515e-01
1.028228392823147486e+00
-1.525017083755053848e+00
5.293230915833920802e-01
9.234914012082717782e-01
9.956511056219063960e-01
-1.133374641804368865e+00
1.780029517801944960e+00
6.335174464482655754e-01
1.528153351094715173e+00
3.126670055234037071e-01
2.534291281707927723e-01
3.203921866571573518e-01
2.178109257036535129e-01
-3.610410405128496314e-01
-1.283528745109795866e+00
-1.329217125542437428e+00
3.840530165383431171e-01
-9.032051155935719722e-01
1.074486117560568887e+00
2.798545759304824632e+00
-3.567504469137958711e+00
3.127107446152690873e+00
-3.963483606041815488e+00
1.616527446565154014e+00
1.048083908597967628e+00
6.716252185826965260e-01
2.385957087253434139e-01
1.100280065758037162e+00
1.640153716966592290e+00
1.057730688409514785e+00
-1.988378023482364476e+00
1.682817188131608521e+00
-2.950253756651189524e-02
9.532590155489085726e-01
1.985431310849988140e+00
2.451227837673944254e+00
1.817044677461020052e+00
1.411813775613750543e+00
1.228867183586704881e+00
2.891118925176238807e+00
1.644703094152911715e+00
2.033361488426831620e+00
1.699178550063466631e+00
-1.138160670305259137e+00
2.857435625587448347e-01
7.194729678700798603e-01
3.138409160563702671e-01
-4.309302235771082512e-01
2.161072396163719489e+00
1.720541392012274295e+00
4.943072830442369336e-01
-2.782616718913720977e+00
1.198440858349193228e+00
6.250599789705444387e-01
5.496103746596261441e-01
-9.182128033319243432e-01
1.605291647949508071e+00
1.323087750118485451e+00
-2.598423994176044527e+00
9.155660158542096028e+00
5.858369677383329588e+00
2.622019000595804172e+00
2.043090881350472898e+00
3.795308459037863624e+00
-5.834936880639339796e-01
2.651360350813441347e+00
3.679758500713221636e+00
-2.246527529300045289e-01
1.548364638512733871e+00
3.503431486989497134e+00
4.170064821217803086e+00
3.832960431514536914e+00
4.603083603113650391e+00
6.064326288273157672e+00
3.775556499551517398e+00
8.118205593760049466e-01
1.938545705239714589e+00
2.260808467934884547e+00
5.110781013184600985e-01
4.494509964563245141e+00
-4.288300076041791364e-02
1.283844081839517592e+00
1.781178230345901836e+00
-1.628185459487344833e+00
1.278901196306400090e-01
1.169896439397100751e+00
2.277469160713299079e+00
-5.535869955243090113e-01
1.248978275130572246e+00
9.672076803492364316e-01
1.895615052122158195e-01
9.863792217441547550e+00
4.512065222636359452e-01
4.048087936533435460e+00
4.013077038454634149e+00
7.325516351511278224e+00
3.046255638442612601e-01
-1.130887662570365437e+00
6.839803434225151246e-01
-1.623426304831922184e+00
4.305884216349474825e-01
-7.217454600369000994e-01
-6.924043811934329495e-01
-4.681087767539489519e+00
-2.656569500677023132e+00
1.623093275879812669e+00
7.876071632801463496e-01
-9.643954237085401449e-01
-4.064822900084980595e-01
-1.441578909993763258e+00
7.913352576590485521e-01
1.704489074418825689e+00
-2.023591355572501804e+00
-9.958452872873219119e-01
1.701689110788613846e+00
1.549940171113662446e+00
-1.238646917922266513e-02
-4.742494138750450450e-01
-1.483235398977705843e+00
1.054891860062505016e+00
-5.627878224718763089e-01
-6.899167886454089793e-02
-3.327390328825234000e+00
-3.536809564489195701e+00
-2.428582185656564252e-01
3.812308751039246157e-01
-7.877697882478594815e-01
1.683113827543536667e+00
-1.428650367337230165e+00
-1.781095111323041769e+00
-2.487048741894426040e+00
3.685427461764397283e-01
2.002350046619724377e+00
2.107404376784829947e-02
-2.015805757798484199e-01
2.822392812021515596e+00
-1.984943657535990669e+00
1.076368433102943500e+00
-1.035350997899660674e+00
-1.487454466801936492e+00
-1.537052763933891009e-01
-6.702453957211360613e-01
2.494616009493181963e+00
6.159468861614844637e-02
4.041990712853518186e-01
6.502230518252352098e-01
-8.175657686543302827e-01
1.234706952312336403e+00
1.983052728294357747e+00
4.129971317635686923e+00
7.674454015453109346e-01
3.148432422226069005e-01
-8.830058110480202282e-01
1.030740939470678574e+00
1.434619580384620230e+00
1.108109398307359328e+00
-6.070266443777011744e+00
-2.492511317616686650e+00
-1.268577775653649542e-01
-5.176738523856161400e-01
-3.576314094155246703e+00
5.780925448577621806e-01
-1.420266087341344630e+00
-6.087491234583545241e-01
2.732949488624714984e+00
-3.405492241181986568e-01
2.916934205061558760e+00
7.904531794313168769e-01
-4.795724885695754058e-02
-9.887627581354839768e-01
1.329536294072057645e+00
-5.314526408003023006e-01
-3.297002855629166618e+00
2.476915000443623560e-01
1.069755293190012502e+00
7.312868137501773447e-01
-2.547069334912330341e+00
8.448727443713212049e-01
-8.768683929136668054e-01
2.241451456032857725e-01
5.796297807338627317e-01
-7.285076124693647959e-01
8.658584014854271427e-01
-9.616956315325864146e-01
4.196638691208338656e-01
-9.688563499330258288e-01
5.518400014030123701e-01
-7.587096375151817229e-01
-6.365026303555489928e-01
-1.004157996839484257e+00
-2.028827587453709391e+00
-6.784982782607374974e-01
9.938317451541882619e-01
-2.264954460079799503e+00
-1.596408690699152144e+00
-1.093194413635565798e+00
2.725070317952917875e-01
-1.290640364125287931e+00
6.437964558618500810e-01
8.038085494603774972e-01
-2.095429516927385105e+00
-3.854537664581032530e-01
3.120782933958323180e-01
6.093185493480841874e-02
-1.997658116078008250e+00
5.249705987862022250e-01
3.042979354780530055e-01
9.995696479815484592e-01
-1.822884618464776896e+00
1.592875802064536994e-01
-9.103517316609825993e-01
-4.861905207417211439e-01
-2.173930586699843293e+00
1.060987186803891147e-01
5.652866800232806410e-01
5.217595405070662995e-02
-1.069402978079865285e+00
-1.630224727609403956e+00
-2.725764825981210615e-01
-1.123518079535629877e+00
-2.577692469218126337e-01
-8.104513599951148617e-01
-2.656929874054646312e+00
-1.015414947224565934e+00
-1.849640637526114018e-01
-1.257337469179192979e+00
9.433748537012240920e-01
-1.031166678842176720e+00
-4.555448032467044328e-01
1.443146817885316402e+00
-8.031501645412760793e-01
2.059057594316517359e-01
1.229893171014659059e-01
1.140857315071740041e+00
5.736385144783543444e-01
-1.155360023250508794e+00
4.986690517700392289e-01
6.743227124745116985e-01
6.003118572760675065e-01
-1.300898960737794319e+00
-7.062879179645705774e-01
-1.344839852006362690e+00
-7.451400056084017676e-01
-1.523734418261888379e+00
-3.873163196692168131e-01
-2.405545370574894815e+00
3.509052987146717983e-01
4.704436498867723970e-01
-1.511621576416106727e+00
4.576177355391950474e-01
-1.193565908518959384e+00
5.728123289487359049e-01
2.067635546757867537e+00
-7.689458842333199429e-03
-9.529403140453550636e-01
-8.212861462787510725e-01
3.043499465376833801e-02
-6.700301922212584804e-01
1.945077293313224667e-02
2.311664370627120491e+00
-3.290836489708236723e+00
-3.827329497894695898e+00
-1.387039115516272902e+00
2.972602664273137907e-01
6.308852676459903996e-01
-6.880756761893613849e-02
-8.462018665869972533e-01
1.294865753197053992e+00
-7.619024173490148710e-01
-1.996850764032359171e+00
-4.315718912407513486e-01
-2.469987514992862732e+00
-8.032730850703623249e-01
-3.308366762757743551e+00
-1.055290204444875535e+00
-4.682223404340470019e+00
-1.448124102933616042e+00
-2.592745531264682324e+00
-2.723834565518373774e-01
-1.834754276535620399e+00
-2.287279854425510184e+00
-1.519261648408070542e+00
2.913341702911391273e+00
-7.366007901502107380e-01
-8.525779104013296861e-01
2.066471673660363884e+00
1.656694782912097486e+00
-5.952189001604454299e-01
-2.312899230931257044e+00
1.630199726757312506e+00
-4.980833850622070180e+00
1.181496595337030220e+00
-1.155842325249307523e+00
-3.895234255381004734e-02
-5.277633676067314955e-02
-3.770636201286878958e-02
-6.534406448817692281e-01
2.217720489941196860e+00
1.081192260904852986e+00
9.058997738428649360e-02
9.775752654848126610e-01
1.009695892251895488e+00
1.503776055576512283e+00
-1.068170582219324510e-01
3.375511224739886074e-01
7.972275638146537613e-01
9.294766891455003011e-01
-3.872835351120890168e-01
1.655861633608431083e+00
-1.648331180415089081e-01
8.180480284466623564e-01
-2.020223130967961023e+00
-1.288906486522748196e+00
1.942769690462226695e+00
5.994926281947197122e-01
-4.327602165877796891e-01
2.535820395569704289e+00
-1.059254782066120670e+00
-2.036015974477728072e-02
3.095938164147431948e+00
-1.809467595109540416e-01
-2.560198760992930533e-01
-2.878963808522421730e-01
1.554600369400434223e+00
1.414630219082062323e+00
1.679271182521312689e+00
-7.293216670420848979e-01
2.760339958459264054e+00
3.852342923110099737e-01
1.881269070640371188e+00
-2.732899526965810733e+00
-1.697471235918549981e+00
1.315623174636881387e+00
-1.814237426188222979e-01
1.461413959497725790e+00
-7.041019256084971589e-01
1.277639885382145790e+00
4.281423861036000922e+00
1.574139567939078777e-01
-3.486689428094570609e+00
-1.119690884933492031e-01
3.306954199956566587e+00
-2.102117180826605036e+00
-1.764303721144370840e+00
3.149560768623209661e+00
1.137970567956323870e-01
-2.389928704877006371e+00
4.116199486009556985e+00
-8.518778439225570542e-01
-5.821176233851725890e-01
-8.471572220468299719e-01
-1.732385738588503088e+00
1.238105030879183666e+00
2.201892087358469752e+00
3.036828789577165733e+00
1.193875033075423309e+00
1.334767737182240177e+00
-7.190380592418776917e-02
-1.294206056602448029e+00
-8.163801692279032407e-01
7.879964747052704555e-01
2.760553126330887036e-02
-6.638384902027638645e-01
-8.808748833032979952e-01
9.595234960409945169e-01
1.491926742585641508e+00
-3.256448354754840624e-01
4.984637643182827649e-01
2.843773930619214463e-01
-3.942584861416564834e-01
-2.107786906647471703e+00
-1.670541638557487274e-01
-2.156669073545667281e+00
-1.455150868213826110e+00
2.241154984599369016e+00
2.343553580643106482e+00
-2.899810606445615835e-01
-6.725818525711720897e-01
-5.229629868369918277e-01
8.402727844288010450e-01
-4.684028306840963829e-01
2.356273662992126816e+00
6.770554192853742714e-01
9.844655360919769560e-01
-2.682704559620995854e-01
-1.041467379763439727e+00
1.171309712586682705e+00
2.027199325209528169e+00
2.098004183449206639e-01
1.323339036631018262e+00
2.367502906873553137e+00
-9.852249105450167077e-01
4.626535396077035678e+00
1.350034283076266828e+00
-1.153728446279030512e-01
-8.521468464399555298e-01
-1.333286241782069226e+00
-4.366189360412597864e-01
2.725004815148202475e+00
2.228279326533323668e-01
8.630816929590101605e-02
-3.790022630827351996e-02
2.114357757356662149e-01
1.676402605294610382e+00
1.573972211118375153e-01
9.030467400850910042e-01
-6.129318059883311909e-01
4.000831059854697558e-01
1.558574741520547258e-01
-1.167486772271852047e+00
-1.483331705691927294e+00
1.783157637282532515e-01
-1.658758803688165639e-01
-3.607544751205026268e-01
5.966282095125119422e-01
4.087727645776818575e-01
2.531610637068004710e-01
1.085673757941718831e+00
-1.527386005097688626e+00
-1.457792231491060464e-01
8.487800448070371706e-01
-9.727527238437867485e-01
-6.703165224078737605e-01
-2.304182280931337257e+00
1.197988374098783559e+00
-5.035245093227441737e-01
-6.490848612866355616e-01
-2.935753423381396998e-01
2.636332982946198306e-02
9.634910946565292678e-01
7.559052725155634977e-02
-1.598126720174200266e-01
-8.864668993734898805e-01
-1.132666546817743924e+00
2.562630787532882981e-01
2.899553052981755918e-01
3.277618714685710533e-01
-2.008119556709039522e+00
4.593909055798294644e-02
3.033187749942685696e-01
7.254004673043412676e-01
-1.180811910864799197e+00
-1.205058559741776891e+00
-7.956127207770700982e-02
-3.772256395431524689e-01
-2.313696015934219030e+00
6.892367028790852279e-01
-2.178396073201708472e+00
1.271125015848960871e+00
-2.964235734641986197e-01
4.780578556958530734e-01
1.200813782308629118e+00
6.743916448479464476e-01
-2.571454625956827722e-01
8.273453284782896766e-01
-1.671975138737857858e+00
-4.763654249579573730e+00
-3.868809311594923472e-01
-1.763548370643093666e+00
-1.794776865846543945e+00
-4.885161910252696638e-01
-1.642539225338099484e+00
-1.854140934597811929e+00
-4.287506922903062956e-02
-2.738657344829270812e+00
-2.534518136527098342e+00
-1.616656520544723641e-01
1.840266154712860924e+00
-4.473498545219249500e+00
1.938377732957383692e+00
-9.014975506540391370e-01
-4.596164658038339290e+00
1.252306967582319963e+00
6.968808039845123536e-01
-1.789932923119375296e-01
1.051701616936862704e+00
1.209252863084658403e+00
2.280690715889684306e+00
-5.324320807735025696e-01
1.824376790496571754e+00
6.262876990218814444e-02
-3.756731352299351179e-01
-6.110429354723209139e-01
2.095460719640934499e+00
1.323688231719925223e+00
1.798065971147519537e+00
-4.506406681957872529e+00
1.059309717674414841e-01
-1.166173049181927768e+00
1.221451761486200827e+00
-5.045357602792109653e+00
-4.156160674101990193e-01
-2.931051778500832761e+00
1.446140278685862368e+00
2.187705845681244821e-01
2.524275145114720509e+00
1.529487832401471570e-01
1.126756719942558216e-01
1.924408963954079843e-01
1.964360558683934777e+00
-2.405727402459313158e+00
4.497868272955409252e-01
-1.220276921791227709e+00
7.561763942736841049e-01
-6.625740904789614305e-01
-5.049672306238622843e-01
-1.441348845267751422e-01
1.366057590754276241e+00
-2.851693783123002479e+00
-2.469582607195000001e+00
2.775438250103280602e+00
-3.318599023984190932e+00
-2.546917688183304662e+00
-3.103542155052239515e+00
1.280614192615241897e+00
1.816607799322343508e+00
1.374810887115547331e+00
1.409549506121061446e+00
6.243370540512517275e-01
-9.602579460132668610e-01
2.605630325734201946e+00
1.079769745003441583e+00
-4.350627111625146037e-01
-1.674088985040295352e+00
2.819650764232982110e-01
1.522605521206289891e+00
1.279223923390918616e+00
-7.961346629541342645e-01
-4.642642411789182910e-01
-1.351616848104379320e+00
1.531480731304864618e+00
-5.297289917464443221e+00
-7.605299868779371586e-01
-3.254690652466071921e+00
-1.079538842795054077e+00
4.394190412493370168e+00
7.705056026763486450e-03
6.423141033346024820e-01
-2.094179321514770376e+00
-3.143717324818072201e-01
2.075160431723668819e-01
-7.595425346637948438e-01
-4.638339522370615864e-02
-2.649928715857090000e-01
-1.101934485215696702e+00
1.018492482476957006e+00
-1.151700217936696413e+00
-5.979109379083491049e+00
-1.215553454385582821e+00
2.062682625367100897e+00
-3.028444365963562035e+00
8.484609979842981931e-01
-5.934287425851597852e+00
-9.900287520761416049e-01
3.268844148692370499e+00
-5.556006692199221275e-01
-2.208492835109182373e+00
5.018084874217698665e-01
1.069769584801232298e-01
1.654259960639177240e-01
-1.957981004992373153e+00
8.638739329444033999e-01
4.682806971222293613e-01
5.779120116141520658e-01
-3.204593575861481636e+00
-3.831315997147995756e+00
-5.851581472354454583e-01
-7.245474886053461516e-02
-3.171969542165725464e+00
2.775743711943658987e+00
-5.508655597829444694e+00
-4.492229047076602200e+00
5.465833880805152312e+00
-4.506369809220614475e-01
6.841384685438802737e-01
1.771133443802867413e+00
6.326122687330177907e-01
5.117406583970944833e-01
-3.536318650422975995e+00
-1.731330432557636856e+00
-9.361991784297529762e-02
5.000516876840916503e+00
7.272106899219434872e-01
-4.514065540907874485e+00
-8.990826607230112399e-01
-1.980110942881070590e+00
-5.415601240263314686e-01
5.899343241922637482e+00
-1.223378479380370809e+00
1.086032736571257207e+00
4.415375706358685370e+00
1.423763233987269228e+00
8.375847264487735755e-01
-1.421965450156879696e+00
5.483567972283187597e-01
1.254447757517379136e+00
1.360606183570590488e+00
2.461339367327100014e-01
1.764575673073308204e+00
-1.501448504684334440e+00
-1.039290534147319311e+00
-4.017687999386027720e+00
-1.993404603689989063e+00
-3.775233714192647749e+00
-3.553363341815967136e+00
7.662526750746410542e+00
2.583874891770520099e-01
7.425816438112916584e-01
6.798235770873797268e-01
1.172360595968293534e-01
4.729474587437458299e-01
-3.045744245185710297e-01
6.448828661608124735e-02
-3.373458220187343093e-01
-2.311452500501259555e-01
6.077576029195308482e-01
-6.187736371908242328e-01
-1.364497167500337005e+00
-1.583186026166707894e+00
2.780247587718496227e+00
-1.035389100697418963e+00
-3.583637483640148558e-01
1.201645589004481485e+00
-1.402720820844417071e+00
-6.271811486684679693e-01
-7.301692065190669156e-01
-6.758820936878409680e-02
-1.123764794283975244e+00
2.900148752128614213e-02
1.146437052637224285e+00
-2.739210197091287213e+00
-1.599069239867688896e+00
-2.285401931195609304e+00
-8.695925125360298713e-01
1.043926154469274059e-01
5.259341906587131632e-01
-1.317911390379236991e+00
5.587639241605990570e-01
4.045899129276936401e-01
1.266230192145924471e+00
-4.799450106401870197e-01
1.153337985395496368e+00
-2.608632566557111065e+00
3.847303404400645999e+00
8.720181891420868137e-02
1.939011538885768493e+00
-6.491051039245421705e+00
3.216686771445643078e+00
2.320560816933078030e+00
-7.922236030085961778e-01
4.536601864913141768e-01
-6.549160511892274106e-02
-5.607266008990492434e-01
-3.660981993394579748e-01
2.361791299385300746e+00
-3.338401724560272399e+00
-3.145036612514743868e-01
-4.646453705134515610e-01
1.810467208222162450e+00
1.650708897524112359e-02
8.572713567249973243e-01
-1.261352772261262967e+00
-1.986060284261978559e+00
1.146621435808139244e+00
1.154506139766752648e+00
1.658077307873994544e+00
-3.649366689046429357e+00
3.441052033649227293e-01
-4.442324452504933796e-01
6.472378106970219092e-01
-2.478982400169748579e-01
3.434035288555252752e-01
-1.934654873079616033e+00
-3.869737298502657463e+00
-7.913941220397514853e-02
1.743777040074373730e+00
-1.836542516394289670e+00
7.420239829405121945e-01
-8.076227320628893702e-01
-2.044627646617438899e+00
1.440778037089980534e+00
1.320615462788175654e+00
1.521176404020918582e-01
6.795769948844097019e-01
-6.285624772057113452e-01
3.185480486037165271e+00
-3.057154074614603534e+00
2.605095560659137277e+00
3.626438681589774227e+00
-5.202344355656389752e+00
-7.495754327105301762e-01
-2.687585795947308731e-02
1.297058104691660718e+00
1.841562378220976015e+00
2.697686686608844919e+00
2.669962450059194525e-01
-3.337421393865191988e+00
7.282462225473589346e-01
1.252090498367292470e+00
2.002426422586279120e+00
-3.710158676750056062e-01
-5.201332550607628002e-01
-1.031571677444671709e+00
-1.457993403561890666e+00
7.774298909778820654e-01
4.217103436327946514e-02
8.403670105428888704e-01
8.797127789213559090e-01
1.655640711521908504e+00
1.869006983602828464e+00
-8.821098415429875494e-01
5.251738771811079509e+00
-3.767751279245737384e-01
1.054651221714363096e+00
-6.626949625154594514e-01
-1.831288307335010357e+00
6.508342845996509252e-02
2.258941302316704869e-01
-4.690456582845898836e-01
-5.283091816441260608e-02
2.344823719254093497e+00
1.419573892217274591e-01
-1.371907481818734231e+00
1.920346801654512436e+00
2.815285220671061017e-01
1.591635082886311725e+00
0.000000000000000000e+00
0.000000000000000000e+00
0.000000000000000000e+00
0.000000000000000000e+00
0.000000000000000000e+00
