# Re(EQRPA)	Im(Strength)
0.000000e+00	3.854459e-03
1.500000e-01	3.974692e-03
3.000000e-01	4.101631e-03
4.500000e-01	4.235829e-03
6.000000e-01	4.379972e-03
7.500000e-01	4.531025e-03
9.000000e-01	4.691381e-03
1.050000e+00	4.861894e-03
1.200000e+00	5.045561e-03
1.350000e+00	5.239691e-03
1.500000e+00	5.447305e-03
1.650000e+00	5.669797e-03
1.800000e+00	5.908753e-03
1.950000e+00	6.169311e-03
2.100000e+00	6.447278e-03
2.250000e+00	6.748038e-03
2.400000e+00	7.074367e-03
2.550000e+00	7.429490e-03
2.700000e+00	7.817174e-03
2.850000e+00	8.243194e-03
3.000000e+00	8.710304e-03
3.150000e+00	9.225889e-03
3.300000e+00	9.797909e-03
3.450000e+00	1.043412e-02
3.600000e+00	1.114645e-02
3.750000e+00	1.194790e-02
3.900000e+00	1.285514e-02
4.050000e+00	1.388836e-02
4.200000e+00	1.507394e-02
4.350000e+00	1.644498e-02
4.500000e+00	1.804476e-02
4.650000e+00	1.993019e-02
4.800000e+00	2.217801e-02
4.950000e+00	2.489334e-02
5.100000e+00	2.822508e-02
5.250000e+00	3.239069e-02
5.400000e+00	3.772191e-02
5.550000e+00	4.475497e-02
5.700000e+00	5.441915e-02
5.850000e+00	6.846609e-02
6.000000e+00	9.026938e-02
6.150000e+00	1.234191e-01
6.300000e+00	1.570973e-01
6.450000e+00	1.897552e-01
6.600000e+00	2.564547e-01
6.750000e+00	3.926985e-01
6.900000e+00	6.700310e-01
7.050000e+00	1.190675e+00
7.200000e+00	1.605444e+00
7.350000e+00	1.176364e+00
7.500000e+00	6.602283e-01
7.650000e+00	3.855050e-01
7.800000e+00	2.472273e-01
7.950000e+00	1.725970e-01
8.100000e+00	1.294884e-01
8.250000e+00	1.036675e-01
8.400000e+00	8.862347e-02
8.550000e+00	8.170932e-02
8.700000e+00	8.305732e-02
8.850000e+00	9.639881e-02
9.000000e+00	1.317798e-01
9.150000e+00	1.975869e-01
9.300000e+00	2.227552e-01
9.450000e+00	1.538654e-01
9.600000e+00	9.604553e-02
9.750000e+00	6.602130e-02
9.900000e+00	5.030352e-02
1.005000e+01	4.144156e-02
1.020000e+01	3.620102e-02
1.035000e+01	3.317521e-02
1.050000e+01	3.186021e-02
1.065000e+01	3.241594e-02
1.080000e+01	3.568385e-02
1.095000e+01	4.068219e-02
1.110000e+01	3.921904e-02
1.125000e+01	3.457154e-02
1.140000e+01	3.344349e-02
1.155000e+01	3.650397e-02
1.170000e+01	4.387285e-02
1.185000e+01	4.715779e-02
1.200000e+01	3.975432e-02
1.215000e+01	3.366741e-02
1.230000e+01	3.097954e-02
1.245000e+01	3.012141e-02
1.260000e+01	3.022392e-02
1.275000e+01	3.092335e-02
1.290000e+01	3.208518e-02
1.305000e+01	3.366404e-02
1.320000e+01	3.556847e-02
1.335000e+01	3.772560e-02
1.350000e+01	3.985394e-02
1.365000e+01	4.226868e-02
1.380000e+01	4.523836e-02
1.395000e+01	4.877932e-02
1.410000e+01	5.294006e-02
1.425000e+01	5.781731e-02
1.440000e+01	6.356234e-02
1.455000e+01	7.038994e-02
1.470000e+01	7.862447e-02
1.485000e+01	8.879005e-02
1.500000e+01	1.017960e-01
1.515000e+01	1.187119e-01
1.530000e+01	1.371180e-01
1.545000e+01	1.544993e-01
1.560000e+01	1.776434e-01
1.575000e+01	2.099650e-01
1.590000e+01	2.540808e-01
1.605000e+01	3.148419e-01
1.620000e+01	4.008335e-01
1.635000e+01	5.273358e-01
1.650000e+01	7.230006e-01
1.665000e+01	1.045469e+00
1.680000e+01	1.620000e+00
1.695000e+01	2.732517e+00
1.710000e+01	4.929082e+00
1.725000e+01	7.798630e+00
1.740000e+01	7.037516e+00
1.755000e+01	4.091946e+00
1.770000e+01	2.301565e+00
1.785000e+01	1.408043e+00
1.800000e+01	9.351323e-01
1.815000e+01	6.596024e-01
1.830000e+01	4.894743e-01
1.845000e+01	3.808605e-01
1.860000e+01	3.086880e-01
1.875000e+01	2.510657e-01
1.890000e+01	2.038464e-01
1.905000e+01	1.689054e-01
1.920000e+01	1.427221e-01
1.935000e+01	1.224378e-01
1.950000e+01	1.063125e-01
1.965000e+01	9.324307e-02
1.980000e+01	8.248348e-02
1.995000e+01	7.351535e-02
2.010000e+01	6.594832e-02
2.025000e+01	5.954870e-02
2.040000e+01	5.406254e-02
2.055000e+01	4.934864e-02
2.070000e+01	4.529562e-02
2.085000e+01	4.184786e-02
2.100000e+01	3.902191e-02
2.115000e+01	3.689947e-02
2.130000e+01	3.504501e-02
2.145000e+01	3.261109e-02
2.160000e+01	3.039780e-02
2.175000e+01	2.807579e-02
2.190000e+01	2.582183e-02
2.205000e+01	2.398362e-02
2.220000e+01	2.244843e-02
2.235000e+01	2.112726e-02
2.250000e+01	1.995794e-02
2.265000e+01	1.891992e-02
2.280000e+01	1.799977e-02
2.295000e+01	1.720701e-02
2.310000e+01	1.657801e-02
2.325000e+01	1.617839e-02
2.340000e+01	1.588740e-02
2.355000e+01	1.532053e-02
2.370000e+01	1.492018e-02
2.385000e+01	1.466782e-02
2.400000e+01	1.373566e-02
2.415000e+01	1.271224e-02
2.430000e+01	1.198380e-02
2.445000e+01	1.144754e-02
2.460000e+01	1.102317e-02
2.475000e+01	1.067508e-02
2.490000e+01	1.038962e-02
2.505000e+01	1.016397e-02
2.520000e+01	9.983523e-03
2.535000e+01	9.855881e-03
2.550000e+01	9.805754e-03
2.565000e+01	9.859533e-03
2.580000e+01	1.005516e-02
2.595000e+01	1.042820e-02
2.610000e+01	1.099320e-02
2.625000e+01	1.197857e-02
2.640000e+01	1.362155e-02
2.655000e+01	1.625556e-02
2.670000e+01	2.118440e-02
2.685000e+01	2.779840e-02
2.700000e+01	3.055421e-02
2.715000e+01	3.537651e-02
2.730000e+01	5.121038e-02
2.745000e+01	7.824625e-02
2.760000e+01	8.147929e-02
2.775000e+01	5.416632e-02
2.790000e+01	3.511464e-02
2.805000e+01	2.650060e-02
2.820000e+01	2.129062e-02
2.835000e+01	1.766780e-02
2.850000e+01	1.648801e-02
2.865000e+01	1.751088e-02
2.880000e+01	1.861904e-02
2.895000e+01	1.508305e-02
2.910000e+01	1.122563e-02
2.925000e+01	9.091801e-03
2.940000e+01	8.032975e-03
2.955000e+01	7.724311e-03
2.970000e+01	8.139900e-03
2.985000e+01	9.348379e-03
3.000000e+01	9.509910e-03
