1.966639518737792969e+00
3.653192818164825439e-01
3.854499757289886475e-01
5.095234394073486328e+00
3.479727745056152344e+00
1.381833195686340332e+00
2.125846147537231445e+00
3.663999557495117188e+00
1.548013240098953247e-01
5.512831211090087891e-01
-3.020082414150238037e-01
-8.125465512275695801e-01
2.463951110839843750e-01
3.792148232460021973e-01
6.569355726242065430e-01
-5.503176450729370117e-01
4.527418613433837891e-01
-1.384509652853012085e-01
-1.771058320999145508e+00
-1.156120419502258301e+00
-5.663948655128479004e-01
7.101959586143493652e-01
-5.136960744857788086e-01
-2.076221108436584473e-01
-3.310229778289794922e-01
-4.750822484493255615e-02
2.212156206369400024e-01
-3.531281054019927979e-01
8.874498605728149414e-01
6.728705763816833496e-01
-7.173923254013061523e-01
8.907474517822265625e+00
8.834788322448730469e+00
1.330712795257568359e+01
1.525336265563964844e+01
1.524379253387451172e+01
1.670964431762695312e+01
1.906270790100097656e+01
2.318422508239746094e+01
2.428517723083496094e+01
2.267745399475097656e+01
9.424716830253601074e-01
-2.492583356797695160e-02
-8.315889835357666016e-01
-8.951189517974853516e-01
4.629376828670501709e-01
9.148197174072265625e-01
6.815167665481567383e-01
4.729314446449279785e-01
-1.604799479246139526e-01
2.127114295959472656e+00
-2.817773073911666870e-02
-6.653758883476257324e-01
-3.795836567878723145e-01
-7.759278416633605957e-01
2.549242377281188965e-01
-8.902437686920166016e-01
8.324853181838989258e-01
-3.619508147239685059e-01
1.002001881599426270e+00
-2.274829298257827759e-01
-2.207308262586593628e-01
1.469611003994941711e-02
-7.107768654823303223e-01
2.202952653169631958e-01
1.124033808708190918e+00
1.688383102416992188e+00
1.811230368912220001e-02
1.387008875608444214e-01
1.262393116950988770e+00
-9.979187846183776855e-01
-2.757864892482757568e-01
-1.508939623832702637e+00
-1.870985984802246094e+00
2.446454912424087524e-01
1.360817074775695801e+00
-2.315958023071289062e+00
4.300072491168975830e-01
-6.390669941902160645e-01
2.060844004154205322e-01
-4.216303825378417969e+00
2.173470735549926758e+00
-2.776303589344024658e-01
3.730613291263580322e-01
1.151469707489013672e+00
3.535938262939453125e-01
-2.197127044200897217e-01
6.934687495231628418e-01
1.937181651592254639e-01
1.136883199214935303e-01
3.611585140228271484e+00
3.931143045425415039e+00
8.471867442131042480e-01
1.087618589401245117e+00
-2.394830465316772461e+00
1.210385680198669434e+00
-5.121931433677673340e-01
2.302657067775726318e-01
3.168604075908660889e-01
4.102650582790374756e-01
2.669706344604492188e-01
3.991278409957885742e-01
-4.926124215126037598e-02
-6.316244006156921387e-01
7.387590128928422928e-03
-1.665631055831909180e+00
-2.497097104787826538e-01
2.076056301593780518e-01
2.121176868677139282e-01
3.569387793540954590e-01
4.263628423213958740e-01
8.600559830665588379e-01
-5.759173631668090820e-02
4.162434339523315430e-01
-6.066134572029113770e-01
6.886526346206665039e-01
3.429575264453887939e-02
1.042279079556465149e-01
-5.019264668226242065e-02
1.276939660310745239e-01
-1.063029408454895020e+00
-4.761545360088348389e-01
7.088023424148559570e-02
5.503019094467163086e-01
-6.426589488983154297e-01
6.337196826934814453e-01
5.064370036125183105e-01
7.072317004203796387e-01
-8.158303797245025635e-02
7.747682929039001465e-01
4.810195267200469971e-01
7.373305559158325195e-01
6.708105653524398804e-02
2.248812198638916016e+00
8.031539916992187500e-01
1.904891610145568848e+00
-3.990328311920166016e-01
1.513061225414276123e-01
-2.545461952686309814e-01
-6.649589538574218750e-01
-4.449861049652099609e-01
8.006653189659118652e-01
-5.928919315338134766e-01
-8.919201493263244629e-01
-2.364750802516937256e-01
1.023804545402526855e-01
-1.768935084342956543e+00
-1.217668175697326660e+00
-8.541011214256286621e-01
-7.064484804868698120e-02
1.075053453445434570e+00
6.016958951950073242e-01
-1.060114622116088867e+00
-8.580045700073242188e-01
2.156759053468704224e-01
-1.412647366523742676e+00
1.641772389411926270e+00
9.196552038192749023e-01
5.821929574012756348e-01
-7.104676961898803711e-02
2.094343662261962891e+00
3.516620993614196777e-01
-1.242867931723594666e-01
-3.390639722347259521e-01
-1.220780611038208008e+00
-2.033403068780899048e-01
-3.080806136131286621e-01
6.731220483779907227e-01
-3.201743960380554199e-01
7.195295691490173340e-01
-5.949378609657287598e-01
-5.212959051132202148e-01
1.247865259647369385e-01
8.036479353904724121e-01
8.018732070922851562e-01
8.461896181106567383e-01
1.911273479461669922e+00
1.611925959587097168e+00
4.524877369403839111e-01
-4.481405615806579590e-01
-2.031174182891845703e+00
-8.148857206106185913e-02
-3.205455541610717773e+00
-1.892787218093872070e+00
9.951992332935333252e-02
-4.701829910278320312e+00
2.329446792602539062e+00
-1.783849298954010010e-02
-2.241716861724853516e+00
4.417530819773674011e-02
-2.263064384460449219e+00
1.829664856195449829e-01
-7.630043625831604004e-01
4.479517936706542969e+00
1.916075468063354492e+00
2.116902589797973633e+00
-3.038296103477478027e-01
2.046368837356567383e+00
-4.475631713867187500e-01
-9.168913215398788452e-02
2.648701429367065430e+00
1.503219008445739746e+00
1.592294692993164062e+00
-6.940429806709289551e-01
6.488475799560546875e-01
-4.827158749103546143e-01
-2.299637943506240845e-01
2.624485269188880920e-02
1.307567358016967773e-01
-7.883644700050354004e-01
4.054956138134002686e-03
-7.406428456306457520e-01
-5.530573129653930664e-01
-6.831110715866088867e-01
-1.973948031663894653e-01
-2.024975538253784180e+00
-7.276858687400817871e-01
1.202616319060325623e-01
-1.155374720692634583e-01
8.321228623390197754e-01
-1.379178762435913086e-01
4.957599937915802002e-01
8.047457784414291382e-02
-2.307530678808689117e-02
1.154452204704284668e+00
7.310839742422103882e-02
3.895239159464836121e-02
-6.108289957046508789e-01
6.297386251389980316e-03
4.633240997791290283e-01
-7.541037201881408691e-01
-1.470345854759216309e-01
-7.128500938415527344e-01
1.842659950256347656e+00
-2.917050838470458984e+00
-1.759947419166564941e+00
5.054140090942382812e-01
-2.132720947265625000e+00
3.405792713165283203e-01
-2.568669319152832031e+00
5.007269859313964844e+00
4.374648571014404297e+00
-2.271188974380493164e+00
5.956067562103271484e+00
1.275695919990539551e+00
8.474411010742187500e+00
-1.076563119888305664e+00
1.549519691616296768e-02
-4.526075422763824463e-01
-1.381404757499694824e+00
-1.806236982345581055e+00
-2.103380113840103149e-01
-7.836121320724487305e-01
2.335432022809982300e-01
-1.311029195785522461e-01
1.594097495079040527e+00
-1.283027529716491699e+00
-5.250960588455200195e-01
-2.644060134887695312e+00
-1.692881345748901367e+00
2.535938620567321777e-01
-1.334697365760803223e+00
1.879847049713134766e+00
-7.451695203781127930e-01
1.267023533582687378e-01
8.461209535598754883e-01
