1.950765013694763184e+00
-9.220893979072570801e-01
-1.124494671821594238e+00
4.999270915985107422e+00
3.910534381866455078e+00
1.172564029693603516e+00
2.226790428161621094e+00
3.372954607009887695e+00
5.047911405563354492e-01
6.050860285758972168e-01
5.063178762793540955e-02
1.538321733474731445e+00
5.182501673698425293e-01
6.452600359916687012e-01
-1.370362937450408936e-01
-1.579345762729644775e-01
8.179101943969726562e-01
3.997445702552795410e-01
1.976227641105651855e+00
1.324200481176376343e-01
-7.560236752033233643e-02
-1.176992431282997131e-01
8.935036063194274902e-01
3.059430234134197235e-02
1.593426913022994995e-01
7.342652976512908936e-02
-6.456561386585235596e-02
-4.161054193973541260e-01
-9.565162062644958496e-01
-5.022817254066467285e-01
-6.143211722373962402e-01
9.333905220031738281e+00
9.988316535949707031e+00
1.328467655181884766e+01
1.540984058380126953e+01
1.507888603210449219e+01
1.763098335266113281e+01
1.926320457458496094e+01
2.357454299926757812e+01
1.978428268432617188e+01
2.095120048522949219e+01
9.438408017158508301e-01
-9.909543395042419434e-01
4.556385427713394165e-02
-4.338088333606719971e-01
2.159806966781616211e+00
2.219160318374633789e+00
-4.203013181686401367e-01
3.342804908752441406e+00
5.334079638123512268e-02
-3.023280017077922821e-02
1.485414981842041016e+00
1.608815550804138184e+00
3.332219123840332031e-01
-3.589239120483398438e+00
-7.674908638000488281e-01
8.802961558103561401e-02
-1.377626359462738037e-01
9.671108722686767578e-01
1.136536717414855957e+00
-5.469470620155334473e-01
1.339430809020996094e+00
-2.140202760696411133e+00
1.123369857668876648e-02
-1.521112561225891113e+00
-2.324106216430664062e+00
5.525146126747131348e-01
2.289373278617858887e-01
2.894884109497070312e+00
-7.949815273284912109e+00
-1.140534162521362305e+00
8.093369603157043457e-01
-1.508287668228149414e+00
4.044151902198791504e-01
-2.113077402114868164e+00
1.594170475006103516e+01
3.989562690258026123e-01
6.338025927543640137e-01
4.105364322662353516e+00
-3.350566387176513672e+00
1.616140604019165039e+00
1.172028899192810059e+00
-9.302054047584533691e-01
-4.479915618896484375e+00
2.224516630172729492e+00
2.027410984039306641e+00
5.613343119621276855e-01
3.203946352005004883e+00
-1.198172688484191895e+00
2.953236699104309082e-01
4.621531963348388672e-01
-6.101806163787841797e-01
1.330524921417236328e+00
-3.549932956695556641e+00
4.247139394283294678e-01
-1.931682944297790527e+00
7.649730443954467773e-01
4.537013471126556396e-01
1.095732450485229492e-01
2.516941726207733154e-01
7.826789617538452148e-01
2.310764044523239136e-01
-1.211620092391967773e+00
4.007949829101562500e-01
-9.899337887763977051e-01
1.142955049872398376e-01
1.003890410065650940e-01
6.641767174005508423e-02
-2.746301591396331787e-01
4.242076575756072998e-01
3.357363939285278320e-01
-2.695578932762145996e-01
-1.506141185760498047e+00
2.613020658493041992e+00
-3.329576551914215088e-01
2.720285654067993164e-01
-3.688160181045532227e-01
5.381969213485717773e-01
3.565030694007873535e-01
1.891314983367919922e-03
3.904223144054412842e-01
2.788902759552001953e+00
-2.020229846239089966e-01
-8.957079052925109863e-01
2.816347122192382812e+00
8.770895600318908691e-01
-4.753105640411376953e-01
3.033022403717041016e+00
8.456474304199218750e+00
-6.815625429153442383e-01
-4.448348999023437500e+00
-9.281866550445556641e-01
1.965664505958557129e+00
-5.753832340240478516e+00
-1.804662895202636719e+01
2.236007213592529297e+00
1.288339972496032715e+00
2.820424139499664307e-01
-1.816242694854736328e+00
-2.887716293334960938e+00
-7.431951165199279785e-01
1.047270417213439941e+00
4.035997688770294189e-01
2.340085953474044800e-01
6.993353962898254395e-01
1.287052035331726074e+00
3.909947395324707031e+00
-2.076681613922119141e+00
1.743585968017578125e+01
-6.350433826446533203e+00
2.145664453506469727e+00
-4.537876248359680176e-01
-1.835351735353469849e-01
1.874251216650009155e-01
-2.396895289421081543e-01
-8.604305386543273926e-01
-2.020084410905838013e-01
1.148604154586791992e+00
-1.996159315109252930e+00
-4.742232322692871094e+00
3.745790123939514160e-01
-1.789039969444274902e-01
-2.212312966585159302e-01
7.655056715011596680e-01
7.046072185039520264e-02
-2.020639777183532715e-01
3.529418110847473145e-01
1.479793548583984375e+00
2.426387310028076172e+00
-1.002933144569396973e+00
4.277911186218261719e-01
-8.840464055538177490e-02
2.043246477842330933e-01
-4.490195959806442261e-02
3.660462796688079834e-01
9.046495556831359863e-01
1.457299828529357910e+00
-7.915306091308593750e-01
-3.701537549495697021e-01
1.909431815147399902e+00
5.382668226957321167e-02
-1.090389132499694824e+00
6.106860041618347168e-01
6.922579765319824219e+00
-4.254547655582427979e-01
-5.303578376770019531e+00
-2.950720489025115967e-01
1.297715902328491211e+00
-1.302187204360961914e+00
-1.021794128417968750e+01
1.396856904029846191e+00
-1.608613133430480957e+00
6.209101080894470215e-01
1.004300951957702637e+00
7.026426196098327637e-01
-5.693450570106506348e-01
-1.041700601577758789e+00
-1.162499666213989258e+00
-5.206124112010002136e-02
1.258461356163024902e+00
1.733502626419067383e+00
3.267076492309570312e+00
-8.684026598930358887e-01
8.339943885803222656e+00
-6.347684860229492188e+00
1.729470729827880859e+00
4.276010990142822266e-01
3.877227902412414551e-01
3.161992877721786499e-02
4.525683224201202393e-01
9.198061823844909668e-01
6.864985227584838867e-01
8.914227783679962158e-02
4.244161844253540039e-01
6.330010890960693359e-01
5.031108856201171875e-01
1.057298039086163044e-03
8.789873719215393066e-01
4.632059931755065918e-01
3.655906319618225098e-01
9.698674678802490234e-01
6.725813746452331543e-01
8.936457633972167969e-01
1.394705623388290405e-01
3.154201805591583252e-01
1.226575300097465515e-01
5.750759840011596680e-01
1.209693029522895813e-01
7.265121340751647949e-01
4.803722798824310303e-01
1.326483190059661865e-01
7.045482099056243896e-02
7.763826847076416016e-01
5.903502702713012695e-01
3.375459015369415283e-01
2.997818589210510254e-01
5.488903522491455078e-01
1.329157650470733643e-01
6.442829370498657227e-01
4.227099120616912842e-01
2.544972598552703857e-01
3.274701237678527832e-01
1.171372011303901672e-01
8.629769086837768555e-01
7.793658375740051270e-01
1.747649759054183960e-01
5.503641963005065918e-01
8.486554026603698730e-02
4.010087251663208008e-01
8.502968400716781616e-02
1.976910829544067383e-01
3.470702096819877625e-02
5.836093425750732422e-01
5.217037796974182129e-01
7.363907098770141602e-01
2.256384640932083130e-01
4.149146974086761475e-01
6.081057190895080566e-01
6.185899972915649414e-01
2.414266020059585571e-01
5.792725086212158203e-01
1.264772653579711914e+00
1.015564322471618652e+00
-1.688026785850524902e+00
6.734471917152404785e-01
