1.985812306404113770e+00
-6.232972145080566406e-01
3.663177192211151123e-01
4.988158702850341797e+00
3.610914945602416992e+00
1.369522809982299805e+00
2.266511678695678711e+00
3.618685960769653320e+00
-5.099165719002485275e-03
-4.926217254251241684e-03
-3.068366944789886475e-01
6.795219779014587402e-01
9.964512586593627930e-01
1.261266618967056274e-01
-4.325671792030334473e-01
1.480259895324707031e-01
7.022241950035095215e-01
9.724311530590057373e-02
-1.587210655212402344e+00
1.583548069000244141e+00
6.966384649276733398e-01
-5.599461495876312256e-02
-6.031243205070495605e-01
-2.946363091468811035e-01
-1.074640825390815735e-01
5.761719122529029846e-02
-4.122966900467872620e-03
-1.128140836954116821e-01
1.226414918899536133e+00
1.498262677341699600e-02
-9.414395689964294434e-01
6.572603225708007812e+00
8.754936218261718750e+00
1.329623222351074219e+01
1.529962444305419922e+01
1.433006095886230469e+01
1.687619209289550781e+01
1.910268974304199219e+01
2.173589897155761719e+01
2.117616081237792969e+01
2.490632629394531250e+01
-1.634731888771057129e-01
-4.169341623783111572e-01
-2.984646260738372803e-01
-1.209939941763877869e-01
-5.179226398468017578e-01
9.693831801414489746e-01
-6.535453796386718750e-01
4.643000066280364990e-01
-8.409758806228637695e-01
-1.872763782739639282e-01
7.408279180526733398e-01
2.171988636255264282e-01
-7.728590369224548340e-01
-2.435074895620346069e-01
2.042520284652709961e+00
-8.242385387420654297e-01
-3.332653269171714783e-02
-2.725588977336883545e-01
1.488537430763244629e+00
-3.174468576908111572e-01
1.369839459657669067e-01
-7.696489691734313965e-01
-3.381597697734832764e-01
-7.791267037391662598e-01
1.115947961807250977e+00
-2.021659612655639648e+00
-9.402446150779724121e-01
-5.542471408843994141e-01
1.030775904655456543e+00
-9.707501530647277832e-01
-4.013243690133094788e-02
-1.048092842102050781e+00
2.495417356491088867e+00
9.472145438194274902e-01
2.078564405441284180e+00
-1.709802865982055664e+00
-1.112051248550415039e+00
1.425305157899856567e-01
2.304444074630737305e+00
1.118584156036376953e+00
1.338666081428527832e+00
5.510210990905761719e-02
1.244045376777648926e+00
-2.148440122604370117e+00
-2.026672363281250000e-01
5.575095117092132568e-02
-5.275966525077819824e-01
-9.327186346054077148e-01
-5.768052935600280762e-01
2.004548072814941406e+00
-1.149207115173339844e+00
-1.581378839910030365e-02
2.893344163894653320e+00
1.534681558609008789e+00
3.333973884582519531e+00
5.252552032470703125e-01
-1.078925877809524536e-01
5.657148957252502441e-01
-5.072279646992683411e-02
7.306358218193054199e-01
-5.055764317512512207e-01
2.480987273156642914e-02
4.701268374919891357e-01
-5.646801590919494629e-01
-3.804689943790435791e-01
-3.808998465538024902e-01
-1.888635456562042236e-01
5.492323040962219238e-01
-3.133624494075775146e-01
-5.858247280120849609e-01
6.485618948936462402e-01
-2.687413059175014496e-02
3.095003366470336914e-01
-6.880877017974853516e-01
6.393167376518249512e-01
1.221378445625305176e-01
-6.336212903261184692e-02
-4.348559975624084473e-01
2.432286590337753296e-01
-1.139287352561950684e+00
3.154118955135345459e-01
-1.039075013250112534e-02
1.366966664791107178e-01
-5.446415022015571594e-02
7.872909307479858398e-01
3.270065486431121826e-01
1.352529644966125488e+00
-1.658092260360717773e+00
1.932465136051177979e-01
7.871311902999877930e-01
1.141095757484436035e-01
7.043371796607971191e-01
-6.598690152168273926e-01
-1.948499679565429688e-01
1.243195757269859314e-01
-1.101124644279479980e+00
1.295228600502014160e-01
-1.073928356170654297e+00
1.746702790260314941e+00
1.105081811547279358e-01
2.822605669498443604e-01
7.787696719169616699e-01
-2.791459858417510986e-01
1.068712592124938965e+00
-3.645469248294830322e-02
1.868404030799865723e+00
7.717236131429672241e-02
-2.076904535293579102e+00
-1.102279186248779297e+00
2.313495427370071411e-01
7.218571305274963379e-01
-2.945899665355682373e-01
-8.252975940704345703e-01
-6.852175593376159668e-01
-1.319903850555419922e+00
1.883581638336181641e+00
-8.677197247743606567e-02
5.439535379409790039e-01
-1.543816089630126953e+00
-1.672098189592361450e-01
3.814786374568939209e-01
8.874152302742004395e-01
-8.559724092483520508e-01
-6.853922009468078613e-01
2.349815130233764648e+00
-1.480584591627120972e-02
2.578816413879394531e-01
-1.085029602050781250e+00
6.621123552322387695e-01
-3.369124531745910645e-01
-3.575900495052337646e-01
-1.177035942673683167e-01
1.148676395416259766e+00
4.392068684101104736e-01
4.043116569519042969e-01
-1.270385742187500000e+00
-1.073193475604057312e-01
-2.360563725233078003e-01
1.312164306640625000e+00
-3.423824012279510498e-01
-4.400038123130798340e-01
-1.329752206802368164e+00
5.890742540359497070e-01
2.070112228393554688e+00
-1.560464859008789062e+00
-6.181063652038574219e-01
-8.435643464326858521e-02
-1.029861688613891602e+00
2.855119943618774414e+00
3.182240128517150879e-01
2.484969377517700195e+00
1.728862524032592773e-02
2.208508729934692383e+00
-3.340806484222412109e+00
4.822300076484680176e-01
1.387497037649154663e-01
-4.659447968006134033e-01
3.040098249912261963e-01
-1.198969006538391113e+00
1.301544785499572754e+00
-1.375377893447875977e+00
5.625286102294921875e-01
2.703697919845581055e+00
1.119352102279663086e+00
2.919877052307128906e+00
-3.481169939041137695e-01
-5.795785784721374512e-01
7.318835258483886719e-01
-4.554572999477386475e-01
-8.581595420837402344e-01
2.039514183998107910e-01
-3.091613650321960449e-01
1.295518279075622559e+00
-3.302461802959442139e-01
-6.147864460945129395e-01
6.999092698097229004e-01
-4.669322669506072998e-01
1.220395565032958984e+00
-1.414017230272293091e-01
-8.647838830947875977e-01
6.154972910881042480e-01
-2.816662073135375977e+00
-4.127899929881095886e-02
-4.445371627807617188e-01
7.562392204999923706e-02
-6.608651876449584961e-01
3.253361582756042480e-01
3.170645236968994141e-01
8.582254052162170410e-01
5.172042548656463623e-02
3.607779741287231445e-01
-1.280791461467742920e-01
8.965446949005126953e-01
-2.875294685363769531e+00
3.601599037647247314e-01
-5.553206205368041992e-01
1.132427930831909180e+00
-2.144383192062377930e+00
-1.698371767997741699e-02
7.558321952819824219e+00
-2.731719613075256348e-01
4.853055179119110107e-01
-2.105181932449340820e+00
7.416074275970458984e-01
8.216404914855957031e-01
-2.412597656250000000e+00
-3.057589530944824219e-01
-1.392154216766357422e+00
3.343493700027465820e+00
-6.522892415523529053e-02
-9.596513211727142334e-02
-8.191468566656112671e-02
8.798612654209136963e-02
6.992664933204650879e-01
-9.022957682609558105e-01
2.061280012130737305e+00
-3.380292057991027832e-01
-1.433605074882507324e+00
-6.922913193702697754e-01
4.116279482841491699e-01
-1.303821921348571777e+00
1.895924210548400879e+00
-7.332452535629272461e-01
-3.131606876850128174e-01
5.995216965675354004e-01
