1.895780324935913086e+00
-4.033561348915100098e-01
1.231939196586608887e+00
4.934462070465087891e+00
4.018394947052001953e+00
-4.007333219051361084e-01
2.276467323303222656e+00
3.480615139007568359e+00
-9.607528150081634521e-02
-2.258091792464256287e-02
1.052664779126644135e-02
2.664382696151733398e+00
1.099569082260131836e+00
-7.745461165904998779e-02
-4.675333201885223389e-01
3.653069019317626953e+00
4.399976432323455811e-01
-6.162588596343994141e-01
-5.626579746603965759e-02
-1.125525355339050293e+00
1.271112412214279175e-01
-4.872527346014976501e-02
-2.377039939165115356e-01
-1.875400990247726440e-01
3.911673650145530701e-02
-1.994488835334777832e-01
-1.015734598040580750e-01
-9.988722950220108032e-02
-7.059298753738403320e-01
8.807247877120971680e-01
5.895715951919555664e-01
9.264137268066406250e+00
1.006642055511474609e+01
1.330436897277832031e+01
1.531044101715087891e+01
1.301333045959472656e+01
1.738081932067871094e+01
1.918531227111816406e+01
1.976004219055175781e+01
2.094814682006835938e+01
2.286143112182617188e+01
-7.667104005813598633e-01
1.013733029365539551e+00
-5.883703827857971191e-01
3.487550020217895508e-01
1.313613653182983398e+00
-4.333595037460327148e-01
-1.153477549552917480e+00
4.439051151275634766e+00
8.893019676208496094e+00
-5.455602169036865234e+00
5.103569626808166504e-01
2.426453977823257446e-01
-4.772165417671203613e-01
1.296634227037429810e-01
-1.255304694175720215e+00
1.392809152603149414e+00
1.894810914993286133e+00
5.372254371643066406e+00
-2.708687067031860352e+00
-6.955710053443908691e-01
7.038518041372299194e-02
4.674428701400756836e-02
1.052670001983642578e+00
-8.878244757652282715e-01
-1.545089960098266602e+00
-6.528981685638427734e+00
2.775662899017333984e+00
-7.256778478622436523e-01
1.180480003356933594e+00
-2.794623672962188721e-01
-8.666363358497619629e-02
-2.226575136184692383e+00
-2.403861284255981445e+00
-3.134973049163818359e-01
-2.346349716186523438e+00
-5.245802402496337891e+00
2.193439006805419922e+00
1.137320137023925781e+01
3.976945114135742188e+01
-1.300580120086669922e+01
1.203394293785095215e+00
-2.276589572429656982e-01
1.457565188407897949e+00
-2.351920127868652344e+00
-6.485268473625183105e-01
-3.456189483404159546e-02
-6.675906777381896973e-01
-1.233640432357788086e+00
2.588602304458618164e+00
1.331253409385681152e+00
1.720436930656433105e+00
2.893497049808502197e-01
4.017561912536621094e+00
-1.220075726509094238e+00
3.517473861575126648e-02
-5.349436998367309570e-01
-9.740154743194580078e-01
3.411715733818709850e-04
-1.992518007755279541e-01
-1.572477370500564575e-01
2.929899096488952637e-01
1.581757366657257080e-01
-1.509008884429931641e+00
-2.244191169738769531e+00
7.608242034912109375e-01
3.016170859336853027e-01
-5.846173688769340515e-02
1.023308280855417252e-02
-9.345708489418029785e-01
-5.109493136405944824e-01
7.035925388336181641e-01
3.233759403228759766e+00
-2.164896249771118164e+00
1.142560720443725586e+00
3.759572505950927734e-01
-1.712209433317184448e-01
1.146833971142768860e-01
-4.976666066795587540e-03
4.214506745338439941e-01
-2.106924772262573242e+00
1.272566020488739014e-01
-7.337942123413085938e-01
8.660601973533630371e-01
1.289651542901992798e-01
1.757118403911590576e-01
1.263327598571777344e-01
-1.146482586860656738e+00
-1.270393431186676025e-01
-8.567425012588500977e-01
-1.352566838264465332e+00
1.113495707511901855e+00
-1.404967308044433594e+00
1.010013961791992188e+01
-5.212231636047363281e+00
4.956947326660156250e+00
5.873823910951614380e-02
4.514830112457275391e-01
-8.279559612274169922e-01
3.645668923854827881e-01
8.226353526115417480e-01
2.761814296245574951e-01
-4.415033012628555298e-02
-1.715993583202362061e-01
-2.963420152664184570e-01
3.864798069000244141e+00
-7.390114665031433105e-01
5.802894234657287598e-01
-1.621610671281814575e-01
2.198086738586425781e+00
1.350040912628173828e+00
1.254492759704589844e+00
2.122878283262252808e-01
5.380798578262329102e-01
1.809988170862197876e-01
-7.477913796901702881e-02
-4.981684386730194092e-01
5.882341861724853516e-01
5.689992427825927734e+00
3.240294754505157471e-01
1.635841727256774902e+00
-7.192772626876831055e-01
3.240104317665100098e-01
3.016153723001480103e-02
-3.284023106098175049e-01
1.439205050468444824e+00
-9.162166118621826172e-01
-1.350251555442810059e+00
1.003117561340332031e+00
2.659065723419189453e-01
1.977383047342300415e-01
1.370239304378628731e-03
3.258407413959503174e-01
-1.220161542296409607e-01
1.588457673788070679e-01
-9.169576168060302734e-01
1.098008394241333008e+00
-8.054293990135192871e-01
-1.468598991632461548e-01
-1.799355149269104004e-01
-2.183698415756225586e-01
3.720925152301788330e-01
6.978649497032165527e-01
9.565011858940124512e-01
4.986929893493652344e-02
7.582929730415344238e-01
4.820234775543212891e-01
-1.992795169353485107e-01
7.647005558013916016e+00
-5.489096164703369141e+00
1.532984852790832520e+00
-3.529725968837738037e-01
-1.747413426637649536e-01
-8.077349662780761719e-01
1.847103685140609741e-01
-8.761675953865051270e-01
1.797720342874526978e-01
-5.208682417869567871e-01
8.535520732402801514e-02
-7.736709117889404297e-01
-6.092366576194763184e-01
1.877667754888534546e-01
-1.291108131408691406e+00
-5.867413282394409180e-01
-1.419196724891662598e+00
-1.309220671653747559e+00
1.244796067476272583e-01
6.469358801841735840e-01
4.726477861404418945e-01
1.712529510259628296e-01
2.111303657293319702e-01
6.202638745307922363e-01
6.305089592933654785e-01
6.990560293197631836e-01
7.963509559631347656e-01
8.905812501907348633e-01
9.860735535621643066e-01
9.106411933898925781e-01
9.423851966857910156e-01
5.792220234870910645e-01
4.418246448040008545e-01
9.783585667610168457e-01
2.113035470247268677e-01
1.632506549358367920e-01
6.455485224723815918e-01
9.976779222488403320e-01
6.588093042373657227e-01
8.613529801368713379e-01
6.231341361999511719e-01
4.965577125549316406e-01
5.511337518692016602e-02
4.158707261085510254e-01
4.575647413730621338e-01
1.540815643966197968e-02
8.003565669059753418e-01
4.295944869518280029e-01
7.682502865791320801e-01
6.636719107627868652e-01
5.933154821395874023e-01
2.962087988853454590e-01
9.901798367500305176e-01
1.319538354873657227e-01
6.234755516052246094e-01
2.532512247562408447e-01
4.615017771720886230e-01
3.665236830711364746e-01
7.340638637542724609e-01
3.000025451183319092e-01
9.454338550567626953e-01
2.254565358161926270e-01
2.047014795243740082e-02
6.628628820180892944e-02
8.049242496490478516e-01
1.324620246887207031e-01
3.558188676834106445e-02
5.213512182235717773e-01
4.835864901542663574e-01
8.572035431861877441e-01
4.802825152873992920e-01
6.153867840766906738e-01
5.402042865753173828e-01
7.988583445549011230e-01
1.031645298004150391e+00
-1.984123349189758301e+00
7.583077549934387207e-01
