6.113860607147216797e+00
1.544343566894531250e+01
1.698885536193847656e+01
1.547459983825683594e+01
1.545889663696289062e+01
1.541265869140625000e+01
1.773765945434570312e+01
4.707024574279785156e+00
4.081184864044189453e+00
1.186731052398681641e+01
-6.698203086853027344e+00
-7.668729424476623535e-01
5.887873172760009766e+00
-1.103206253051757812e+01
1.063631057739257812e+01
-6.417177319526672363e-01
-8.300164937973022461e-01
-4.266955852508544922e+00
6.993822008371353149e-02
9.655928611755371094e+00
2.145504474639892578e+00
-1.876423209905624390e-01
-2.857549488544464111e-01
1.005046963691711426e+00
1.945782452821731567e-01
1.905231952667236328e+00
-3.457063138484954834e-01
3.537239432334899902e-01
-2.406358718872070312e+00
1.034639716148376465e+00
-4.294700324535369873e-01
-1.860401153564453125e+00
-2.291274547576904297e+00
9.804158210754394531e+00
1.560423278808593750e+01
4.077966690063476562e+00
-4.167382717132568359e+00
8.927910923957824707e-01
1.391129344701766968e-01
-1.028389930725097656e+00
9.448616027832031250e+00
-3.881108760833740234e+00
1.225235366821289062e+01
-5.204144120216369629e-02
-1.259242057800292969e+01
-3.371432781219482422e+00
5.792095184326171875e+00
-6.833202362060546875e+00
6.099770069122314453e+00
1.236015987396240234e+01
2.470031499862670898e+00
3.722109794616699219e-01
4.476124286651611328e+00
-1.241475582122802734e+01
-5.412063121795654297e+00
5.398940086364746094e+00
2.717430830001831055e+00
4.011015415191650391e+00
3.289360523223876953e+00
1.274122238159179688e+00
-6.348872661590576172e+00
-2.921765089035034180e+00
1.121727371215820312e+01
-1.584263706207275391e+01
7.469583034515380859e+00
6.078322529792785645e-01
-7.739310860633850098e-01
4.150601387023925781e+00
-2.453076362609863281e+00
-2.607995271682739258e+00
4.730229675769805908e-01
4.394908905029296875e+00
3.330862522125244141e+00
-1.692968606948852539e+00
5.592493534088134766e+00
-2.217158555984497070e+00
2.415931463241577148e+00
-1.020728826522827148e+00
8.896101117134094238e-01
9.427596330642700195e-01
-1.303920984268188477e+00
3.272955715656280518e-01
1.598472356796264648e+00
-9.386420249938964844e-01
-4.796352386474609375e-01
6.902691364288330078e+00
-5.518834114074707031e+00
3.128176689147949219e+00
-2.102628231048583984e+00
9.681788086891174316e-02
4.509787559509277344e+00
1.408601999282836914e+00
-1.328797936439514160e+00
3.810672760009765625e+00
4.018672466278076172e+00
-6.341811418533325195e-01
3.898532867431640625e+00
-1.961984157562255859e+00
-5.229753494262695312e+00
-3.391776323318481445e+00
5.191679477691650391e+00
3.300174713134765625e+00
-1.635841608047485352e+00
1.731485962867736816e+00
4.648953914642333984e+00
8.907978236675262451e-02
4.269616127014160156e+00
1.442493796348571777e+00
2.787027060985565186e-01
5.030493259429931641e+00
-1.859621644020080566e+00
3.394123315811157227e+00
7.438462972640991211e-01
1.448158860206604004e+00
1.692998766899108887e+00
-2.227837562561035156e+00
-3.616787433624267578e+00
-2.324265003204345703e+00
8.740410208702087402e-01
-5.925479888916015625e+00
1.591780900955200195e+00
5.088856220245361328e-01
5.548263549804687500e+00
-2.598856925964355469e+00
-1.318597346544265747e-01
-1.598930120468139648e+00
4.719626903533935547e+00
4.166832447052001953e+00
-2.712458848953247070e+00
4.032478332519531250e+00
6.733561754226684570e-01
-1.826449632644653320e-01
3.025012969970703125e+00
5.554108619689941406e-01
3.794451653957366943e-01
1.489573955535888672e+00
-3.736100494861602783e-01
1.574150085449218750e+00
7.471826076507568359e-01
9.757318496704101562e-01
2.144001483917236328e+00
-4.475167095661163330e-01
4.481005668640136719e+00
-7.073207497596740723e-01
-2.046374559402465820e+00
2.463993310928344727e+00
-1.385421872138977051e+00
-1.467065215110778809e+00
-1.812779068946838379e+00
1.432999968528747559e+00
-6.217179894447326660e-01
2.197108983993530273e+00
1.032120943069458008e+00
-2.370095014572143555e+00
-2.983554124832153320e+00
3.661143302917480469e+00
3.229215860366821289e+00
2.454849720001220703e+00
2.476709127426147461e+00
1.619880557060241699e+00
3.048290491104125977e+00
1.985462903976440430e+00
-3.864432275295257568e-01
6.697279214859008789e-01
5.284918546676635742e-01
-2.611038208007812500e+00
4.779469966888427734e+00
3.376766741275787354e-01
1.912036299705505371e+00
3.487017393112182617e+00
-1.280404686927795410e+00
-3.187759399414062500e+00
-6.548402905464172363e-01
3.862707614898681641e+00
-3.962019205093383789e+00
1.412721395492553711e+00
