5.149724792994124778e-01
5.874659053757912419e-01
1.426935528545650866e+00
1.114735740910899331e+00
3.850208632452894464e-01
2.903714183786320291e+00
1.091166070337347804e+00
1.428598613151513375e+00
-1.296916333460440329e+00
6.552956409336316845e+00
4.194988966740104130e-01
4.650504782787998753e-02
1.078253370402670885e+00
1.242877838688206671e+00
-5.209500528060823754e+00
6.650681544290387714e-02
7.614348709602239418e-02
-2.632457721311439958e+00
9.051791803663383762e-01
-3.019500608593322255e+00
-1.066903130241949604e+00
-6.531827747251669480e-01
7.862883161945694255e+00
-1.115913844647396846e+00
1.539661142844924058e+00
-1.904594482343599182e+00
6.464823223762335147e-02
-1.659619875279310097e+00
-4.371047907433061597e-01
1.206496046462486094e+00
4.284136938525482940e-01
2.557336985102746651e-01
-3.323204803930077667e-01
-1.093376970343722110e-01
1.574976830167573727e-01
-8.599593911601610685e-01
8.289584465429767901e-01
-2.817641973283157575e-01
-5.984436668917778035e-02
-4.681122639203377789e-01
-4.441841581633523828e-01
1.293592952753087832e+00
4.376545551691451985e-01
4.797410626324302707e-01
-2.375967082135883035e-01
-5.850920233560535921e-01
1.109114603004331262e-01
-7.949842367827899547e-01
1.489923287421902609e+00
4.047973287242260798e-01
3.434465937610303166e-01
-7.724864476731014840e-01
-2.261847580306100447e+00
-4.351010444778914410e-01
-3.070349128210969059e-01
8.526971890676780796e-02
3.699895951714867182e-01
8.985066308176835326e-02
1.516427092540919563e+00
-1.167442255810774876e+00
1.101918402774206274e-01
2.471475889880599131e-01
3.583839355120431169e-01
7.806315221061278786e-02
-1.046912656124479590e-01
-8.466481574904887245e-03
-1.385582349697824789e-01
-1.734814151499653456e-01
3.469747619240001746e-01
5.274934913776098133e-01
4.923740240280120584e-01
6.111449758238811369e-02
-1.248339227878794838e-01
-1.003201830372667525e+00
1.949129081698955726e-02
2.739824900339976055e-01
-8.979809711069756950e-02
-2.089172278348102804e-02
-5.049389695992131388e-01
-6.432897984837973038e-01
-1.732247780319688124e-01
4.040920634457328964e-01
6.394969419544664635e-02
2.493426490661067862e-01
-1.220150665956885455e-01
-4.994673236675148398e-02
-4.954316847664616552e-01
2.165327860840290108e-01
-3.142237355987123615e-01
1.241544696090896155e-01
1.347201362580990880e-01
-4.929779125771028420e-02
-3.651504561376331948e-01
-4.022930696506922255e-01
-2.732052971824199816e-01
-1.267395099164040639e-01
1.428862987787132277e-01
1.052031856976494081e-02
-2.847794311753370500e-01
-5.604431615547022377e-02
7.991890868852680185e-02
1.011180419913847439e-01
-9.902689476988031647e-02
-1.055826515259809861e+00
8.987776439984994648e-01
-7.815763079955519999e-01
8.621282134958349608e-02
-5.576579554304298414e-01
9.321319058393828794e-01
6.498509189809074105e-01
2.102927855002582336e-01
-6.530480197961187061e-01
-1.391566670423574070e+00
4.492054765152624779e-02
3.461723339568820168e-02
8.366724920248437558e-02
-5.244966017452417084e-01
3.636860844695033457e-01
4.543141570157737535e-02
-1.111769259963751588e-01
1.207223937121951612e-01
3.974420094623017374e-01
2.019285522368921559e-01
1.642387728884319165e-01
-1.594278195931854436e-02
2.325099263436882502e-01
2.390864654873355311e-01
1.306695283792687068e-01
-8.887641344383712116e-02
1.922034264108876678e-01
6.156885004486860602e-01
-9.766126546625291116e-01
9.874614502518630488e-01
6.295630250518258197e-01
8.921979006345333030e-01
6.671443202051100529e-01
1.924444786653119355e+00
-9.169515674365552593e-02
1.369994031917862509e+00
-3.673825528747988400e+00
3.722061260098451056e-03
-5.974908612752986015e-01
1.902691961761393546e+00
9.583440353524991240e-01
-8.812537908569076928e-01
-3.259760938604138597e-02
-3.655111057703409605e-01
-3.811205649643554794e-01
-2.351575603847274043e-01
3.159850654536308756e+00
2.071705071563889167e+00
9.034140199113419589e-01
1.211655877174764306e+00
-1.068870872697142538e+00
7.494438197262196510e-01
6.229738632189542047e-01
-6.749022507950261929e-01
5.822938378284918670e-01
-1.317852489878822697e-01
-5.021703722785630930e-01
-2.526038500239129458e-01
-8.706183641263208484e-02
3.703684633086145039e-01
1.674392324929258047e-01
1.303398620566963206e+00
5.369428667060753835e-01
3.566254533955645623e-01
-8.604955038083665908e-01
1.336578270901414012e+00
3.580938234596022229e-01
-4.450415207422594444e-01
-3.376559332440848271e-01
6.903427485232213057e-01
5.554791365596192243e-01
2.927052783358570776e-01
6.194644468394519543e-02
8.193592000339087189e-01
3.202979084033566459e-01
7.952406346510015878e-01
-1.935397576551804166e-01
5.365664319203722332e-01
1.065549087032544584e+00
-6.134155337291583576e-01
1.153698569321554235e+00
-1.275260076150183108e-01
4.291980880916399649e-02
-1.082348262562701224e-01
-8.999741636069189532e-01
1.846330212949800709e+00
-1.503307717555141698e+00
7.390101943768076498e-02
1.111306831089703184e+00
2.456266368408279235e-02
-2.596896940224739936e-01
6.666012965759660958e+00
1.434756761496062405e-01
7.854232228893633927e-01
1.421596183430534621e+00
1.434970339199401479e-01
7.385937969289060323e-01
-8.995797429424855218e-02
3.857438461542389563e-02
2.821293270219898286e+00
1.801462976715663800e+00
1.494814548487000128e+00
-3.698367479442800088e-01
5.562091527798032065e-01
5.367343313664573179e-01
-1.905196367637733076e-02
-1.624905609284935659e-01
3.013067647559640114e-02
3.868850087190374709e-01
