1.521721035242080688e-01
2.568339705467224121e-01
1.992771178483963013e-01
1.844305545091629028e-01
1.688822507858276367e-01
1.772883534431457520e-01
1.331320106983184814e-01
1.413760185241699219e-01
-4.885563626885414124e-02
-1.038129180669784546e-01
-1.384528130292892456e-01
-6.622686982154846191e-02
1.106108799576759338e-01
1.705274730920791626e-01
3.545306921005249023e-01
2.698262631893157959e-01
2.466785162687301636e-01
2.444531917572021484e-01
2.349065244197845459e-01
1.716225296258926392e-01
1.918848454952239990e-01
-7.419212162494659424e-02
-1.536048054695129395e-01
-1.942252814769744873e-01
-9.423382580280303955e-02
1.599866449832916260e-01
2.409803420305252075e-01
2.644385676831007004e-03
-9.493162855505943298e-03
-1.084818691015243530e-02
1.123422058299183846e-03
-8.962431922554969788e-03
-3.875019261613488197e-03
-1.573383226059377193e-03
-8.958919905126094818e-03
-1.056430023163557053e-02
-1.306564640253782272e-02
5.381448194384574890e-03
1.398339122533798218e-02
3.312546992674469948e-03
1.274362754821777344e+01
1.401897907257080078e+01
1.546514129638671875e+01
1.388804340362548828e+01
2.029724311828613281e+01
2.631063842773437500e+01
2.655946731567382812e+01
3.021076011657714844e+01
2.651008796691894531e+01
2.658147430419921875e+01
2.851358032226562500e+01
2.668886566162109375e+01
2.645278549194335938e+01
5.176699906587600708e-02
-4.573809206485748291e-01
2.584556639194488525e-01
6.011334061622619629e-01
4.230193793773651123e-01
1.672913074493408203e+00
1.994360208511352539e+00
-2.483303785324096680e+00
-7.568011879920959473e-01
-1.031648516654968262e+00
1.248071908950805664e+00
1.598403096199035645e+00
2.166292190551757812e+00
-6.303425133228302002e-02
4.634965360164642334e-01
7.391782104969024658e-02
-1.528477072715759277e-01
1.620261311531066895e+00
8.426044136285781860e-02
-7.292917966842651367e-01
-6.377623081207275391e-01
1.613380432128906250e+00
1.834490656852722168e+00
4.500398039817810059e-01
1.431202530860900879e+00
1.480537187308073044e-02
1.769532859325408936e-01
1.437809109687805176e+00
1.363400965929031372e-01
-4.050258919596672058e-02
-1.843159079551696777e+00
-1.100054621696472168e+00
1.257222533226013184e+00
3.433867692947387695e+00
2.224991559982299805e+00
7.885669469833374023e-01
-5.284122750163078308e-02
2.537651538848876953e+00
1.191513165831565857e-01
9.665665030479431152e-01
1.124509453773498535e+00
-3.441405892372131348e-01
-3.949573278427124023e+00
-2.100220680236816406e+00
2.275448560714721680e+00
5.104113578796386719e+00
-9.494438767433166504e-02
2.119078487157821655e-01
-4.137121886014938354e-02
4.093802869319915771e-01
-3.113800883293151855e-01
1.785020232200622559e-01
5.522713065147399902e-01
1.460385441780090332e+00
-1.063334822654724121e+00
-5.105004310607910156e-01
-1.566783897578716278e-02
8.391824960708618164e-01
5.770298093557357788e-02
-8.036215305328369141e-01
-2.218310356140136719e+00
-8.226942420005798340e-01
-6.275323629379272461e-01
-6.616919636726379395e-01
-2.066488713026046753e-01
-1.114090085029602051e+00
1.781452000141143799e-01
-1.554705739021301270e+00
1.470427960157394409e-01
3.638233542442321777e-01
-7.000025510787963867e-01
-2.484094202518463135e-01
2.011098146438598633e+00
-3.783164024353027344e-01
1.345926642417907715e+00
-1.332094192504882812e+00
-2.143576383590698242e+00
-8.310233950614929199e-01
2.689881324768066406e+00
8.483677357435226440e-02
3.246765136718750000e-01
2.598889827728271484e+00
-4.017479896545410156e+00
-1.391414403915405273e-01
1.374627828598022461e+00
-4.009028434753417969e+00
-3.678729295730590820e+00
2.436528205871582031e-01
-8.708960413932800293e-01
-1.322390735149383545e-01
1.141595840454101562e+00
3.693517148494720459e-01
1.449012309312820435e-01
1.701883673667907715e+00
3.179416060447692871e-01
-1.009446263313293457e+00
6.095715165138244629e-01
3.874140083789825439e-01
-2.869536876678466797e+00
-1.992872834205627441e+00
8.405947089195251465e-01
-2.717954814434051514e-01
-1.168811321258544922e+00
-1.059057712554931641e+00
-6.059624552726745605e-01
-1.065691709518432617e+00
1.929066479206085205e-01
-6.366678476333618164e-01
1.130112409591674805e+00
1.691369414329528809e+00
4.020534753799438477e-01
1.935428500175476074e+00
1.730235695838928223e+00
9.223948717117309570e-01
-2.181895256042480469e+00
9.332640171051025391e-01
7.056928277015686035e-01
-1.289080262184143066e+00
-1.231358289718627930e+00
2.329584956169128418e-01
1.401188611984252930e+00
5.124329328536987305e-01
-3.171382904052734375e+00
-2.435310602188110352e+00
2.673202157020568848e-01
5.140312314033508301e-01
2.016927242279052734e+00
2.285970926284790039e+00
-1.303808689117431641e+00
4.736298918724060059e-01
-3.820671439170837402e-01
5.464056134223937988e-01
5.915455818176269531e+00
-1.667698659002780914e-02
-4.125095367431640625e+00
8.283154368400573730e-01
2.475820302963256836e+00
-2.724192291498184204e-02
1.105221271514892578e+00
2.265158653259277344e+00
-7.593455910682678223e-01
-4.193723201751708984e-01
-3.481248140335083008e+00
-5.121038556098937988e-01
-1.100885942578315735e-01
-1.584265232086181641e-01
-6.355065107345581055e-02
-3.163186609745025635e-01
-2.000497886911034584e-03
3.647796213626861572e-01
-2.083042860031127930e-01
-1.851628571748733521e-01
-2.364029884338378906e-01
2.426118850708007812e-01
-6.915010809898376465e-01
1.318675398826599121e+00
-6.141201853752136230e-01
-4.710426554083824158e-03
5.729214549064636230e-01
-1.072559207677841187e-01
7.719445824623107910e-01
3.332229852676391602e+00
-3.388121843338012695e+00
-8.189424276351928711e-01
-2.350419998168945312e+00
3.498794138431549072e-02
1.287306189537048340e+00
4.639001369476318359e+00
4.549757480621337891e+00
6.353241801261901855e-01
1.035352110862731934e+00
6.773240089416503906e+00
-8.322509527206420898e-01
-1.502451539039611816e+00
-8.044637441635131836e-01
5.157180130481719971e-02
1.350225210189819336e+00
-2.597665786743164062e-01
-8.259707689285278320e-01
-2.944974303245544434e-01
-1.278809458017349243e-01
6.430934667587280273e-01
2.336330890655517578e+00
7.986640930175781250e-01
9.818798899650573730e-01
1.059437751770019531e+00
1.108146309852600098e+00
6.147784590721130371e-01
5.631055831909179688e-01
4.008360803127288818e-01
1.914741516113281250e+00
-1.312222719192504883e+00
-4.522057175636291504e-01
5.097258090972900391e-01
-7.090714573860168457e-01
8.476440310478210449e-01
7.338871359825134277e-01
3.473656773567199707e-01
1.176897525787353516e+00
-1.148282960057258606e-01
1.928596198558807373e-01
-9.156463742256164551e-01
1.039463877677917480e+00
2.395647048950195312e+00
-2.723845243453979492e-01
-2.074141055345535278e-01
-1.201675057411193848e+00
2.295336008071899414e+00
8.098042607307434082e-01
3.795249760150909424e-01
-1.186450481414794922e+00
-3.770954608917236328e-01
2.226330041885375977e+00
1.629120111465454102e+00
2.516826987266540527e-02
-9.248911142349243164e-01
4.089810550212860107e-01
8.734448552131652832e-01
5.010427951812744141e+00
7.811262011528015137e-01
-1.410376667976379395e+00
-1.412199139595031738e+00
6.126071810722351074e-01
1.805276632308959961e+00
-8.963739871978759766e-01
1.199632763862609863e+00
-1.401830077171325684e+00
3.091246366500854492e+00
-4.732352495193481445e-01
6.414651274681091309e-01
2.652148604393005371e-01
-6.610464453697204590e-01
1.522285342216491699e+00
2.932390689849853516e+00
3.272966146469116211e+00
-1.959668874740600586e+00
-9.712223410606384277e-01
-6.845710277557373047e-01
1.848307102918624878e-01
-1.700766682624816895e-01
-4.672606885433197021e-01
-1.645276248455047607e-01
1.795935869216918945e+00
2.473767101764678955e-01
1.572800993919372559e+00
-1.992523074150085449e-01
1.109191104769706726e-01
2.074380874633789062e+00
-2.642789483070373535e-01
-3.369358927011489868e-02
8.271592259407043457e-01
-3.589433133602142334e-01
-2.349601507186889648e+00
1.643076688051223755e-01
1.586125373840332031e+00
1.342596530914306641e+00
-2.094950437545776367e+00
-6.833939999341964722e-02
2.253451347351074219e+00
3.237711906433105469e+00
-1.297480702400207520e+00
1.236932799220085144e-01
9.036843180656433105e-01
-6.729166030883789062e+00
6.246180534362792969e-01
6.296101808547973633e-01
4.029044151306152344e+00
-8.055983781814575195e-01
1.951033353805541992e+00
3.877139091491699219e+00
-1.499644637107849121e+00
4.510994628071784973e-02
-1.527145385742187500e+00
9.422041177749633789e-01
-6.868633627891540527e-01
1.086681962013244629e+00
-1.514088988304138184e+00
-1.529057502746582031e+00
1.647013723850250244e-01
-3.199532628059387207e-01
-5.935326814651489258e-01
3.625783920288085938e-01
-1.072991728782653809e+00
-2.478991150856018066e-01
1.507724046707153320e+00
1.375977873802185059e+00
8.172898888587951660e-01
3.075875528156757355e-02
-1.689122557640075684e+00
-1.812029778957366943e-01
-5.752204656600952148e-01
-9.090296030044555664e-01
4.038772583007812500e-01
1.214974150061607361e-01
-9.213900566101074219e-01
1.660442471504211426e+00
-1.350345969200134277e+00
-4.250325560569763184e-01
4.131476283073425293e-01
8.098880052566528320e-01
3.099711835384368896e-01
-1.305776715278625488e+00
-9.840443134307861328e-01
1.432368755340576172e-01
3.692062139511108398e+00
-4.396305978298187256e-01
1.653317809104919434e+00
1.196795821189880371e+00
-7.987640500068664551e-01
1.892449021339416504e+00
-1.296905040740966797e+00
1.526747941970825195e+00
5.343728661537170410e-01
-4.125025749206542969e+00
-2.509724617004394531e+00
2.258275985717773438e+00
2.065338939428329468e-01
-8.212706446647644043e-01
4.888825118541717529e-01
1.379972219467163086e+00
-2.242906093597412109e-01
-5.656551718711853027e-01
3.026554584503173828e-01
-4.658815860748291016e-01
-1.489647269248962402e+00
2.546626806259155273e+00
-6.518481969833374023e-01
-2.345128536224365234e+00
-2.989146709442138672e-01
-1.639587879180908203e-01
-6.629297882318496704e-02
1.099608421325683594e+00
3.866058588027954102e-01
-1.589569211006164551e+00
-3.437725007534027100e-01
-1.049399495124816895e+00
3.978173434734344482e-01
6.463068127632141113e-01
-1.057906627655029297e+00
5.848507285118103027e-01
-3.232192695140838623e-01
-8.729405999183654785e-01
-5.070431232452392578e-01
-1.994136691093444824e+00
1.045955538749694824e+00
3.200539946556091309e-01
6.458799839019775391e-01
-3.500509560108184814e-01
1.017745733261108398e+00
-6.077900409698486328e+00
-4.688321113586425781e+00
-3.941296339035034180e-01
-2.141235470771789551e-01
-2.475178003311157227e+00
5.126489639282226562e+00
7.271969914436340332e-01
2.625631809234619141e+00
1.009227156639099121e+00
-1.780561804771423340e+00
1.451341986656188965e+00
-7.888196110725402832e-01
-1.054327189922332764e-02
-1.173533558845520020e+00
-1.438027381896972656e+00
2.668698072433471680e+00
-4.998098611831665039e-01
-7.869770377874374390e-02
8.564022928476333618e-02
-4.600088298320770264e-01
-1.491777896881103516e+00
-3.619741648435592651e-02
1.140613198280334473e+00
-2.521347761154174805e+00
1.929985880851745605e+00
-1.565526843070983887e+00
-2.562186241149902344e+00
1.861843943595886230e+00
2.393535614013671875e+00
2.622438669204711914e-01
1.886568218469619751e-01
8.651949763298034668e-01
3.595446646213531494e-01
-1.716951012611389160e+00
4.746057987213134766e+00
-1.478304028511047363e+00
-1.967020869255065918e+00
-5.230702161788940430e-01
5.955968499183654785e-01
-3.635052740573883057e-01
1.119266510009765625e+00
-8.687990903854370117e-01
-1.899105429649353027e+00
1.640636086463928223e+00
1.013384938240051270e+00
-3.129821538925170898e+00
-3.471114635467529297e+00
1.753958106040954590e+00
1.809256792068481445e+00
6.049217581748962402e-01
-1.907735943794250488e+00
1.681086182594299316e+00
8.274707198143005371e-01
1.803253591060638428e-01
8.245120197534561157e-02
6.699693202972412109e-02
5.366157531738281250e+00
-4.366783499717712402e-01
-3.281083106994628906e+00
1.899850368499755859e-01
3.127874135971069336e+00
2.672056436538696289e+00
-7.669091224670410156e-01
-2.197978459298610687e-02
-3.271817266941070557e-01
1.113884076476097107e-01
-2.497848272323608398e-01
1.269532203674316406e+00
1.171338319778442383e+00
-4.774394035339355469e-01
7.837950438261032104e-02
-6.664316356182098389e-02
-1.275382041931152344e+00
-2.961530387401580811e-01
2.041720002889633179e-01
6.569267511367797852e-01
-3.787440806627273560e-02
-1.303331255912780762e+00
-5.052995085716247559e-01
-9.018180370330810547e-01
-1.653880774974822998e-01
6.216495037078857422e-01
1.318293452262878418e+00
4.318771362304687500e-01
2.164001390337944031e-02
-2.064143717288970947e-01
-4.966869652271270752e-01
-2.954509258270263672e-01
-7.438746690750122070e-01
1.459283590316772461e+00
-1.447087883949279785e+00
3.051056385040283203e+00
1.641154527664184570e+00
1.695769786834716797e+00
-8.983101248741149902e-01
6.099462509155273438e+00
-2.895344495773315430e+00
-1.592262864112854004e+00
1.302148818969726562e+00
4.005390405654907227e-02
-7.844089865684509277e-01
6.982857584953308105e-01
-1.494756460189819336e+00
-1.063237309455871582e+00
1.992905437946319580e-01
2.650390625000000000e+00
9.882858395576477051e-02
5.173050761222839355e-01
7.480533793568611145e-03
