8.026244182270629857e-01
-4.512822231437664255e-01
7.599756077274067989e-01
3.073804399488286876e-01
-3.035929138885580802e-01
1.952532836082482737e+00
8.119977860006364345e-01
9.272511272552569350e-01
-3.967412675642983388e-01
-2.512043060123805849e-01
-1.920230984948278763e-01
2.025653572917569534e+00
8.950524925889292716e-01
3.568143545648443105e-02
3.596185670032313042e-01
-3.243661544533747443e-01
2.505588353242343969e-01
-4.975905172032054069e-01
7.434896331107199163e-01
9.921021576632137462e-01
3.469928562278411927e-02
-2.418182216084546754e-01
1.344994038407822057e+00
1.793126998666229932e+00
1.121698550056982269e+00
-6.804683292787010451e-01
7.617241097017315443e-01
-9.754428132325374534e-01
-6.429990106631218172e-01
1.030167247327864244e+00
1.232183585130414816e+00
1.161421958894351514e+00
2.428742837358759121e-01
5.812890494128348795e-01
5.974381749171123746e-01
5.573118742839882483e-02
2.440235822113493713e-01
3.961188463427157136e-01
4.884842421252474365e-01
8.496432031461065293e-01
5.920828865334072377e-01
1.115793659481401967e+00
8.033982570239591725e-01
4.958809202989215570e-01
9.582924646646830968e-01
8.841492200189916550e-01
5.430921373254724571e-01
4.042413555191337049e-01
5.701726392629754558e-01
5.693768562851979353e-02
4.287552728047656081e-01
1.987419176326134240e-01
5.224708375077484757e-01
6.386023390936541588e-01
8.114328935128617415e-01
7.405596577622076682e-01
7.309026976025033706e-01
8.632547785215189950e-01
6.233571740813396156e-01
9.734016907859795176e-02
7.037468427324808928e-01
6.265215842850173633e-01
5.460620102199533754e-01
6.984504632388989220e-01
7.101795195686281259e-01
5.170336799846406706e-01
4.369600305740560797e-01
2.449050058125375740e-01
-2.091374972346516370e-01
4.668657839321921355e-01
2.086114100079461409e-01
3.156277144114403299e-01
7.418697761926816847e-01
3.976603894029011044e-01
2.519683547344587771e-01
3.010138030701566270e-01
3.338249040865764461e-01
5.593396856709752507e-01
6.549790697041218968e-01
8.151341676783064871e-01
6.116751711934609315e-01
3.602467245598369172e-01
8.934624893746899721e-01
8.703738557310482238e-02
-5.857928827625732970e-02
-1.605741679547797729e-01
7.307384572391503186e-01
6.361487462064119303e-01
2.168950440109543021e-01
4.262912905669770658e-01
3.542965736428882462e-01
9.048195495458062343e-01
6.656845622108076288e-01
3.491110910982697102e-01
5.975055073893478785e-02
8.317260373559264286e-01
5.741772142753577279e-01
2.676996979146967215e-01
-3.004553577250760818e-02
9.309563642103672043e-01
9.112506222803414824e-01
5.701605973748066214e-01
6.675580206886900791e-01
9.495534872104240964e-01
7.416351737546102996e-01
7.527664920664545178e-01
3.104303570063636775e-01
2.627828359458487806e-01
-3.320331012213104810e-02
6.494690750222544828e-01
3.670318169339535364e-01
1.895456787076743588e-01
7.477240495742840110e-02
5.792003130724863169e-01
4.448848753625901931e-01
8.632373749269973695e-01
6.429052911541035531e-01
6.002830758962491853e-01
3.540749124355833111e-01
6.545685120027368020e-01
7.351865763436745693e-01
5.380166879222376686e-01
8.786941213586141330e-02
1.730507290548485844e-01
1.419370008603751676e-01
4.955451011664670502e-01
1.127564673831530639e-01
-5.434577106814548336e-02
3.968255359834642060e-01
6.753858087585462577e-01
2.796544513169720858e-01
1.263074928669474462e+00
5.482182893219592623e-01
2.488261204779440017e-01
5.419868192289568620e-01
3.082826453193897032e-01
9.708844185459751808e-01
3.130326222948037751e-01
6.752739190401025882e-01
2.781519851366265894e-01
6.475754202932590964e-01
5.342390979654172423e-01
9.228267416295233838e-01
7.038149488395352149e-01
3.840590597209849744e-01
2.087351431043253311e-02
5.422261653389334191e-01
7.526939225903538366e-01
5.356486803030744426e-01
1.354827921274730784e-01
8.109792674552246394e-01
7.859643221019145809e-01
-5.341812095187020715e-02
5.672112312788260002e-01
2.826969092376172554e-01
7.141471348161345656e-01
1.970493786222787536e-01
5.132217609612692577e-01
1.125911740428415797e+00
8.544152200413496212e-01
4.949857422103236260e-03
1.070911030248242968e+00
1.374500303698573955e-01
8.550350362622863992e-03
5.328224771607937837e-01
2.775559100915973021e-01
6.954383694706198771e-01
8.232847615540563879e-01
1.292983721394710128e-01
5.270530355279173795e-01
2.860714649611381666e-01
5.725838661566874377e-01
3.979729734799311580e-01
8.968403064046626127e-01
2.050333193054851566e-01
1.318735148540498281e-01
5.283482804424337598e-01
1.363640269906768454e+00
7.677721690582134384e-01
6.657447969252366926e-01
7.641868494154024916e-01
7.312573708442388076e-01
5.108799709531716138e-01
1.579636992421832586e-01
7.170086499729860785e-01
5.496087913927709678e-01
3.381070826845807842e-01
9.261936987887574302e-02
7.255499285929766229e-01
1.774776415878819569e-01
1.131799058656006052e+00
3.263177047913599638e-01
2.525565029549470264e-01
7.649548417942951817e-01
1.609603612171314480e-01
2.771059693899109999e-01
3.513633058662963826e-01
7.554654839487152662e-01
-8.205279144071795511e-03
1.336765318789496781e-01
7.405791499943488176e-01
1.349538521940362612e+00
4.768872619543355618e-01
2.470000717808484847e-01
-1.777096753961869835e-01
1.617051198070018347e-01
2.054872040893859775e-02
5.146088283944442177e-01
-5.057816575474369941e-02
5.023710759896566902e-01
8.492964991254863261e-01
4.312574924753191374e-01
1.802049754195076403e-01
8.527031822527781912e-01
7.188424435976654703e-01
7.272754084115087281e-01
-2.219242918750846325e-02
1.090774051037876335e-01
7.470263277513533584e-01
2.307864658914004219e-01
3.527616196657983871e-01
2.983237464599775013e-01
5.770065640373762683e-01
1.105703925228201268e+00
4.422095232423498556e-01
1.026619363360413262e+00
9.362740642259314780e-03
5.955154672423336182e-01
4.108362943321827165e-01
1.914265759979003334e-01
2.393788785261795615e-01
1.467525011017244974e-01
1.040555351031431819e+00
5.815161887346884662e-01
8.244244093433951148e-01
9.238092110345694774e-01
5.300850416193180203e-01
9.017869756146025262e-01
-1.389842252317097793e-01
8.681411126004293100e-02
7.639878589219151195e-01
7.604053599475242287e-01
9.622083053746066650e-02
5.737807772542655727e-01
6.228217570010784465e-01
8.754463193470497506e-01
4.886751390443946352e-01
2.773117737333749555e-01
5.518680237641924169e-01
3.210159051555465659e-01
8.604974153312014984e-01
6.235140830462915229e-01
4.913588797676198272e-01
2.316928440635385722e-01
3.068154234546472403e-01
7.226355062823426323e-01
8.445875656109679275e-01
2.139367549060064433e-01
-1.284387826301825082e-02
4.749235858209942540e-01
3.278857242941908834e-01
9.229419045517425202e-01
3.565593791092794840e-01
-1.726828975367398003e-02
9.126542194946455355e-01
-1.102098573703302192e-01
3.217005871488546331e-01
5.159375761450796238e-01
1.474275274385520584e-01
-3.756906048621026784e-02
-5.635166946065770649e-02
3.837932793629869055e-01
1.045916275280897173e-01
6.973663458152267181e-01
6.976909639760344728e-01
4.946151357709649976e-01
4.584705456489110431e-01
4.392366810628618445e-01
8.480371650588303112e-01
1.078650421566918594e+00
-6.653802898596097859e-02
2.199098343945302403e-01
2.191025371661912136e-01
4.353870781908898979e-01
5.756403897761049882e-01
4.065407123474988893e-01
9.636375037239637564e-03
4.633886352834381550e-01
4.407830132560788261e-01
-2.427834323306552345e-03
9.116870719087496466e-01
1.330427141133224689e-01
9.397687484280384806e-01
5.045496425943118979e-02
1.011377467623844506e+00
9.769311437803183118e-01
8.028333266553554504e-01
8.259542178865522111e-01
5.875136469170491038e-01
7.433804852993326495e-01
9.152280933693875964e-01
8.747023446545179604e-02
6.457714015762143767e-01
5.196600231429068240e-01
8.092315832538200526e-01
6.093485284744407648e-01
6.867346985051808739e-01
8.147290072270333416e-01
2.912890486071195162e-01
4.430178522258645946e-02
2.926371957650218403e-01
3.319160823992605702e-01
3.464824978581336756e-01
4.163061436617404576e-01
1.235713405112169871e-01
3.011849868820171694e-01
5.891132237322526111e-01
8.211706569787412535e-01
3.224528664715883841e-01
9.399802417803033716e-01
7.604041072621405828e-01
5.708892067410574755e-01
3.974811410445546755e-01
3.048545520913408802e-01
7.840937350281941276e-01
5.828868538078961770e-01
7.755538683892941876e-01
3.276874260939603434e-01
6.099280607798779341e-01
3.498404268918401949e-01
8.755912357461946849e-01
2.856151494375309685e-01
4.888191142943962286e-01
8.206036711655471105e-01
2.349193099479814917e-01
3.716756479441816197e-01
5.941698036511867953e-02
7.244403430711162661e-01
-1.159944017489992069e-01
9.619889244799738615e-01
5.642399227842612858e-02
1.013296486617038195e+00
8.138404854911790443e-01
5.578915733993339288e-01
8.790048524953815168e-01
8.829352773533399867e-01
8.099185548409489899e-01
3.737702876881691116e-01
7.083931614009852940e-01
-5.819239351122758308e-02
6.150274408783922286e-01
1.474807015287587508e-01
5.304420349892779996e-01
8.748696296271936124e-01
3.438183910386913844e-01
7.917555270853022797e-01
1.025351061932447516e+00
8.054167245419601162e-01
3.836781982649376532e-01
5.051150294900098592e-01
1.292779023815691319e+00
2.877134934652160192e-01
-4.515858357376846821e-01
-2.599849979058013738e-01
7.458375607669857077e-01
5.374314636988926086e-01
7.034958875388598321e-01
5.545502437545101193e-01
5.046145305529982084e-01
9.454588119293717563e-01
7.328024981974128327e-01
4.810092366008589249e-01
5.250741628910755576e-01
4.261878220131137818e-01
2.825688575854967688e-01
-1.486420840474478658e-02
1.229494948664712206e+00
2.683298182908732676e-01
2.204158488479327216e-01
4.905271392942642805e-01
6.532800319754074048e-01
9.487773951758847746e-01
8.052283154150753353e-01
2.336752819848942897e-01
5.218808524316335268e-02
1.075316862849418298e+00
8.547847412978358816e-01
1.005467442126801947e+00
-6.936304753719133021e-02
8.541938994738027535e-01
7.671826788066424818e-01
3.094189971988238197e-01
7.008509412336569877e-01
5.624700230952157654e-01
3.493202772546970258e-02
5.680806460257779023e-01
8.944752783872360613e-01
2.105558775032557728e-01
4.627766131642067071e-01
4.363693984075293630e-01
1.400008837289321850e-01
7.693781310582307187e-01
8.906526771771816620e-01
2.358468356525275644e-01
9.505606627897059679e-01
9.416964060082184673e-01
8.909606491114840932e-02
8.452321378094995730e-01
1.291163383935579889e-01
1.083158108282853860e+00
6.514127990517900590e-01
7.551238075819018958e-01
1.132143442814795842e-01
7.704426936065863485e-01
-1.437323875649515817e-02
1.939605540019782304e-01
1.730605679292894494e-01
8.812745764253959724e-01
1.451113623402618402e-01
7.786217772524046676e-01
6.501677787235075057e-01
-3.696269480458298784e-02
4.019665543541919850e-02
1.622641695323986666e-01
5.717705163615052211e-01
9.077489594752072843e-01
4.216338969074612253e-01
1.036454634339900593e+00
6.014018370099295796e-02
5.921882028046274726e-01
1.102011976910117541e+00
7.692016620884116751e-01
6.022688437748795476e-01
8.016893628362411484e-01
2.095731745894075515e-01
2.180318515929533796e-01
-1.537874087995954805e-02
4.279391134461303925e-01
7.805235060195424568e-01
4.448153028288269750e-01
6.548774982105968201e-01
1.419408167866706982e-01
1.298326224643985727e+00
3.362472836356471539e-01
3.130938956225222669e-01
6.524104947301891944e-01
9.568584188016715508e-01
4.663124203821493730e-01
-1.222980980528786711e-02
7.399230035167683184e-01
1.192044517561887257e-01
7.821369420450808851e-01
7.692390962199137094e-01
1.807110777451053363e-01
3.564156439976256391e-02
9.781185102002581955e-02
1.016230756367392463e+00
7.392587949419362481e-01
8.332562415067267247e-01
5.300891913545962009e-01
7.849076333609344980e-01
2.408339956767499290e-01
1.098763398495010035e+00
3.867395103907163012e-01
7.221967941172138250e-01
8.028710797965337154e-01
6.879684586784159395e-01
1.092475612422830533e+00
7.108530540647546581e-02
5.625738807657486573e-01
2.907491643824421934e-01
6.409365095407730806e-01
1.914984163203138356e-01
1.800914745168931130e-01
2.370181892859678230e-01
1.127957082524870674e-01
4.393456721482352223e-01
6.558276620864292861e-01
7.218440113916392287e-01
5.061826934246164145e-01
5.058555509677997719e-01
2.074930280439977182e-01
6.071670719420031448e-01
4.088607498512837335e-01
-3.015039001355457673e-02
2.352037585806329989e-01
5.512907047546499184e-01
3.165353779932897349e-01
6.632471476316897929e-01
4.206432973715983903e-01
7.681900555818385046e-01
7.172579013145735649e-01
8.027476656471889127e-01
2.882075817195993706e-01
8.252767039288706474e-01
5.419977041457272326e-01
4.013506147877146657e-01
4.656799625193883130e-01
5.594372626236979729e-01
6.876552726420639416e-01
7.410278973006657610e-01
8.887094686253028675e-01
8.811998845580168993e-01
6.918533762453296099e-01
5.063414552824238024e-01
9.214614496086462880e-01
5.714609546439061161e-01
6.389465742576149188e-01
1.035545700568796385e-01
4.157758858106785915e-01
2.565824010416832279e-01
9.807240104414530757e-01
-2.801814003250983204e-02
2.751063985912172161e-01
4.473422976485151858e-01
5.231448611578776164e-02
5.572766128648273254e-01
8.356424791482285341e-01
-1.175341080077807604e-01
8.326184702713828045e-01
9.910537624895873199e-01
1.963101157140379194e-01
2.138677573905014284e-01
6.633294486298596526e-01
1.710447766909884704e-01
4.682417990718912848e-01
1.008981745900966009e+00
9.697639930218010518e-01
1.009073951610482967e+00
2.462389837092216205e-01
1.020328946060104380e+00
6.499194024512472412e-01
3.982716866345192286e-01
6.980416667157419708e-01
1.490476041903867344e-01
3.122862668418805443e-01
4.835182179665415414e-01
1.433247963682416637e-01
3.922638825084894670e-02
8.086574302998245090e-01
8.756565909547361359e-01
6.457747610034902941e-01
9.364804532358643741e-01
9.413988019654006001e-01
1.970758869966864057e-01
4.344639408506306144e-01
4.322656683746597950e-01
3.713086768603846705e-02
7.312831980676650634e-01
4.328266650974658680e-01
3.763810639704037730e-01
6.442777229119858728e-02
1.360242786447635466e-01
8.279112948720958043e-01
2.484752741049392824e-02
2.241645536559037089e-01
5.811506619391992867e-01
3.913519539167111261e-01
5.802273258869417027e-01
2.131940945747342886e-01
1.157496398208199412e-01
3.587921225191951224e-01
1.054025974104128460e+00
4.812864860448400894e-01
6.822721699002854967e-01
7.814795342574145653e-01
8.536760708637662898e-01
-1.088139790413275299e-01
1.816524323476141622e-01
4.185989501613816555e-01
4.518104589936096649e-01
6.927047473275583789e-01
6.095504591545459760e-01
7.813277374934157748e-01
8.140916624348731867e-01
5.377396383544964520e-01
1.045377960823364205e+00
3.929489988195437600e-01
1.109474435052445696e+00
6.458499243525367417e-01
5.484948682028494282e-01
4.782302082210448946e-01
-1.452174216481886548e-01
2.792718498668302352e-01
9.901299058241282980e-01
9.090057132030394671e-01
1.659063384360851823e-01
4.316509393558252139e-01
3.146497647764820438e-01
6.738096965832247875e-02
1.101576756171969595e+00
5.651823878607423746e-01
3.358112196997316001e-01
4.626240268375608755e-01
-8.575755214629263157e-02
4.311606293488012276e-01
6.175949307751292805e-01
4.756758012998826834e-01
1.081248926182209358e+00
5.261469950773584037e-01
5.621608745452894018e-01
7.341598555348552990e-01
7.045706274543921399e-01
7.548097496316302779e-01
8.450512512561911826e-01
7.159208273231264519e-01
9.522975390449356370e-01
1.850399809183308486e-01
5.623741729541991141e-01
4.118164274214808906e-01
5.394174417618923245e-01
6.576265557240823512e-01
1.044014832419246419e+00
9.542251254323603771e-01
1.720803187305238735e-01
9.006037049664166183e-01
9.293192108313768074e-01
3.854330381731138622e-01
1.607457289048714599e-01
4.190898335819608078e-02
9.076376866468294224e-01
5.810632374383810639e-01
8.746958481363152904e-01
6.068544322081769193e-01
8.445085509538123869e-01
5.588969608739394745e-01
7.385793007655692133e-01
-3.088860521573567886e-02
6.692657638148167276e-01
8.206536275676268311e-01
9.808804462865213791e-01
9.739114909235722095e-01
1.481449556888579377e-01
4.475661177270320312e-01
2.752042696658643997e-02
1.128411820829465922e-01
5.237538216130528390e-01
6.460985724876050496e-01
7.691964494938737795e-01
1.004832206156676344e+00
7.199522882125134471e-01
7.356705133048965228e-01
-7.972878576048111898e-02
9.046189198431639489e-02
9.600800729288183621e-01
9.654989659593055107e-01
-2.389525828573267341e-01
5.632246409717772684e-01
5.832607298166458953e-01
1.496671733335540044e-01
5.263187798208092127e-01
7.842693809165741659e-01
8.556600281774076056e-01
1.946169929982189128e-01
1.002811311596107924e+00
4.558413920507900507e-01
9.603842151121912973e-01
1.174033073025382568e-01
4.978849884525782254e-01
1.832228168584616457e-01
4.920705448003285798e-01
8.435141847673010007e-01
3.603068968755217538e-01
4.142347551848103993e-01
5.605526970753006433e-01
7.704668995210229854e-01
8.992352315691516385e-01
1.052703588863334483e+00
5.428443611508810829e-01
5.103669262880010660e-01
8.336093971653089907e-02
4.342812439837469562e-01
1.067287885270963077e+00
6.771204229636885730e-01
4.835216984988376376e-01
4.467655847589168117e-01
8.062286646409170254e-01
6.104358428366657430e-01
-1.370181673578271982e-03
3.842564533177063590e-01
-1.143800973038467811e-01
1.197618371472570498e-01
-1.307841899461922586e-01
3.873778516507117020e-01
5.019739039710037209e-01
5.781597525059597453e-01
5.378667172754640902e-01
9.207611747207156139e-01
9.228146823027129075e-01
7.175770951183672031e-01
1.546833702668981847e-01
1.052971218836579625e+00
2.637518331291376916e-01
2.476135874503866685e-01
7.825636449851425258e-01
6.367824196130368319e-01
7.028592425259687637e-01
5.921450077317751415e-01
7.135434016324704309e-01
2.663844440714344119e-01
3.635021430949003651e-01
8.653071224786861027e-02
1.056991374845388243e-01
8.849528939466316801e-01
3.536250722356051868e-01
6.518448364066811163e-01
9.988142453747684835e-01
7.018679532229068485e-01
4.849186564561881463e-01
4.911472762075826393e-01
9.826191773045316324e-01
7.033918448869332929e-01
7.633834155902914365e-01
6.215256504043834562e-01
9.431884017675454812e-01
5.558545079665091482e-01
5.975802131882889112e-01
9.957728227424521295e-02
5.747278191780735845e-01
9.247955971199303127e-01
6.030368230303410071e-01
1.461500879337920000e-01
-5.126974149535994812e-02
1.076196552284168106e+00
3.814604318909682601e-02
4.047114443657155378e-03
1.524204313050294690e-01
-1.781290515307236977e-01
3.658769789738720579e-01
4.339196754048185167e-01
2.232520763851392753e-01
1.419230984763187597e-01
3.121877336873269404e-01
3.916222451997813381e-01
-9.360500579970273960e-03
6.153284481647113280e-01
2.688448144780496984e-01
2.697257466765531908e-01
5.705828895010458535e-01
5.196346670106903876e-01
-9.897202371923406738e-02
2.641228228439114478e-02
8.154154843949676934e-01
-1.471727822845962930e-01
6.832188230798548201e-01
4.973635020003659979e-01
4.333659311575436268e-01
2.658906551334317414e-01
8.091113249641853633e-01
9.079566477996962037e-01
2.151826727766217862e-01
1.989802243650541647e-01
3.329130760647410758e-01
4.277057444153987142e-01
5.109846144794957246e-01
3.127108783744231291e-01
3.452973595517407346e-01
1.079860791647125451e+00
1.292466886264502235e-01
3.521127129667117051e-01
8.235676848493518332e-01
-1.627238636960408880e-01
4.167339077606085906e-02
7.543472504941425849e-02
8.768577705641427134e-01
-5.896031136791075877e-02
1.339356913939231952e-01
1.170177081464823521e-01
9.019639934579914975e-02
5.957307808773267821e-01
2.649512775677944076e-01
5.490868207939770818e-01
5.027989513640390706e-01
8.239585587803208711e-01
4.151684850914526964e-02
9.057477479921143271e-01
5.786320535995566061e-01
2.386568702579138501e-01
8.756736988785362996e-01
1.137680874939963171e+00
2.304553499227535163e-01
1.055583916928762189e+00
5.231690538284096137e-01
8.153972763530458190e-01
1.059507948730938898e+00
4.006487340660545016e-01
8.442175368503904709e-01
2.178422385787020799e-01
7.615687316343502378e-01
5.793498701537510565e-01
1.175405834526414839e-01
2.003313259727116935e-01
3.710655782903274913e-01
5.560806616051205270e-02
1.042401902393398222e-01
4.578114792315852721e-01
3.512587702815267443e-01
2.038838034040072744e-01
8.035060269090481544e-01
6.457390096895846421e-01
7.707037364195071794e-01
3.718980554466120858e-01
1.091220352300062091e+00
6.702493143932324315e-01
1.770354955889721638e-01
1.736316161879352116e-01
5.672785404401792242e-01
2.753706179621864814e-01
5.448563556986630863e-01
8.402787144338885739e-01
-1.848725580815335223e-01
9.959286566531516671e-02
1.004512789023155550e+00
5.329921015774218285e-01
-6.089326432209758722e-02
8.423694148964051553e-01
9.297176215622565687e-01
5.307346352081055985e-01
5.394680062388207409e-01
1.948944989239048131e-01
2.459951003206138076e-01
4.778392233129223343e-01
1.392723589622666125e-01
8.817252995478668254e-01
7.210915459795353977e-01
-1.776592042754841505e-01
6.008941800591252047e-01
4.566394427450359839e-01
9.269658944150772628e-01
2.136368144646442202e-01
7.450719212647066714e-01
8.322047696634157221e-01
2.678341875447637355e-01
5.346143266296885521e-01
6.089589230039914591e-01
3.862703301239656661e-01
9.001849157019032877e-01
1.070647466835710437e+00
5.427229836654514639e-01
4.003710781503803662e-01
-4.379834721012409310e-02
6.007352018602410970e-01
7.058219252444540848e-01
5.464196209868646958e-01
-8.096406640216279038e-02
7.055711227023503396e-01
6.339665292391144513e-01
8.561560990330853160e-01
9.032758166274976186e-02
1.019438451570789717e+00
1.577093136424855546e-01
2.698092535869860142e-02
6.837790072060617730e-01
8.686084395022958260e-01
2.357981341814865128e-01
4.384050635071993218e-01
6.668996410523745366e-01
8.759091955700936127e-01
4.563852376644816911e-01
4.696197418046501038e-01
1.104067481038244036e+00
6.362126294779080204e-01
7.246303103210722796e-01
5.358324497498339056e-01
1.008068602848729775e-02
9.273941169624707603e-01
6.746764648525943597e-01
6.667671320248143019e-01
1.043764303156196893e-01
1.244329659991032094e-01
7.377620639461568430e-01
2.687514751635717847e-01
8.510255019738846016e-01
3.051955537519107087e-01
7.800828086399757000e-01
7.476208874630057011e-01
3.580101135264230905e-01
2.509171509546212486e-01
5.807809265690460077e-01
7.102068932514568056e-01
8.090053758510900028e-01
8.217810155971965180e-01
8.342175628614246774e-01
5.354516273969485152e-01
2.967071416993823374e-01
3.766345284258885151e-01
5.477383401369457783e-01
9.596653064568379243e-02
1.275209455245807921e-01
8.550442349424987043e-01
1.736004200762688021e-01
7.846650971656676798e-01
1.956161616839391659e-01
-4.596093238325311969e-02
6.803330721334418518e-01
7.003444796345902335e-01
3.048456674340845884e-01
2.685000432591425623e-01
2.378828460714609849e-01
4.984488761005863577e-01
6.100358030535919518e-01
2.545481224695581024e-01
-1.093212644182302989e-01
5.360308223318102083e-01
9.627119788097425745e-01
6.623647577705537026e-01
5.698598303335629112e-01
-1.509549138433460003e-01
3.148662009861354916e-01
3.598980321596551013e-01
7.905019046112173875e-01
8.603279768638268932e-01
8.474127223829497346e-01
1.157403879223874776e+00
1.011024021023976260e+00
8.348778874274712658e-01
8.337394446204135501e-02
9.619518788000185061e-02
2.634505776088846840e-01
3.674550671808703983e-01
6.569834683013378585e-02
7.814413098551518111e-01
7.163220452991101439e-01
3.625241643603171471e-01
1.296454622151072267e-01
3.975496311649919234e-01
2.241103453914153332e-01
6.906085956865952724e-01
5.755404870164383402e-01
3.853914236330337473e-01
8.899004095412313409e-02
3.136960597712386278e-02
2.861819151205133305e-01
1.086210224933922053e+00
7.871558082621238350e-01
4.422541879676087501e-02
1.161291698628626579e+00
3.141472787563961977e-01
1.116875878338274841e+00
5.935605043464052544e-02
-1.602187900011516619e-01
4.595633391621818387e-01
2.819196794455128829e-01
3.917430635134616645e-01
3.166904225034036235e-01
2.981843162239393719e-01
1.037488716040877890e+00
9.208058028574531706e-01
9.336412921649245300e-01
5.080085473297053511e-01
5.161199179215721911e-01
3.219951986163832602e-01
2.069257996208601347e-01
-1.790256482905398516e-01
9.488719046601410412e-01
1.000828594730775789e+00
6.990576493814064651e-01
3.699081887502660426e-01
4.541172365127242316e-01
6.046924965502599170e-01
6.827656271212942940e-01
2.024312890117736241e-01
7.603645909659488555e-02
2.039812467477912228e-01
1.103589576959794760e+00
5.743270632721184654e-01
9.108152343108658622e-01
2.202982457404729921e-01
5.341111610629372120e-01
1.332087595248475642e-01
6.333877323809560256e-01
-3.081899835569682292e-02
-9.150057213166845616e-02
8.283052573859639445e-01
3.444086791537095404e-01
5.588292626246694761e-01
6.835705216501415382e-01
3.712108946852373248e-01
4.959156911670162815e-01
2.850475586823575380e-01
9.927408996864875990e-01
8.340535741871779596e-01
6.381895546740341540e-01
3.665711075389002094e-01
9.610374514364800058e-02
7.022951246771950151e-01
3.603273855267049575e-01
1.656415518959638289e-01
4.945627057728492204e-01
4.831905425174224389e-01
5.148937435698038856e-01
9.486677179253041325e-01
8.818585845952181534e-01
1.011994504357772162e-01
9.297679317060539850e-01
3.266053093420263620e-01
6.785879181163395613e-01
-1.654756276444072083e-01
1.055405406879182273e+00
3.881346858836985936e-01
1.616261510847410987e-01
3.752835450381742932e-01
5.124219678466011840e-02
2.400553700010544800e-01
5.885441783332981958e-01
4.827199115144309993e-01
9.680342490652861231e-01
3.999605909658029979e-01
7.821493782328413635e-01
4.276292721146482401e-01
6.131349221559423412e-01
4.425286635604517294e-01
4.637079518720332860e-01
9.409830204797522413e-01
2.682349421307028137e-01
1.053382554740466687e-01
6.862153349823154613e-01
1.133383161918481319e+00
1.570120737781268982e-01
4.888467800125351204e-01
8.059876105277795633e-01
7.372489951742495773e-01
1.034007376989702243e+00
7.516198989103917150e-01
4.374905188664404143e-01
2.488244174644162199e-01
7.519966577459312740e-01
4.778934133946812768e-01
8.102037329873797988e-01
5.518004392252477963e-01
4.249450480702875454e-01
6.391423368343729372e-01
4.918800987698577765e-01
9.511545644608442318e-01
6.858894278010403411e-01
7.720164076966820055e-01
4.346276938547148361e-01
2.948516096032508527e-01
3.451373420189692287e-01
1.471291360373677970e-01
-1.168999846198003761e-01
5.938821716829792985e-01
6.108601474088634076e-01
6.961721686374517937e-01
1.835466017556312279e-01
3.420615005180508983e-01
2.431725717285678490e-01
7.187849455610576532e-01
7.273877763417776476e-01
1.782747323932620809e-01
7.284135036194785418e-01
1.538238907742282557e-01
2.617670683798293263e-01
5.387438691995360962e-02
1.797036648098455369e-01
8.358576823564298763e-01
9.888491770227895161e-01
3.748646676415110512e-01
5.172234679875298280e-01
6.758650362885335605e-01
9.213101484159211818e-01
6.542913566681922699e-01
2.415632735627478711e-01
8.069763058503521824e-01
3.006151757581810857e-01
8.897352570914912606e-01
3.862692475283275861e-01
6.656444094816712509e-01
-1.507000890843116503e-01
1.922963364678630382e-01
8.131283451993265299e-01
5.884785562121948033e-01
5.212666032637207625e-01
1.108889965218638807e+00
7.721915462512679573e-01
3.444015498993655555e-01
5.566398643376549993e-01
3.436802719874290091e-01
4.879362567741876155e-01
4.939026494807983170e-01
1.632128870249787977e-01
8.271935837909880629e-01
1.069016643685256396e+00
8.394263024927592909e-01
9.157018869359433433e-01
8.989605477925985966e-01
7.399575833154296012e-01
7.195438951015263873e-01
2.334943391077573260e-01
2.185254306216315723e-01
2.964719019103277398e-01
5.465890467864812363e-01
4.297397213123630988e-01
2.599903412117585688e-01
5.193566973252450314e-01
4.945478556597571185e-01
2.377261487326975120e-01
7.666186102602503549e-01
1.140321504310526590e+00
1.729872191376475576e-01
4.197351318005388549e-02
3.126243359225446272e-01
7.281982536565162478e-01
9.050953776496963865e-01
1.463512049231200651e-01
6.605673081373002464e-01
-3.397209188120709975e-03
2.957876475069597388e-01
1.094764229110989362e+00
4.648298930619486624e-01
8.680519157587106294e-02
4.637774263220290627e-01
6.082330198420300427e-01
8.865383688880987823e-01
8.971990849732170981e-01
2.179117597245872340e-01
2.370057811445342999e-01
9.083630405432854271e-01
8.141992939281054997e-02
7.079764208896347499e-01
8.072662385412033847e-01
4.179828534215628832e-01
5.690447374056875063e-01
1.487384465646696408e-01
2.415361479084952856e-01
7.477842414563036222e-01
3.444607981406048181e-01
5.024291564710223756e-01
6.533573682783091474e-01
9.185154857468824652e-01
8.908732646194160720e-01
5.367542839824144263e-01
3.721940238551781910e-01
6.389878462317076790e-01
9.147369274079358847e-01
1.064236627610758851e-01
4.086703597060613591e-01
3.668102230671720920e-01
9.308799626801492200e-02
5.511643265770225231e-01
3.918120681200537025e-01
7.580795809445666222e-01
9.268750211722318610e-01
6.558864513614902636e-01
4.023889611269549915e-01
3.028442970779438581e-01
9.342306131057689367e-01
8.423709722785557297e-01
5.443404313273910722e-01
8.533250904925714364e-01
1.749486076098050180e-01
1.086981203585023259e+00
1.512788627749593051e-01
4.380920411328126374e-01
5.457498105786614540e-01
8.443595957229869942e-02
1.406465039601638711e-01
-2.444861058597198322e-01
5.451698724513385219e-01
7.559273448158800868e-01
1.170942400528436622e-01
8.903520833342706275e-01
8.726138650005208497e-01
-4.028499392005709112e-02
7.869583508478530942e-02
7.195807304570082108e-01
7.977878185618390017e-01
5.534992974349679518e-01
9.897154381701921411e-01
2.070140421319515700e-01
4.809773770821998973e-01
7.264731807136968200e-01
4.510689874505582897e-01
6.777473336556517625e-01
2.448029423554603512e-01
6.471533240691926814e-01
4.141016345593405146e-01
2.922350977423840979e-01
1.642188489402523488e-01
3.511263913469033771e-01
8.788144341097353651e-01
2.525818109470950867e-01
1.118729268270431676e-01
-2.422253540496221297e-02
9.431255891142117931e-02
6.553394263292587896e-01
5.971346117893714389e-01
9.297345349472380116e-01
2.327461814981337251e-01
6.718873076422244850e-01
4.796779609647551790e-01
4.143494633841744990e-01
7.220640033669196711e-01
8.026868188601821164e-01
8.812208955068044913e-01
8.737218611767665066e-02
4.100630865550066728e-01
7.353337687275450785e-01
5.151121944159373633e-01
6.910083909895685661e-01
6.416884373897602245e-01
5.596916969525501662e-01
8.691205878817489516e-01
6.231863922124981636e-01
-4.656663325072167570e-02
1.041894867209844366e-01
6.503510636667448885e-01
3.985418250394612283e-01
3.674312122274928094e-01
3.272746526509822673e-01
8.758667823818581111e-01
7.460673050645749704e-01
5.381140352540688676e-01
3.399253264008177400e-01
2.728505976005167755e-01
4.824141129233742165e-01
4.333254679335709070e-01
5.749359678330077106e-01
8.244374764688331414e-01
-2.299395691903154213e-03
-2.487587093269026054e-03
1.783001010321883795e-01
7.307978539384506478e-01
5.000433522946318154e-01
-2.578594959284292651e-03
8.320815896117441657e-01
6.392210855249492729e-01
4.948190859740662639e-01
1.026324139577080352e+00
7.626153378863090304e-02
1.211512098729752435e-01
6.702835660871367951e-01
1.414526931655671060e-01
6.665271682300153433e-01
1.517390688158040402e-01
-6.844690454579657746e-02
1.906548105110676405e-01
4.667400652669154715e-01
1.620394069318942809e-01
3.248816364396329703e-01
9.961875802087369891e-01
5.153946353228711086e-01
3.041865280674940775e-01
-8.753362156135216510e-03
4.768682709029380407e-01
1.867553429825129230e-01
4.228424285095341295e-01
1.639262065802795376e-01
9.055989962605808241e-01
8.149564844371413042e-01
1.133506510871974265e-01
-7.535954452086363053e-02
2.310633250108534431e-01
5.788540173149255841e-01
1.702144988785204427e-01
1.029588468714548899e+00
7.809270522155026262e-01
7.444216871005372438e-01
5.202937742584441416e-01
7.637107296981723303e-01
1.915905973338125345e-01
1.936918823549209079e-01
2.920982104107300859e-01
1.074625898793678758e+00
6.538441990963614892e-01
8.093057760004070955e-01
1.001227599170653321e-01
8.651085703945827765e-01
6.085664770128296208e-01
4.421295017338866540e-01
1.054828305726549287e+00
2.851350139018352658e-01
4.370850820764912714e-01
5.522759719535389467e-01
3.040454828710262292e-01
4.902333977576283086e-01
1.361609161346491181e-01
1.266121877884081315e-01
7.497147072185907923e-01
6.114481157870931272e-01
2.717790602241354492e-01
4.580630936399083808e-01
3.361848290064094469e-01
4.941119033384480108e-01
9.190456304117905484e-01
1.036318704383525358e+00
3.500747568344662053e-01
2.888125947377180314e-01
4.873510341005855007e-01
6.046735972938421799e-01
3.992247151579003117e-01
7.375425792687502202e-01
3.759629223573310308e-01
-1.539490051824651991e-02
3.759607841748977552e-01
4.783699253569292931e-01
-6.683760336624005975e-03
5.582014948487748485e-02
7.981259753811207336e-01
6.811504183213830110e-01
3.818904415614884917e-01
5.294200338888778168e-01
6.791850922668517532e-01
2.065025900333045950e-01
8.402191571021542238e-01
7.219955243352164098e-01
6.065205219788817326e-01
6.854520732642120917e-01
-1.611838646706452993e-01
1.103237992046678384e+00
5.260607240410074548e-01
7.292844596612582109e-01
3.942993428187828719e-01
-1.313123581862116543e-02
-4.310015449101409213e-02
5.627611477004907936e-01
6.228023866659287977e-01
9.885222828717675492e-02
4.739984858068465590e-01
7.502810785623599266e-01
2.373722630591133254e-01
3.990544882576655406e-01
-1.292001156060960387e-01
1.016975518897365482e+00
4.578754228935719151e-01
8.752904836362520591e-01
3.557176658090527854e-01
7.703647814413183692e-01
2.359410219590126478e-01
3.706516000026157664e-01
6.343506033655845755e-01
4.094584931694989494e-01
6.378382099017400053e-01
1.025947002585626544e+00
1.009345782355103971e+00
1.132888633678526880e+00
1.085421717220880211e-01
6.554621403848815975e-01
8.858822241394290753e-01
3.754790264046481973e-01
7.861955187972721748e-02
9.272306466359927501e-01
3.256427254710647090e-01
6.037364560643448952e-01
1.102921124919407747e+00
5.648302528012534296e-01
2.372789524052704435e-01
3.669280989412783134e-01
2.202487241758780689e-01
-7.842523034135620574e-02
6.565315003370603142e-01
6.272541677732462739e-01
3.637990880850432984e-01
3.392720489246153215e-01
8.005390262653294675e-01
1.967631810387119595e-01
7.053323863432784391e-01
5.217785958175593652e-01
7.770033232871206286e-01
1.179204340321856614e-01
6.629240536001643758e-01
4.293631787545929557e-01
5.908398508004765182e-01
8.579022674724814598e-03
5.095463345627325724e-01
5.266282856199601126e-01
1.448602137997070938e-01
1.561130972533443517e-01
1.862199253957081135e-01
2.187860489765784677e-01
4.292617950685383155e-02
8.368507165927993041e-01
3.104990861895153831e-01
7.577531576361125065e-01
1.068990469932846965e+00
1.761985790283391029e-01
7.047505089534756850e-01
9.076357352195615347e-01
5.546521805484964096e-01
4.434867165161856528e-01
4.489156006238015917e-01
-1.070277657268348948e-01
5.214368193809691965e-01
8.643280185563675388e-01
1.074107377501789529e+00
-4.487702240732088007e-04
7.310302559902747133e-01
2.524650761270033628e-01
8.094617846530535177e-01
8.138484993456820971e-02
7.988705940126310523e-01
1.061704065267840003e+00
2.662457541937907624e-01
2.220305790591267647e-01
8.547167975957316033e-01
1.668043404657391648e-01
5.167899940276395876e-01
7.855379408021864185e-01
5.931120219857652920e-01
5.093407182509201991e-01
5.609794015690304780e-01
6.396243556549077725e-02
8.801103004339401181e-01
3.511015577745879024e-01
-1.113601205259495686e-02
1.591370637282397693e-01
9.817900576831046777e-01
-2.663453229017697169e-02
7.874051799283500186e-01
7.787073369967538738e-01
6.940270216100518086e-01
8.248872612426443318e-01
7.560993139224824189e-01
6.930766293677129708e-01
2.345356787759447226e-01
8.566301464335424054e-01
5.475701939847317234e-01
6.733290350194846008e-01
8.155812401188634597e-01
8.915580037719001982e-01
7.205961598040657723e-01
3.073761928264107657e-01
4.838126881206582519e-01
2.268953865561099126e-01
2.805386425707426801e-01
3.672631409430113791e-01
1.674918695645915001e-01
9.291397596462359909e-02
7.204163625976216512e-01
6.480111951403065840e-01
1.009758879696434075e+00
5.194862304809935161e-01
1.188270537938106164e-01
5.162016500090937932e-02
6.731041414885573226e-02
8.803408978286774156e-01
1.709115618654489799e-01
5.025020261195584093e-01
1.179334696952288208e+00
9.572674748867093797e-01
1.649517803846607678e-01
-5.228625626213351252e-02
2.872179143561305881e-01
2.894119667979221378e-01
1.060395488006616177e-01
4.987211820164939025e-01
1.108392739022146856e+00
6.782519836729389295e-01
8.965764213720570641e-01
2.756197071575893776e-01
8.354803066586322657e-01
6.835496174131515668e-01
8.577360531400016752e-01
8.975672510443705177e-01
2.373359030562812166e-01
7.722257999692845598e-02
1.287215110657596306e-01
4.735289346309906056e-01
9.152037206025100957e-01
4.152523273850998176e-01
5.912494275173278968e-01
4.391003004154202527e-01
4.098925708636681070e-02
3.233092861011421237e-01
6.209189914825754553e-01
6.774149247831963150e-01
4.961146260470595259e-01
2.588369721069461726e-01
8.146951706266752913e-01
3.887568632103101662e-01
1.080926487517046120e+00
1.258647429056845846e-01
1.422257475468661769e-01
5.530207816258791986e-01
5.610010167750838495e-01
5.376607049067987365e-01
4.459574381580944658e-01
9.456676198192002225e-01
4.366839326930947451e-01
5.160866658719553968e-01
2.789981680581656853e-01
1.134329502940674139e-01
6.606156524968819221e-01
-1.130239651404595785e-01
6.662491205728910959e-01
9.070144178137766466e-02
1.023833488070663655e+00
7.060346401743562428e-01
7.736382464982690665e-01
4.663504521942955505e-01
-3.426048632914952680e-02
8.061239743888095610e-01
6.573652656937715166e-01
8.018827897188951503e-01
4.060108766404660896e-01
6.443738699404482073e-01
9.171855985178579695e-01
9.254007990694868013e-01
3.359218124147084206e-01
4.341735699100540691e-01
7.597619460645439471e-01
8.738493914810487873e-01
5.374059991052323459e-01
5.175056745625155052e-01
7.087271437155542309e-01
5.935516391452126950e-01
7.909519260189487033e-01
5.179881328207068814e-01
2.949752102009132182e-01
5.826564091620228814e-01
2.465266694946463555e-02
1.478283434524343687e-01
4.988083541267365195e-01
8.749137608003738631e-01
1.104971095642901080e+00
3.060984829706961396e-01
-5.695926383186654396e-02
8.613296049698289103e-01
1.112023283174713023e-01
2.019749715732358508e-01
2.207227145003468616e-01
3.423227180437964923e-01
7.307521168804156364e-01
9.509601030048484560e-01
7.650383436688729111e-01
2.806743032628845613e-01
3.152308002140973286e-01
3.929818145097968562e-01
1.050294128079672963e-02
1.170725857539724329e-01
4.135438898648841621e-01
2.266466370406707842e-01
3.938812128064683726e-01
5.389990090244389798e-01
1.611080730001333006e-01
4.993510440074999668e-01
8.560586101753443478e-01
8.865055922749022210e-01
8.165981696685449265e-01
4.050173462268238933e-01
8.973706408199580986e-01
2.895295658114331316e-01
4.768456425481027439e-01
2.436632610481100636e-01
3.558025634082677691e-01
4.686354036947759649e-01
1.149250130503018802e-01
7.070883413552662144e-01
2.949403920120823308e-01
3.044346538425222182e-01
6.732077582364931478e-02
4.351654159437741698e-01
2.190666102747638455e-01
2.735165417805496824e-01
5.424591286969836501e-01
7.570592369338680072e-01
1.130821377645777615e+00
2.444462318826057523e-01
5.697369171467098203e-01
9.164487500592572999e-01
9.979935239388295631e-01
4.795466305655591288e-01
8.648470625721140781e-01
7.798575447408839789e-01
7.088135331256066873e-01
3.557218056776190185e-01
1.482795752256717836e-01
2.228577457231242787e-01
4.490963397792288592e-01
5.689174038563010738e-01
3.445397104507316732e-01
7.034315034803569899e-01
4.846687463619163694e-01
7.880330812440312638e-01
7.452431459617678278e-02
6.780099428630260994e-02
9.240752251667417871e-01
1.023177016219804392e+00
9.610764674131844210e-01
8.898671029086550055e-01
9.423222274146254573e-01
3.105327829006828896e-02
4.201754730266227811e-01
2.957909000793710330e-01
7.366284064482997440e-01
9.849545360839153663e-01
4.616025865118713600e-01
5.814216764862454312e-01
2.532484424757438513e-01
3.881920744443437821e-01
2.805291387086451538e-01
-6.924211328951984656e-02
9.198646812563064934e-01
2.757686875541644489e-01
8.233375699587326402e-01
7.855173559608529255e-01
2.551665568306861823e-02
-2.879390442254903607e-02
7.152258426022859439e-01
2.451135618754334833e-01
1.138802805007375740e+00
5.389692418226499360e-02
6.447083970120587315e-01
6.693965719717517304e-01
7.773796160898863716e-01
4.094870031679373468e-01
6.847250559942322790e-01
5.163618658553070784e-01
7.033543461100945082e-01
2.696243508056419547e-01
5.606915539857697528e-01
8.663015301567068560e-01
7.452689382516622940e-01
3.885913177342316116e-01
8.044991287838635374e-01
2.497646630861510009e-01
-1.428943747641807545e-02
6.607252978240077956e-01
8.338909985575793105e-01
1.705939661274600838e-01
1.415029897223328281e-01
3.672225343943504305e-01
8.273674234004823047e-01
-3.668455051970456737e-02
4.712061780303805625e-01
7.778832084666866820e-01
4.937859601052502767e-01
1.820000140876010253e-01
6.062699918033551683e-01
4.759507066086713367e-01
3.234736385881599174e-01
1.013265266854157742e+00
5.486063126327697104e-01
5.211825627102897318e-01
1.279931917959072907e+00
5.372999550791123236e-01
3.979884054079075306e-01
8.187787045805362540e-01
3.069286658822340530e-01
9.221058327178426328e-01
7.697960592915967792e-01
9.410244806930632977e-02
3.546470874483477198e-01
2.530755066938521480e-01
6.577540203497002358e-02
4.253163716727542676e-01
2.000944073842214066e-01
8.236644392791929725e-01
8.980594275497078005e-01
7.937506210857653288e-01
2.085375751969432701e-01
3.582260862348965458e-01
1.672647676732155475e-01
1.726787590026033353e-02
1.035523049081076064e+00
7.430560959138583499e-01
1.757396232453848628e-01
9.005357414480347211e-01
3.589250282534746095e-01
-2.314220651779458002e-02
2.955526952978015376e-01
4.557669624776511386e-01
5.818011214850541402e-01
-2.359543534499204676e-02
9.213399107172642877e-01
8.102384471865272664e-01
1.103382105161238469e+00
3.598238751734157415e-01
1.953525294572146243e-02
1.008179161393198298e+00
3.097048622732792578e-01
5.461388060168546055e-01
7.101950387428440647e-01
5.017653872852922969e-02
8.858492814693786910e-01
8.973848445053890233e-01
7.989722161853405336e-01
4.716408656521506870e-01
9.120460725541130742e-01
5.777342823272999528e-01
5.803664802958974356e-01
7.908129924291935620e-01
7.588745360553003083e-01
1.846919116834144781e-01
9.028155588313925561e-02
3.766704598468258447e-01
6.246324353570219534e-01
5.139750400539676578e-01
5.973424969668355011e-01
3.630053175763572337e-01
8.216412240743924400e-01
9.821264818133754737e-01
3.462987289471136099e-01
7.187960273126053901e-01
3.108158898819344818e-01
5.716704981474041158e-01
3.013927383017155348e-01
7.343164276220437436e-01
9.286576139580547951e-01
7.841616117693354093e-01
7.893759351010846137e-01
8.820905083912385924e-01
1.829013135277003932e-01
6.407264764654178046e-01
3.640304718583035060e-01
8.104938690702359061e-01
-8.273373723298160787e-02
3.419046473643787554e-01
1.047341787605187591e+00
1.854376666870571622e-01
8.034911674518704361e-01
2.102540101637275227e-01
9.312364564088022600e-01
9.411561941168622436e-01
5.056859227196847106e-01
4.557723762807514012e-01
2.172395297178873474e-01
5.714278474114732331e-01
7.556167054661753202e-01
7.368161997858717616e-01
7.747424896320065368e-02
3.471551126875916937e-01
8.544105409612280377e-01
5.601528232307867450e-01
5.214040553634047281e-01
1.138917470772238399e-01
2.618109413018770981e-01
8.390237454896549707e-01
-3.226342446555182514e-02
2.470683161521117777e-01
8.336341121312214053e-01
-2.281639838376302645e-02
7.362742324558386731e-01
4.055571642350533357e-01
6.743679392977355302e-01
6.212571982473413801e-01
8.105993726957740897e-01
1.716602080702656907e-01
4.432820379116320098e-01
8.318608656815996705e-01
9.754418810465553813e-02
3.426199587172821803e-01
-5.813189776521454633e-03
1.109866920362901910e+00
7.963747122973390269e-01
7.608948194533188270e-01
7.168296463492713766e-01
5.324688218390039030e-01
4.846837389290491460e-01
3.999645536808424384e-01
6.607418047946707063e-01
3.043355559457812110e-01
8.746941284703294572e-01
7.918238802629758988e-01
1.324309998091133533e-01
7.199082600368308382e-01
2.315848293528615653e-01
8.245271403598648519e-01
6.526439789466086383e-01
1.168480058964635360e+00
3.211516254252650415e-01
3.664961992609627184e-01
2.955142180296172483e-01
-4.683186735571352038e-02
1.653553422812891471e-01
3.864868262517728859e-02
1.031618942430086117e+00
1.717817960899700458e-01
-1.774922324003715690e-01
7.476914907953099432e-01
7.089052232200616643e-01
5.415512043569983280e-01
4.225263522905782221e-01
1.054907642028580117e+00
4.987923793204653289e-01
4.509776654581180155e-01
7.804810402272615022e-01
6.294263475392147811e-01
4.249487823292742994e-01
5.474005486561299705e-01
4.896477625848419946e-01
8.033791904260273453e-01
5.624816952467058817e-01
1.046653292225327297e-01
2.630441077283112716e-01
8.879873003151026456e-01
3.497532420093536487e-01
7.336339248100373078e-01
6.660905231352004519e-01
-9.215601994851732592e-02
9.638489502281549770e-01
2.862760952164018491e-01
1.361166944921636535e-01
6.677957706517991809e-01
7.346534311904306946e-01
3.588475596823462732e-01
3.885542982057170192e-01
4.127555887149657599e-01
5.885713899342805977e-01
4.417640674072075835e-01
5.150538363955792232e-01
4.626209730438197720e-01
2.597577874960659283e-01
9.074027505712294328e-01
4.651784914598507958e-01
6.849389130273820792e-01
-8.111954262920720998e-03
3.586429074961019481e-01
3.677449219506025990e-01
-2.233534559768848571e-01
4.052554756774764955e-01
3.984129901168159682e-01
7.782395070856592545e-01
2.634758824496598595e-01
1.020258932089053161e+00
5.149419099152872104e-01
7.528036528940604821e-01
3.909643802094058818e-01
5.165302787735585044e-01
6.418028812728999721e-01
8.410170565333301429e-01
4.343017181164364193e-01
4.206919701325210204e-01
5.124272234587097241e-01
6.171484841298121582e-01
3.725396066189867739e-02
4.717053223464436340e-01
5.466661793607887621e-01
8.000923213823087909e-01
5.801235420366895879e-01
6.245967817663760080e-01
1.046354273327056550e+00
2.161214534482866212e-01
3.849371259509952459e-02
2.099391001174493732e-01
1.577587790683434021e-01
1.538513093365198314e-01
2.171581274431881314e-01
6.900413546406328757e-01
6.058226867847452679e-01
1.025987756581122068e-01
6.776837343315679218e-01
2.844914504247976761e-01
8.323039231761326651e-01
2.235703650382753482e-01
6.771114217489894171e-01
3.029688086982009199e-01
5.939723848137780093e-01
4.311128899298669603e-01
8.859728297370027539e-01
2.234273841434408214e-01
9.173025768126749080e-01
4.297606568808812755e-01
7.430621531576386829e-01
6.974925758271928178e-01
9.280801163901641893e-01
2.722308538369552222e-01
1.273652683791843543e-01
1.776819015668096302e-01
1.289723734415536560e-01
2.657917492568482865e-01
1.013336983935945401e+00
8.545252765224781166e-01
7.724141090107595753e-01
4.318370168953629129e-01
8.054022598900891783e-01
9.027878650358285295e-01
3.091023159595668868e-01
3.996613375455649875e-01
8.680755679840514993e-01
1.408778329206289981e-01
5.629885373783279912e-01
9.687348001996628488e-01
1.039311061641782885e+00
8.746835000276258487e-01
7.116309144073692527e-01
3.149025871141531430e-01
3.246923681309751286e-01
6.984692435116948150e-01
4.386511996552115988e-01
6.556212612861392897e-01
5.984219335916277638e-01
4.330684096336946953e-01
7.583583358267040886e-01
1.943324846533658889e-01
2.977105251808612740e-01
2.046663536999307198e-01
3.756238325574663972e-01
9.081348708929172231e-01
4.847156759770059886e-01
2.773750757741091921e-01
7.524742241737958359e-01
3.917046331106115442e-01
2.062683943725661384e-02
2.650233174180671725e-01
1.369745659070507326e-01
5.963044441983412769e-01
3.223513804148041006e-01
8.334283273812086168e-02
4.357079858545102879e-02
5.661173600860398558e-01
8.335745528862095743e-02
5.846343616260749609e-01
1.798951999121638223e-01
7.714520382973034662e-01
9.003506222086472555e-01
3.439405255186750443e-01
1.577287990997106593e-01
1.048947106650978345e+00
6.914466971295404329e-01
-9.768672863959480812e-02
2.176693013373742214e-01
9.119993613792282128e-01
3.874389486424261175e-01
6.347033492473574956e-02
-1.483630157715092046e-01
6.942068994878844990e-01
5.881344657111778895e-01
6.405140174207993864e-01
1.101574906781598084e+00
4.514812950092271793e-01
4.906905135512765193e-01
2.902414328719383207e-01
4.255781954085304242e-01
3.328342566494307264e-01
-1.213800650568764850e-01
