7.123339653015136719e+00
1.570651340484619141e+01
1.689505004882812500e+01
9.059885025024414062e+00
1.578535079956054688e+01
1.818908500671386719e+01
1.544516468048095703e+01
8.827098846435546875e+00
1.812709236145019531e+01
1.520808982849121094e+01
2.201008558273315430e+00
8.348117768764495850e-02
9.510983467102050781e+00
6.377570629119873047e-01
9.338732719421386719e+00
3.643149137496948242e-01
-4.249368011951446533e-01
-3.338540792465209961e+00
7.731415033340454102e-01
4.908838272094726562e+00
-6.613054752349853516e+00
2.405550777912139893e-01
-5.514837265014648438e+00
-5.253987908363342285e-01
8.084451556205749512e-01
-3.080142974853515625e+00
2.438941955566406250e+00
1.299032211303710938e+00
-1.344991445541381836e+00
3.922457456588745117e+00
3.473389863967895508e+00
-1.750818252563476562e+00
-8.544066548347473145e-02
-3.200876414775848389e-01
1.762108325958251953e+00
-1.028171181678771973e+00
-4.865827560424804688e+00
-5.758058071136474609e+00
-4.271691322326660156e+00
1.027986049652099609e+00
-7.220106601715087891e+00
6.677320480346679688e+00
9.895700812339782715e-01
3.284097194671630859e+00
1.053665757179260254e+00
-3.211251199245452881e-01
1.447052955627441406e+00
-5.968718051910400391e+00
3.751986920833587646e-01
2.124109506607055664e+00
7.138277292251586914e-01
4.910254776477813721e-01
-1.084274768829345703e+00
1.508919894695281982e-01
-1.276140689849853516e+00
-1.640226840972900391e+00
9.860727310180664062e+00
-4.489192664623260498e-01
-1.391759067773818970e-01
7.319476604461669922e+00
-4.922257363796234131e-01
5.972020626068115234e+00
1.469230055809020996e+00
-2.423638820648193359e+00
2.094747543334960938e+00
3.017506361007690430e+00
6.912666797637939453e+00
2.275573555380105972e-03
1.449945211410522461e+00
1.477225422859191895e+00
1.176014423370361328e+00
-3.462600946426391602e+00
-1.585072398185729980e+00
9.460968375205993652e-01
4.438315868377685547e+00
4.755873382091522217e-01
4.590796470642089844e+00
-8.779575824737548828e-01
4.157996177673339844e+00
8.266222476959228516e-01
-2.693504333496093750e+00
2.201588630676269531e+00
2.524680137634277344e+00
1.181705117225646973e+00
-5.403007939457893372e-02
5.010760307312011719e+00
-1.019529342651367188e+00
-2.625097632408142090e-01
6.237407326698303223e-01
-9.196878671646118164e-01
1.782518029212951660e+00
-1.892241716384887695e+00
1.851986169815063477e+00
-2.698994159698486328e+00
-4.408861994743347168e-01
4.571024417877197266e+00
2.694531917572021484e+00
1.727520227432250977e-01
5.556836128234863281e+00
-4.707114696502685547e+00
-5.021044611930847168e-01
2.365125894546508789e+00
4.932212829589843750e+00
1.059032138437032700e-02
-8.836203813552856445e-01
-1.737308025360107422e+00
-1.049853682518005371e+00
-1.647666692733764648e-01
6.026230007410049438e-02
1.522547125816345215e+00
6.538291275501251221e-02
3.303362607955932617e+00
5.790886878967285156e-01
-1.183506608009338379e+00
-2.830223798751831055e+00
7.392014265060424805e-01
1.192665815353393555e+00
-1.642350554466247559e+00
1.892468094825744629e+00
-3.387129306793212891e-01
2.141591310501098633e+00
2.306712627410888672e+00
1.109729957580566406e+01
-9.801536202430725098e-01
1.008170223236083984e+01
-6.717405915260314941e-01
3.135339021682739258e-01
-5.341301918029785156e+00
-7.930778264999389648e-01
5.807492256164550781e+00
-3.056791782379150391e+00
4.858524203300476074e-01
-9.720876693725585938e+00
-3.048819303512573242e+00
1.322404891252517700e-01
-7.123459339141845703e+00
3.510593891143798828e+00
1.800386786460876465e+00
3.872422873973846436e-01
5.472960948944091797e+00
4.782844066619873047e+00
-3.370277166366577148e+00
2.301265954971313477e+00
-2.322430372238159180e+00
9.342336654663085938e-01
-2.202119350433349609e+00
-3.692563056945800781e+00
-6.650766372680664062e+00
-5.078482627868652344e+00
-1.099888682365417480e+00
-5.868004798889160156e+00
7.277644157409667969e+00
1.091045260429382324e+00
9.806035757064819336e-01
2.838452100753784180e+00
2.595937728881835938e+00
1.428347945213317871e+00
-6.391602039337158203e+00
2.519187211990356445e+00
4.296499252319335938e+00
1.623508930206298828e+00
9.487952589988708496e-01
2.484296858310699463e-01
1.098010409623384476e-02
7.360320687294006348e-01
-3.807881832122802734e+00
1.150823593139648438e+01
1.687137722969055176e+00
1.807398319244384766e+00
8.843653678894042969e+00
-8.202645778656005859e-01
8.481243133544921875e+00
6.018525958061218262e-01
-2.281365633010864258e+00
4.041879653930664062e+00
1.050793457031250000e+01
1.381748199462890625e+01
2.771246194839477539e+00
1.741557955741882324e+00
-1.350303173065185547e+00
1.297241449356079102e+00
-1.141020584106445312e+01
-1.004646873474121094e+01
2.062917947769165039e+00
1.098215579986572266e+01
-8.705493927001953125e+00
8.859612464904785156e+00
-5.247810482978820801e-01
5.061658382415771484e+00
-1.608152031898498535e+00
-4.641191005706787109e+00
-2.633613161742687225e-02
-1.553055167198181152e+00
-1.017665672302246094e+01
4.777723312377929688e+00
9.169283866882324219e+00
-1.531358242034912109e+00
1.725758612155914307e-02
6.686539649963378906e+00
-6.598180294036865234e+00
-7.238924980163574219e+00
-1.310647392272949219e+01
5.759503841400146484e+00
-6.060279846191406250e+00
6.805555820465087891e-01
6.788727760314941406e+00
9.714424133300781250e+00
3.176861763000488281e+00
1.202191638946533203e+01
-1.066428852081298828e+01
4.391448974609375000e+00
3.021366119384765625e+00
1.021860885620117188e+01
4.893561840057373047e+00
-1.462103724479675293e+00
1.082074567675590515e-01
4.657074928283691406e+00
-5.678881645202636719e+00
3.394929468631744385e-01
-1.421889185905456543e+00
-6.230018287897109985e-02
9.574575424194335938e+00
7.006727695465087891e+00
-2.470697462558746338e-01
-6.218160629272460938e+00
3.147581577301025391e+00
2.316549777984619141e+00
-1.249700665473937988e+00
-6.348388195037841797e+00
-9.314270973205566406e+00
-6.333467960357666016e-01
5.582261085510253906e-01
