2.138437032699584961e+00
2.101034522056579590e-01
-2.794022858142852783e-01
4.857598781585693359e+00
4.057383060455322266e+00
1.288558840751647949e+00
1.860042214393615723e+00
3.574769973754882812e+00
1.208078116178512573e-01
-3.115243315696716309e-01
-2.713459134101867676e-01
1.009901642799377441e+00
3.925809264183044434e-02
4.584966599941253662e-02
-7.542496919631958008e-02
3.655676245689392090e-01
5.941182971000671387e-01
3.968440294265747070e-01
4.993621259927749634e-02
1.634238123893737793e+00
1.726998388767242432e-01
-1.120063304901123047e+00
-3.011731803417205811e-01
-2.502245455980300903e-02
-3.278478682041168213e-01
-3.830487430095672607e-01
7.015834748744964600e-02
-1.581864804029464722e-01
9.003331065177917480e-01
-5.520229339599609375e-01
-5.284640192985534668e-01
6.900164604187011719e+00
8.661305427551269531e+00
1.328278541564941406e+01
1.534921360015869141e+01
1.339314556121826172e+01
1.731450653076171875e+01
1.912216949462890625e+01
2.265349197387695312e+01
2.252397918701171875e+01
2.531975173950195312e+01
-3.440776467323303223e-02
-1.048767685890197754e+00
-2.061226367950439453e-01
5.405212044715881348e-01
-2.335008233785629272e-01
-2.391616344451904297e+00
-7.404602169990539551e-01
1.726940460503101349e-02
-5.279273390769958496e-01
8.268252015113830566e-02
1.565034389495849609e+00
-2.450352609157562256e-01
-2.525784373283386230e-01
-8.943071365356445312e-01
1.159876108169555664e+00
-1.018753290176391602e+00
-2.370547354221343994e-01
1.634893566370010376e-01
9.991229176521301270e-01
-1.628167480230331421e-01
4.154219329357147217e-01
-1.092140913009643555e+00
-6.745570302009582520e-01
-4.927703142166137695e-01
5.987346172332763672e-01
-1.707311987876892090e+00
-7.477450370788574219e-01
-5.149591565132141113e-01
-3.275381624698638916e-01
1.052854731678962708e-01
-5.367209911346435547e-01
1.264702081680297852e+00
-3.290746212005615234e-01
9.639847874641418457e-01
1.949263453483581543e+00
3.270737528800964355e-01
-3.504472672939300537e-01
2.717369643505662680e-04
1.494350671768188477e+00
1.165343046188354492e+00
1.026956796646118164e+00
-3.914073407649993896e-01
-1.054957270622253418e+00
-2.562097311019897461e-01
-1.619129329919815063e-01
-1.572530865669250488e-01
-8.745353221893310547e-01
-1.095288753509521484e+00
-1.149697065353393555e+00
2.410024166107177734e+00
-2.977618873119354248e-01
-3.712434768676757812e-01
8.453128337860107422e-01
1.457928776741027832e+00
2.451508760452270508e+00
1.842755265533924103e-02
1.379776746034622192e-01
3.999958038330078125e-01
-2.307226806879043579e-01
2.830969169735908508e-02
5.545548796653747559e-01
-1.093985885381698608e-01
6.798229813575744629e-01
-1.834787279367446899e-01
-1.691080927848815918e-01
-5.140917897224426270e-01
9.915599972009658813e-02
-1.113256067037582397e-01
4.261212944984436035e-01
-5.855465531349182129e-01
1.130439996719360352e+00
4.977681934833526611e-01
4.223170876502990723e-01
-9.336925148963928223e-01
4.641887843608856201e-01
1.030998975038528442e-01
8.265455365180969238e-01
-4.971179366111755371e-01
6.950151920318603516e-02
-3.508827388286590576e-01
-1.996012218296527863e-02
-2.008184492588043213e-01
7.481557130813598633e-01
-9.364761412143707275e-02
2.636231184005737305e-01
5.339525938034057617e-01
-5.701484084129333496e-01
-1.847661882638931274e-01
3.483093082904815674e-01
-1.143566370010375977e+00
2.196513414382934570e-01
2.009108513593673706e-01
-1.056587100028991699e+00
-8.799917697906494141e-01
-1.841689646244049072e-01
-1.816047281026840210e-01
9.152661263942718506e-02
5.481292605400085449e-01
3.007579147815704346e-01
7.890322208404541016e-01
3.551126122474670410e-01
-3.503488600254058838e-01
2.223350405693054199e-01
1.205084323883056641e+00
-3.636868298053741455e-01
3.385678231716156006e-01
-8.851374983787536621e-01
2.119977027177810669e-01
-7.703132182359695435e-02
-5.638456344604492188e-02
1.314207315444946289e-01
-9.282784461975097656e-01
-6.564453840255737305e-01
8.794966936111450195e-01
-7.803770154714584351e-02
-7.043097615242004395e-01
5.336212739348411560e-02
-1.727655291557312012e+00
-5.163949131965637207e-01
3.219220414757728577e-02
7.374516129493713379e-01
5.784679055213928223e-01
-1.313143074512481689e-01
-2.026279926300048828e+00
1.955943107604980469e+00
-4.607075750827789307e-01
-1.579454541206359863e+00
-1.226950734853744507e-01
-4.749989509582519531e-01
1.521936058998107910e-01
-5.495268106460571289e-01
-1.222110152244567871e+00
7.767375707626342773e-01
4.782583415508270264e-01
6.269479990005493164e-01
-2.674595713615417480e-01
1.692254394292831421e-01
-3.066586852073669434e-01
7.224416136741638184e-01
-1.132491603493690491e-02
-4.056001305580139160e-01
4.756100848317146301e-02
-2.339792698621749878e-01
3.920431435108184814e-01
2.545713901519775391e+00
-7.729121446609497070e-01
-4.300806224346160889e-01
-1.992127895355224609e+00
1.734831929206848145e+00
2.677632570266723633e-01
-6.626825332641601562e-01
6.096833944320678711e-01
-9.410538077354431152e-01
-1.141435384750366211e+00
-1.789111495018005371e-01
2.123569846153259277e-01
-3.878577947616577148e-01
4.748570024967193604e-01
-7.142737507820129395e-01
-4.589060544967651367e-01
1.021655797958374023e+00
-4.721436649560928345e-02
3.480883538722991943e-01
2.184930086135864258e+00
2.280296325683593750e+00
-1.489327430725097656e+00
-1.045344769954681396e-01
4.940992891788482666e-01
-8.859130144119262695e-01
-6.038069128990173340e-01
3.870683610439300537e-01
-3.237269818782806396e-01
1.661447882652282715e-01
-6.816671490669250488e-01
-3.865964412689208984e-01
-1.357143968343734741e-01
-1.037240624427795410e-01
-3.204038143157958984e-01
1.310075998306274414e+00
-1.042787194252014160e+00
5.129791498184204102e-01
5.563243031501770020e-01
-2.602358162403106689e-01
-3.037289083003997803e-01
-1.365073323249816895e-01
1.185629516839981079e-01
3.384833633899688721e-01
-2.827570438385009766e-01
-1.557967662811279297e-01
2.543894648551940918e-01
3.118965327739715576e-01
-3.290068805217742920e-01
1.207949668169021606e-01
-2.869340181350708008e-01
-5.435864329338073730e-01
4.912270605564117432e-01
5.609611272811889648e-01
-2.933938503265380859e-01
-5.261302366852760315e-02
-1.307391524314880371e+00
1.241295933723449707e+00
-1.965735107660293579e-01
-1.416266560554504395e+00
-8.664933443069458008e-01
-8.348726630210876465e-01
1.761526465415954590e-01
-2.818127572536468506e-01
-4.823700487613677979e-01
-3.609071075916290283e-01
-2.097197324037551880e-01
-9.576794691383838654e-03
3.042852580547332764e-01
2.894908189773559570e-01
5.286768078804016113e-01
2.689692378044128418e-01
-2.219962328672409058e-01
-3.736293017864227295e-01
-6.492198109626770020e-01
-1.496237367391586304e-01
3.719136118888854980e-01
1.100915789604187012e+00
-1.979874253273010254e+00
6.945791840553283691e-01
-9.920309297740459442e-03
8.847218006849288940e-02
