2.173513650894165039e+00
7.771495580673217773e-01
5.497822165489196777e-01
5.016251087188720703e+00
3.999899625778198242e+00
4.859486818313598633e-01
3.490343809127807617e+00
2.076311349868774414e+00
1.657874882221221924e-01
3.198088407516479492e-01
-6.134195998311042786e-02
3.083337247371673584e-01
-1.489502072334289551e+00
3.863561153411865234e-01
2.182498127222061157e-01
1.146275281906127930e+00
3.009610176086425781e-01
-1.073450565338134766e+00
1.236434221267700195e+00
-2.896029949188232422e-01
-1.037183851003646851e-01
8.951098918914794922e-01
5.526185631752014160e-01
-3.820543885231018066e-01
-1.056846752762794495e-01
-5.532807111740112305e-01
5.951032638549804688e-01
-7.786987423896789551e-01
6.578515470027923584e-02
3.538959473371505737e-02
-2.127397656440734863e-01
9.414284706115722656e+00
9.513010025024414062e+00
1.326853752136230469e+01
1.533795738220214844e+01
1.461023712158203125e+01
1.918634605407714844e+01
1.748084259033203125e+01
2.088457870483398438e+01
2.909664535522460938e+01
1.990428161621093750e+01
1.157559275627136230e+00
-8.347793817520141602e-01
-8.435062766075134277e-01
6.605656147003173828e-01
1.042184472084045410e+00
1.043234586715698242e+00
1.519254207611083984e+00
-1.439898252487182617e+00
1.494022607803344727e+00
-3.161307573318481445e+00
-2.306836366653442383e+00
8.963506817817687988e-01
-1.248690962791442871e+00
9.434306025505065918e-01
2.353253513574600220e-01
-9.763533622026443481e-02
-2.482248067855834961e+00
-1.925284564495086670e-01
-1.020387291908264160e+00
-1.449634432792663574e-01
7.785736918449401855e-01
-4.256430149078369141e+00
-4.592197239398956299e-01
-3.415033817291259766e-01
-1.607725858688354492e+00
2.465505599975585938e+00
-2.602219104766845703e+00
-3.363189399242401123e-01
-3.936090707778930664e+00
1.212419986724853516e+00
-1.894599676132202148e+00
-2.119362592697143555e+00
3.566474914550781250e+00
-2.775971412658691406e+00
2.407340431213378906e+01
-3.448984622955322266e+00
8.712101936340332031e+00
9.998164176940917969e+00
-1.126351070404052734e+01
1.529213714599609375e+01
5.276062488555908203e-01
-1.715351939201354980e+00
-1.659191131591796875e+00
5.262289047241210938e+00
-1.317369103431701660e+00
1.946704864501953125e+00
1.520390272140502930e+00
-8.908176422119140625e+00
4.792039394378662109e+00
2.362985849380493164e+00
-3.178233146667480469e+00
5.022850513458251953e+00
1.824754714965820312e+01
-5.962192535400390625e+00
7.105034351348876953e+00
-1.156718611717224121e+00
7.694287300109863281e-01
-1.378489732742309570e-01
-3.249071240425109863e-01
-3.712577521800994873e-01
-4.501088261604309082e-01
1.025386214256286621e+00
3.808786869049072266e-01
-2.384708225727081299e-01
6.299003958702087402e-01
1.341768503189086914e+00
-1.798478066921234131e-01
5.427358746528625488e-01
-5.802009105682373047e-01
-2.986628413200378418e-01
8.283833265304565430e-01
9.956834316253662109e-01
-2.373499393463134766e+00
1.826667308807373047e+00
4.078481197357177734e-01
-1.360442489385604858e-01
1.241295337677001953e+00
-3.156356513500213623e-02
7.186186909675598145e-01
1.260608583688735962e-01
9.437609910964965820e-01
1.149990200996398926e+00
5.821934938430786133e-01
1.300310254096984863e+00
-1.301027983427047729e-01
3.987203240394592285e-01
5.849815011024475098e-01
2.737634479999542236e-01
1.388436198234558105e+00
-9.269796371459960938e+00
7.511676549911499023e-01
-5.268843650817871094e+00
-2.166102647781372070e+00
4.411242485046386719e+00
-5.936264038085937500e+00
6.863893866539001465e-01
1.230319589376449585e-01
5.374976992607116699e-01
3.313999176025390625e-01
7.271304726600646973e-01
4.369345307350158691e-01
-1.691859602928161621e+00
-3.864022195339202881e-01
-2.258508443832397461e+00
1.158098101615905762e+00
1.858119487762451172e+00
-1.197171330451965332e+00
3.039177417755126953e+00
2.431396007537841797e+00
-1.549940109252929688e+00
6.633641719818115234e-01
3.580726981163024902e-01
1.087827049195766449e-02
6.229151487350463867e-01
-7.239429354667663574e-01
2.722649574279785156e-01
-4.427165985107421875e-01
7.709428668022155762e-01
-4.911955893039703369e-01
1.614169239997863770e+00
-3.274965882301330566e-01
-1.303384900093078613e-01
8.450508117675781250e-01
6.514542102813720703e-01
-1.029343008995056152e-01
-1.638764858245849609e+00
4.844079017639160156e-01
1.962522745132446289e+00
-1.228967189788818359e+00
-2.981109311804175377e-03
-4.851261973381042480e-01
1.004478335380554199e+00
2.321239709854125977e-01
-2.289090752601623535e-01
1.429787129163742065e-01
-5.550288558006286621e-01
9.013573080301284790e-02
-2.848052605986595154e-02
8.747790455818176270e-01
-3.895054757595062256e-01
5.736325383186340332e-01
5.131796598434448242e-01
-4.924656152725219727e-01
9.685224294662475586e-01
-4.251379013061523438e+00
4.564294219017028809e-01
1.242632627487182617e+00
1.176399469375610352e+00
-9.809396266937255859e-01
-3.613411903381347656e+00
-5.551280975341796875e-01
4.570491611957550049e-01
2.151209563016891479e-01
-6.313430070877075195e-01
-1.327912807464599609e-01
-1.234705328941345215e+00
-3.365022540092468262e-01
2.754930257797241211e+00
3.763757646083831787e-01
-4.013479650020599365e-01
3.567793369293212891e-01
2.844681739807128906e-01
-3.056325912475585938e+00
7.429887652397155762e-01
-2.240695714950561523e+00
3.414716124534606934e-01
2.918043434619903564e-01
1.309708803892135620e-01
7.027238607406616211e-01
4.468525201082229614e-02
6.051692366600036621e-01
7.517566084861755371e-01
5.495326127856969833e-03
6.253692507743835449e-01
6.291560530662536621e-01
8.727652579545974731e-02
7.244725823402404785e-01
2.093718945980072021e-01
4.452209174633026123e-01
2.666273713111877441e-01
1.075655221939086914e-01
7.874028086662292480e-01
6.734912991523742676e-01
7.949274778366088867e-01
4.503986537456512451e-01
2.761449813842773438e-01
6.895477175712585449e-01
3.579598963260650635e-01
6.869377493858337402e-01
1.352179050445556641e-01
3.495914936065673828e-01
8.429773449897766113e-01
2.618347108364105225e-01
2.039890289306640625e-01
3.866108655929565430e-01
3.960988819599151611e-01
1.278755366802215576e-01
4.620079696178436279e-01
2.531988024711608887e-01
9.911963343620300293e-01
4.414301514625549316e-01
2.576077580451965332e-01
5.079946294426918030e-02
8.092898130416870117e-01
4.459637105464935303e-01
2.336376607418060303e-01
2.302509248256683350e-01
7.191600799560546875e-01
5.654931664466857910e-01
4.282173216342926025e-01
1.265073120594024658e-01
9.572711586952209473e-02
3.665311336517333984e-01
1.023709326982498169e-01
7.212199270725250244e-03
7.931647896766662598e-01
1.690218448638916016e-01
7.824085950851440430e-01
3.160618543624877930e-01
4.733063280582427979e-01
1.114972472190856934e+00
8.077673316001892090e-01
-2.036884307861328125e+00
6.308661103248596191e-01
