1.017958998680114746e+00
1.764961332082748413e-02
1.322914481163024902e+00
5.227535963058471680e-01
1.497601032257080078e+00
1.758301444351673126e-02
1.889621093869209290e-02
1.896574907004833221e-02
1.925480552017688751e-02
3.736773505806922913e-02
9.446035325527191162e-02
-1.244774274528026581e-02
-1.684105955064296722e-02
1.032819375395774841e-01
-4.856749996542930603e-02
3.247052431106567383e-02
-1.805268228054046631e-02
-1.834553293883800507e-02
5.005910061299800873e-03
-7.858822494745254517e-02
-3.095928765833377838e-02
-5.277583003044128418e-02
5.325886420905590057e-03
-4.773212969303131104e-02
5.646035075187683105e-02
-1.181665714830160141e-02
6.731861084699630737e-02
-3.718844056129455566e-02
-4.028536844998598099e-03
1.793842390179634094e-02
1.947893388569355011e-02
2.826457977294921875e+00
4.859256744384765625e+00
1.153395462036132812e+01
1.587340354919433594e+01
1.790747642517089844e+01
1.987081718444824219e+01
1.923104748129844666e-03
-1.630066707730293274e-02
-1.035793200135231018e-01
1.002423930913209915e-03
-1.437665242701768875e-02
1.148631051182746887e-02
1.295915544033050537e-01
2.892857603728771210e-02
2.199045196175575256e-02
3.599960356950759888e-02
4.470959305763244629e-02
1.028413921594619751e-01
-4.476892948150634766e-02
7.279736548662185669e-02
1.093451119959354401e-02
-7.553684711456298828e-02
-6.319995224475860596e-02
7.262276113033294678e-02
5.559590458869934082e-02
4.459281638264656067e-02
-2.879503555595874786e-02
-5.515161901712417603e-04
-4.354871809482574463e-02
-1.160855516791343689e-01
-1.830332539975643158e-02
9.576583653688430786e-02
3.754193335771560669e-02
-1.903982460498809814e-02
4.079882800579071045e-02
-4.590267315506935120e-02
3.391156345605850220e-02
2.261332236230373383e-02
-3.779569268226623535e-02
-6.193059682846069336e-02
4.954582452774047852e-02
-2.764867246150970459e-02
-1.315932534635066986e-02
4.725870117545127869e-02
-2.923197858035564423e-02
2.014665398746728897e-03
-3.823435306549072266e-02
5.425175651907920837e-02
-6.407383084297180176e-02
-3.302019461989402771e-02
-1.016844436526298523e-01
7.551415264606475830e-02
-1.268393732607364655e-02
5.137267522513866425e-03
-1.021092087030410767e-01
-9.580256417393684387e-03
-3.689498081803321838e-02
7.763929665088653564e-02
-7.168333232402801514e-02
-7.605925202369689941e-04
3.450084477663040161e-02
-4.297102987766265869e-02
-1.342116203159093857e-02
-3.773787990212440491e-02
1.851661875844001770e-02
-2.278749831020832062e-03
4.938187822699546814e-02
-9.753681719303131104e-03
-1.449739187955856323e-02
4.584880918264389038e-02
2.817451953887939453e-03
3.726948425173759460e-02
-4.675225168466567993e-02
8.286400884389877319e-02
2.656921930611133575e-02
3.004162386059761047e-02
6.800452619791030884e-02
-9.278921410441398621e-03
-4.433920234441757202e-02
4.469856619834899902e-02
1.457816548645496368e-02
2.116948366165161133e-02
-3.770728036761283875e-02
-9.113061241805553436e-03
2.590680867433547974e-02
8.140591531991958618e-02
-5.074962973594665527e-02
9.230411052703857422e-02
3.236677125096321106e-02
4.032960534095764160e-02
1.320071145892143250e-02
-2.910993807017803192e-02
-1.412250660359859467e-02
-4.613102972507476807e-02
-7.589247077703475952e-02
-1.158203557133674622e-02
1.972411572933197021e-02
-1.971441879868507385e-02
2.018716931343078613e-02
-8.021391183137893677e-02
4.943331331014633179e-02
-8.702290244400501251e-03
1.649443758651614189e-03
2.990332245826721191e-02
-2.899175137281417847e-02
1.290692389011383057e-01
7.213471829891204834e-02
6.336976587772369385e-02
2.428842009976506233e-03
-3.704363480210304260e-02
1.988671720027923584e-02
-5.289151892066001892e-02
-7.902177982032299042e-03
-6.179867312312126160e-03
4.327362030744552612e-02
3.957721963524818420e-02
-1.095597632229328156e-02
8.806104212999343872e-02
-2.202486060559749603e-02
-4.505210369825363159e-02
-1.128502376377582550e-02
5.644550547003746033e-02
-1.721675693988800049e-02
-4.754529520869255066e-02
-7.800279557704925537e-02
-3.914921730756759644e-02
-6.625419482588768005e-04
1.510016620159149170e-02
1.005203798413276672e-01
-2.154107950627803802e-02
1.009419932961463928e-02
8.226536959409713745e-02
-9.560023248195648193e-02
1.290034055709838867e-01
-7.545916736125946045e-02
-7.538336515426635742e-02
6.582469493150711060e-02
1.710946671664714813e-03
7.808504998683929443e-02
1.441342663019895554e-02
-2.392486669123172760e-03
1.093792449682950974e-02
-5.629053711891174316e-02
1.108656171709299088e-02
-1.150164604187011719e-01
8.571807295083999634e-03
5.590992793440818787e-02
-7.652919739484786987e-02
6.004249677062034607e-02
6.608051806688308716e-02
-1.099793985486030579e-02
-2.657819166779518127e-02
4.511900246143341064e-02
1.271062996238470078e-02
-3.206945210695266724e-02
8.333186805248260498e-02
8.494879305362701416e-02
7.017146795988082886e-02
8.856379985809326172e-02
4.754916578531265259e-02
-8.873206377029418945e-02
1.463222056627273560e-01
-5.253373831510543823e-02
3.042146191000938416e-02
-7.499632239341735840e-02
5.126140266656875610e-02
4.207419604063034058e-02
3.202115371823310852e-02
-1.237652152776718140e-01
2.064241096377372742e-02
3.265675529837608337e-02
-1.224661171436309814e-01
8.050506561994552612e-02
-1.838893629610538483e-02
1.798542775213718414e-02
3.922359645366668701e-02
-4.136308282613754272e-02
2.089029643684625626e-03
9.535653516650199890e-04
2.018125653266906738e-01
1.817240566015243530e-01
1.814326643943786621e-01
1.824281513690948486e-01
