5.152565009808106611e-01
2.035766993074444642e+00
3.383484679637574488e-01
3.453766101417596879e-01
3.215553600866565276e-01
9.017951908148255091e-01
3.866061168446365270e-01
5.006176762881665576e-01
4.710216764649131638e-01
-1.712973054751393319e-03
2.679433408574437570e-01
-3.361422033154484179e-01
2.598247677361175789e+00
2.394953727664270865e-03
2.276277551327448856e-01
2.598194627636091769e-01
-2.985440276337342769e-01
-2.803295051257551629e-01
-2.468779691404441035e-01
1.599660237256865236e-01
4.484357107888441440e+00
-7.306593717235991825e-01
1.208305899402461359e+00
2.331614294725642633e+00
6.633174293564357171e+00
7.955065766709005892e+00
8.246495465009177295e+00
9.796484573341459168e+00
1.173200010064017640e+01
1.149534800646337729e+01
1.570154049914422423e+01
1.745425544962376208e+01
1.657439242374020338e+01
2.191664656052037685e+01
2.280274997413756211e+01
1.991517735426073088e+01
2.390096298939988628e+01
2.763797233106328832e+01
2.486555905729645843e+01
2.808312527714878826e+01
3.116886117924374133e+01
1.066819195224668129e-03
1.154912229824083258e+00
4.465790924513372007e-01
-2.415490222483986482e+00
-2.054406866693662348e+00
-2.597982505234751049e-01
-3.230162436908662560e+00
-2.038719739259645447e+00
-3.991090014914395745e-01
1.095805566447161317e+00
-2.252382631113771794e+00
6.391102058063911073e-01
-1.042844856313368318e+00
-1.199392081377106845e+00
3.106536926878435523e+00
3.924466065900579892e+00
6.775858713409116385e-01
-5.813539719844853515e+00
1.141761365695338759e-01
2.662844668257531744e+00
-3.518610698238608947e+00
1.634220569202258000e+00
2.594313231030244360e+00
2.422167383798480067e+00
2.931970538655821468e+00
-2.553319474817587476e-01
-1.713206101771577394e+00
-2.782992873199479522e+00
-4.415578064507400535e-01
-4.513884496770295685e-02
7.259713381900649853e-01
1.964164560046171237e+00
-3.449390941806152466e-01
5.169164272845189423e+00
3.574405358732655635e+00
-6.840436058801577790e-01
-5.639946208700254537e+00
-1.231140928464303563e+00
-8.209108007403497220e-01
-5.879729712066754210e+00
1.052522632944951297e+00
2.391477173392975442e-01
-1.202899805882637452e+00
7.279104110652423638e-03
-2.216661886166492734e-01
1.043417618650326784e+00
-1.892185725974758315e+00
7.344248528736780912e+00
-6.389528302227695633e+00
-4.094452959286568827e+00
2.482027025545529231e+00
-4.000515479913065775e+00
-9.993788119449097396e-01
3.740602277900339501e-01
-3.196637000251996596e+00
1.957000521436144780e+00
-6.383513165147187252e+00
-2.832664587283274304e+00
-1.757965166749610342e+00
7.503891858869096709e-02
-2.381384922015454819e+00
6.092540958863045475e+00
5.932326737145779960e-01
8.629692078276148814e-01
-1.475462605773089075e-01
8.479121504915664298e-01
-3.510732858189556271e+00
-3.920670702495096527e-01
-3.399407367047543982e+00
5.941316100093139152e-01
1.833087254270561850e+00
-3.977487212494880353e+00
-9.352096933969751558e-02
-6.026420755778000987e-02
-1.029157627922219209e+00
7.168731256010195674e-01
-1.810114220162952536e+00
-7.710808896360480169e+00
1.883337532370301937e-01
2.645760451906463473e+00
-3.162685966995908426e+00
4.010097702126777186e+00
5.995571985290418127e+00
-2.923540805324591485e+00
-4.667053059839776807e+00
2.345063039055718335e+00
9.597131217844321327e-01
4.982441129909667588e+00
1.803690142791096074e+00
7.522801030998876648e+00
-3.506867513004394254e+00
-1.797663542459398689e-01
-9.813362778783596418e-01
3.172029097849768053e+00
1.532556702143487604e+00
3.560673947636174841e+00
-3.452849649912995034e+00
-2.608949025895702434e+00
4.605883309388635105e+00
-9.175781628823515002e-01
9.233841483333831146e-01
-3.519590833260207052e+00
1.517552859200685722e+00
4.154734594867522723e+00
-2.448184707776157598e+00
-6.724222600471745359e-01
-1.544768559764613469e+00
2.976030290642366349e-01
-5.682555362520367304e-01
2.393882829147749192e+00
-2.265440742594509782e+00
-2.454088723258912808e+00
-4.115284921681751307e+00
-1.215628294981017987e+00
-1.963223074645211064e+00
5.130914031184267976e-02
4.438394171845022385e+00
-4.215545410514254243e-01
1.800779472554826788e-01
9.714412837200789297e-02
-6.672729282771477921e-01
-1.287849211298564667e+00
4.911113617519618835e+00
-1.287643340337598419e+00
2.607289071265087577e-01
5.645598159114731729e+00
8.705760658185133227e-01
1.622374193138687026e+00
1.484244891582853887e+00
-1.466037418389737779e+00
2.071812239419285273e+00
-7.165299746523419167e+00
1.152214638691822612e+00
-9.093984956697374056e-01
2.088528268699235912e+00
3.575193344129358408e+00
5.808525395426347160e+00
-1.068471845926268343e-01
-2.734685685947928047e+00
1.969164040282277206e+00
1.927967820782793051e+00
5.072108977379577333e+00
4.747830519762777257e+00
3.413114692947307294e+00
-7.924197369796757151e-01
-2.390778870043442694e+00
-9.395962311229250075e-01
-4.836492700932549127e+00
1.742810826862963847e+00
-4.001227450966942989e+00
-2.583944193404930645e-01
2.940500569400251951e+00
-4.095649466649929238e+00
4.409102960489606815e+00
2.383187580580087839e-01
4.716255055963453735e+00
-1.735093205827820118e+00
2.905025769918041512e-01
-1.711901840076621162e-01
-2.270309544798063683e+00
-1.812149088380011097e+00
1.511243675899778705e+00
8.836594944283218567e+00
1.144178260917853907e+00
-4.247164531542930277e+00
-1.627287158194995920e+00
-2.961575519226509634e+00
1.888879140528326284e+00
4.043356938019124769e+00
-6.177972642903737377e-01
7.088625120197028728e+00
-6.096680909689055738e+00
6.640848271654087309e-01
-2.010005718486229664e+00
3.274959757060453391e+00
2.959780299155361782e-01
-7.334146520722940599e-01
2.007449533005244646e+00
6.037128231706152537e-01
7.089827944226868794e+00
5.021236480793128010e+00
-2.161091915532317387e+00
7.662441928131961788e+00
1.449832688692611837e+00
-1.826506133154753186e+00
1.152562684014476257e+00
-3.088533470520251623e+00
-1.999505914354926528e+00
7.044803345726215582e+00
3.757039267344399747e+00
-5.960520799126337588e-01
-3.132783257838206659e+00
-5.292437221552311222e+00
2.882373512887810296e+00
7.007869792103935680e+00
2.595355371673558342e-01
-1.431951515884227089e+00
4.186434697312147790e+00
-1.644848778457890015e+00
7.249899667530148584e-01
-3.084049745970682377e+00
4.776181272948302747e-01
-2.372632985554520513e+00
5.109794729728717178e-01
3.366030713850776568e+00
1.291627049621551615e+00
-3.614666458179369268e+00
3.336082528511850498e+00
8.666459198873027736e-01
2.983157420979869912e+00
-2.786908441794492042e+00
-5.823061067920183298e-01
-1.107611569154430597e+00
-3.008875080232766841e+00
-1.178482216318929909e+00
-7.921591771413091232e-01
-2.807932150037560692e+00
-2.303310016645207181e+00
-2.220068139525345430e+00
-8.831165774413471947e-01
-9.120998984105292973e-01
2.241925701132458926e+00
3.310906971565105827e+00
-6.833583706866682705e-01
-3.668756462930045092e-01
2.970645672273379834e+00
2.598818098128528042e-01
-3.104878597942201779e+00
7.153645261978399672e-01
4.804480638644399448e+00
-4.305190739847697956e-01
-5.000177834188330728e-01
-4.347695436538559499e-01
-5.797297777358813242e+00
8.223122728608144028e-02
2.665961647119645228e+00
-3.048890774747780252e+00
2.373843918190285063e+00
-1.651922153124780523e+00
3.065466344274655697e+00
1.066618455834444923e+00
2.507596356270211491e+00
7.726148103279100177e-01
-2.701301703301228763e+00
4.228113078327646157e+00
-9.431050899382338315e-01
-3.003044592322039019e+00
3.314004869224855376e+00
-2.954840322637599659e+00
-1.007677605027935686e+00
-9.328044312417953510e-01
-5.526469781858782682e+00
1.347520165815840887e+00
2.132535644497021377e+00
1.352483224861381172e+00
2.724625636369099269e+00
1.559786291689694515e+00
8.781179162304485475e-01
4.370431003508666201e+00
-4.428946071993624112e-01
-3.913918801911958623e-01
3.064998020412488700e+00
5.879057195744756825e-01
-1.201036218011377832e+00
1.352601177460985404e+00
-6.190422804992056216e-01
5.393064971837151056e+00
-3.167429572960169248e-01
3.201529474442615264e+00
1.003149005481867473e+00
3.966370244783882004e+00
-5.716336261613639280e+00
3.470945934624318330e+00
-1.102900521973666947e+00
-2.362013017430268480e+00
3.839039996506905084e+00
2.194697653667098791e+00
3.993076945611603534e+00
1.205907562044009840e+00
-2.767262917208492823e+00
-6.893867001288379592e-01
-1.491504259957735945e+00
3.720744338816325270e-01
3.472032139343439461e+00
-4.227443489805792765e-01
-1.296303521497407463e+00
-6.382388352513401752e-01
-2.037007517521695288e+00
-1.722227407358923434e+00
-2.856803534977986114e+00
-1.218897558072145726e+00
1.712506955701393219e+00
4.203043423719047489e+00
5.825572509777004804e+00
4.750429749104298160e+00
4.776980991144506583e-01
-9.465025568786300525e-01
-5.803393468219637974e+00
1.981198041607178162e+00
-1.661439288591974650e+00
-2.812751100249005098e+00
-3.728310510999668370e-01
5.946274602604638693e-01
5.748669030408710690e-01
1.557295252050109990e+00
3.487239946260618506e+00
1.427545254425715004e+00
1.118012955395012664e+00
-1.639792509122821595e+00
-6.769917680889452338e-01
1.055353933294225222e+00
-4.018057789127424395e-01
1.778012022185152308e+00
-2.320578595843904690e+00
-5.940534847535567931e-01
-2.983913749673113625e+00
1.510245467365355809e+00
2.561702110604747062e+00
9.759086748324795335e-02
1.117307265076803446e+00
-1.590532406603518689e+00
-2.795469121904885945e+00
3.965335047762409193e+00
4.340055526865533309e-01
-2.278111408162432627e-01
-1.246753657846903840e+00
-3.784354626362953944e+00
-1.476436495836687790e+00
-2.165872418422246870e+00
1.270161018462311997e+00
-1.847036002821700551e+00
6.287502879958272173e-01
-1.669797551395109936e-01
6.205077711981613620e-01
-2.912567331615323329e+00
-2.157594550280788503e+00
-5.054604718742361502e-01
1.710316286459908408e+00
3.164873998183071802e+00
2.711394627474573049e+00
-2.557104279619993648e+00
2.790889253235582679e+00
4.058552997133763607e-01
7.504992751434691467e-01
1.444867791504567567e+00
-6.611469807810436139e-01
-3.978670479681720273e+00
-3.628269462657215949e-01
1.544277377798974227e+00
1.890433790262281866e+00
1.865946934476259589e+00
-1.882473483546323711e+00
2.083225780922147941e+00
-9.550983701295644446e-01
6.585902986920372237e-01
-5.886104284992229596e-01
-1.652149771342529938e+00
2.493165820285711196e-02
-1.304592379754074161e+00
-1.349169011102559379e+00
2.450392584327460543e+00
4.719096362590248228e-01
2.076159639538454824e-02
-3.271855093142236326e-01
-1.092766662567119074e+00
4.126639124442275097e+00
-1.578313739866542276e-01
-1.017828026685085430e+00
3.346449309210325573e+00
2.410628042743050703e-01
-3.048599787400203542e+00
-9.605824781302653159e-01
1.679149867788319941e-02
-5.176208306663481196e-01
-8.654521352191899553e-01
4.893926899045593970e+00
6.278589141247291394e+00
6.455121351079070591e-01
-2.072480156830516673e+00
2.280487635158401361e+00
-2.869302020537062958e+00
-1.833994479262795574e+00
-4.855398774325744848e-02
-3.291109028518294233e-01
6.521294732515952930e+00
-3.247298340692715612e+00
9.224885518295438125e-01
-1.042443276087601012e+00
-4.471574578298796787e+00
-1.983267381551295339e+00
-6.449112291784632189e-01
2.379215441986863855e+00
6.496274643174255736e+00
-2.248340527450449211e-01
8.460699198265495546e-01
1.418089626034011452e+00
1.415293976687190147e+00
8.494439339619938023e-01
-2.409479494637654540e+00
1.978611392767820831e+00
-1.817301640590044398e-01
-1.162754308068408182e+00
4.130337830760137052e+00
6.684880341100822854e-01
-2.550042427727544858e+00
4.031668442750157233e+00
-2.267513090521112051e+00
-1.058020465890388229e+00
1.213707625291267522e+00
3.770787782893526563e-01
3.575535742181818133e+00
1.407836967189765920e+00
-4.838727074546908535e-01
6.297679088043328655e-01
3.826612534566012691e+00
-2.089887067743527171e-01
-5.624112253765038982e-01
-6.944988582864554116e-01
-4.779677560526630620e-01
1.066869167415948949e+00
-3.541931540312548421e+00
-7.966307673902232045e-01
1.330053807594226423e-01
3.156775909144042824e+00
2.879519395262332804e+00
2.960548211719303602e+00
2.199445740747596911e+00
5.102145112971756546e+00
1.011488458620946274e+00
1.534168679615552255e+00
-9.570665559434706759e-01
2.836763227440121327e+00
-4.240498985385443120e+00
2.012212671639594941e+00
-2.418165220548107897e+00
-7.567136205474159993e+00
-2.229851238610375930e+00
5.381677138322448206e-01
-6.308947999288698760e-01
-4.141612656524757519e+00
-1.103623709473680270e+00
-1.185916947703415047e+00
-1.337061915347166341e+00
4.228992873834106270e+00
-7.993758890932321087e-03
1.854402114124701795e+00
1.053839582772027050e-01
-2.033207968093100781e+00
-1.744719196011543932e-02
-1.845893220799358803e+00
2.760106939574539009e+00
-1.080411962932463554e+00
-1.014189587572947415e+00
-3.613902020399623716e+00
-1.519198507275822729e+00
7.849776995610893149e-01
2.699546399714880529e+00
5.727112638377037657e-01
4.090652199442078363e+00
-4.506647219013805161e-01
1.110586457450135178e+00
4.316967738978619629e+00
2.326077484364794223e+00
4.742955027926485934e-01
2.716729802109026259e+00
1.773700281129504619e+00
-1.739568207243835374e-01
3.035892398541002901e+00
2.811111298844167994e+00
1.250135730057014394e+00
-3.663584072954343629e+00
1.491902633417647284e+00
-7.176303729031151546e-01
-2.074475759204577052e+00
-4.704532538226229299e+00
6.069441590281143828e-01
4.053721198861143904e+00
-4.336390229405854946e+00
1.232156676603684886e+00
4.539770339792037479e-01
2.840061570217600195e+00
2.901263698256097090e+00
-8.784520155886137854e-03
9.326858423602312209e-01
1.656640702500024043e+00
2.834940743119027662e+00
5.443956257296750367e-02
-4.805577282902633862e-01
1.770113029898264245e-01
-1.740156406959642910e+00
5.520480014058909424e-01
4.024442980567581873e-01
9.200941911669635598e-02
1.130364627011761991e+00
4.775068784397141775e-01
8.184753538710374254e-01
2.915493294059740004e-01
4.118226340978408118e+00
-9.288910573494566503e-01
-9.958678174722783716e-01
-9.502769684212127033e-02
7.981319818639276420e-02
-4.715813072980363785e+00
2.367450650332302065e+00
-1.443791116724998602e+00
3.102022768581976231e-01
-1.684736222975748765e+00
-1.481664660339803596e+00
4.032477637892343258e-01
1.644487919802603004e+00
-2.526871554777704532e+00
-2.739536060144483476e-01
-4.078272233064036967e-01
-5.426719964286749048e-02
1.700992536989711645e-01
-2.140706545113225889e+00
1.397305244011508352e+00
-6.961982950118556987e-03
-2.859987727329942747e-02
-2.210665044496535891e+00
1.040205389448570994e+00
3.602683303335571519e-01
-2.170180365817831802e+00
1.971002251335909339e-01
2.346599617057538723e+00
-4.332981641758862246e+00
-4.973670485723521217e+00
-1.775209782543676562e+00
-3.427979747657511900e-01
-1.097734103420792140e+00
2.460886896147314040e+00
7.102568607684055235e-02
4.411659197755891881e+00
2.219844721017478761e+00
-6.990609024097570456e-01
-6.168402414005671464e-01
-1.298500885417538830e+00
9.460078345752575002e-01
2.078826042261887164e+00
-3.133225550032345375e+00
3.469513493648069824e-01
-7.006956394545246769e-02
-3.627082659419235355e+00
5.665013602048524000e+00
-3.181260902801121837e-01
4.767525569263180718e-01
-2.889384105855061780e+00
-2.953652729410060740e+00
-3.476498246127972536e+00
-2.055894613668591386e+00
1.347799709673875856e+00
-8.897723660312213401e-01
-1.450596778119342511e+00
1.422953423314504695e+00
2.149690520398312987e+00
2.637697182490789105e-01
-2.238389928740458057e+00
-3.220693547355726882e-01
1.736305194360440396e+00
-1.612790270532110215e+00
-2.419322508464713195e+00
-3.368346701464661308e+00
1.963517370731329370e+00
1.968034431718021615e+00
1.485251246366278144e-01
-9.007947552294188753e-01
3.826779587853857412e-01
-1.152300390728412616e+00
-2.583744523148856942e+00
-1.337086720048128230e+00
-1.100863314971301632e+00
-1.241758784741782362e+00
1.495661991023949922e+00
1.703764388283349307e+00
-4.131697818037233794e-01
3.871621234601610784e+00
2.221318891331385714e+00
-1.111194946282634266e+00
3.891538035188981226e+00
7.172868656493552875e-01
1.171189069958849416e+00
2.636951233136526906e-01
-3.701906231550226689e+00
3.525187516960651135e-02
2.955074387479730724e+00
5.854102578877580676e+00
-2.022310045524041922e+00
1.408026232348063012e+00
1.631436245050428557e-01
-7.199100352369654843e+00
-2.839150412035608362e+00
-5.051912047846019993e-01
2.551541181563341087e+00
2.794443208737546147e+00
4.579612943396229596e+00
-2.335020723627375006e+00
-6.408172844406319069e-01
-2.076977877764288882e-01
3.730229775258929070e+00
-3.725779000250248885e+00
8.464152046596399304e-01
-5.842305800672780158e-01
1.105163154673348913e+01
7.571537537740040402e-02
-8.431647325092999079e-01
-1.095349484168837012e-01
1.816485067557164657e+00
1.541755903421892837e+00
6.026240734350416517e-01
3.545605377735310260e+00
1.743257782358804020e+00
-2.867949636068150773e-02
-1.340649514890917438e+00
4.032002604089583442e-01
-5.941535995554981797e-01
3.664095068862039728e+00
2.095995239833793544e+00
1.836023359713550684e+00
-2.371470809210870015e-02
-3.787057421004337510e+00
5.569656191076975738e+00
9.519091881807317801e-01
-1.443358319342675222e-01
-3.353203086860226390e-01
7.848950674207040290e-01
-1.595412220256626212e-01
-2.028524430955818136e+00
8.503016365480793315e-01
2.006311258923735574e-01
1.225041661109444568e+00
-2.550281049412204126e+00
4.227335035558796861e-01
5.535602346491381276e+00
2.647863598133571639e+00
4.970913118915396112e+00
5.145537470270227232e-01
3.914314401632086882e-01
-5.844725600448885672e-01
2.514589337838566863e+00
1.208256546138687104e-01
-9.038355314279324926e-01
1.922117720723198087e+00
-1.488217310118710390e+00
2.074957271469605402e+00
3.796139887715673122e+00
-2.507334627699023599e+00
-5.546642437933293479e-01
2.854227539664812241e+00
1.357344202670013766e+00
3.579021370437872385e+00
-3.235177099299006098e+00
-1.475197502691759865e+00
-1.873417508398342424e+00
-2.956150038583278405e+00
-1.795258313153885288e+00
1.509855247649008136e+00
9.446210439526982583e+00
-5.751901066383553918e+00
3.075799548590229637e+00
-1.005160977549435009e+00
-3.433667826543028934e+00
-7.498579972361226531e+00
1.234704676487268005e+00
4.840699937007481718e-02
-2.873833250047876930e+00
4.780859707254239699e-01
1.556116212705572766e+00
-2.638183777378229511e+00
-3.491402231340329454e+00
7.104548144683315414e+00
4.834558313037414123e+00
-5.383741880377096223e+00
1.176319454640941009e+00
-2.250579733878413258e+00
1.162175728435102640e+00
-1.967150733001406415e+00
-2.726851407259564208e+00
5.389610075276431544e+00
7.217126935993920078e+00
6.638007157274219416e+00
-5.549827087881950005e-01
6.525638854281408996e+00
-1.818587819468369560e+00
-4.107660041305417203e-02
2.387494228244532390e+00
2.122370554887432537e+00
1.134349958454702767e+00
-3.711601055802875582e+00
-5.840094326295961480e+00
5.462601917951991765e-02
-3.503701921300801381e+00
1.370736550404134668e+00
1.648597320994666382e-01
1.598563004782364683e+00
3.990878626982527155e+00
-7.069199889928643454e-01
7.236545802660145910e-01
-3.668386617437794373e-01
-2.148674832550946601e+00
-8.713702011032059547e-01
-2.327714585162385497e+00
1.217785933660314318e-01
8.683108339391493180e-01
-1.040797374972218803e+00
-2.370710542832034751e+00
1.947395480625606190e+00
2.255846991007886437e+00
-1.150824859646981446e+00
2.111786323627568684e+00
2.537774150276121965e+00
3.119938818805884750e+00
6.269531589723632337e+00
-1.263484603028346198e+00
1.628114434147638789e+00
6.896729618758786762e-01
-6.097467696636289070e+00
3.426952282904925928e-01
-1.491047264538953199e+00
2.164362961412543473e+00
5.432033978352930781e+00
-7.593149023239434969e-01
-2.226846235160029330e-01
-6.026914285575181163e-01
1.814603006760059367e-01
3.672251057584351219e+00
-8.838532817611808312e-01
7.330271300852687411e+00
7.749342273316351948e-01
8.022393334577505586e-01
5.351761327694974035e+00
-2.136834181836611002e+00
-6.787834460553338722e+00
2.362591906444665435e-01
-1.886180500129420290e+00
2.298878385798612811e+00
-3.008059418147396524e+00
1.136125660666878368e+00
-3.472415451201722014e+00
1.596826971006186424e+00
-7.434352268308214162e-01
4.443002872032782768e+00
-1.945009317647113489e+00
-3.062447759724802321e+00
1.992211807713172300e+00
-2.036205113455472615e-01
-5.595069989458262505e+00
-8.236560090278311819e+00
-1.238629385130695315e+00
-9.529427316697525185e-02
-5.570313674703287532e+00
-2.303169009232295394e+00
7.400327658181088397e-01
-3.371008902819522479e+00
9.884952165382479450e+00
8.443914419194999965e-01
-2.854583544868161127e-01
-4.100601590489639570e+00
-5.288565655327673865e-01
-2.462614031240245360e+00
-5.598815994905846694e+00
3.212457689296277508e+00
7.393761710316779201e+00
-1.007323772507037196e+00
-2.427211486755043612e+00
-6.065838913902626972e-01
1.943071657215984294e+00
1.484844556483993161e+00
1.406727408135555191e+00
-6.538151426391073384e-01
-2.222465357914036765e+00
1.513190750521772543e+00
-2.734595018617126172e+00
2.998081049169350365e+00
-5.118842702580639337e-01
-7.313569954305972898e-01
-5.639044998449643131e+00
-9.748715347231464712e-01
2.947829115258083110e+00
-7.025924897192650231e-01
9.436721679002491037e-01
-3.094291906909760748e+00
6.476025286190155716e-01
5.590466681983534691e-01
4.103871354004192007e+00
2.621285751155375987e+00
4.752799993088052233e+00
-9.085454365080776640e+00
3.293961775779684853e+00
7.414173632289476679e+00
-7.768119764421192563e+00
7.609826180033582688e+00
-3.654771161303333571e+00
-4.422266702319397780e+00
7.570533104245185996e+00
-1.007264646540543929e+01
5.076368987890764295e+00
-2.971893972145871032e+00
-3.650822676414630763e+00
3.137424986417158390e+00
-4.281750286796081717e+00
5.734930969238874354e+00
7.489583035419435042e+00
-3.508449558006323077e+00
3.735529898565247198e+00
1.449940682845543005e+00
-5.249041657814722761e+00
5.404409423340830187e+00
-3.249725077519055372e+00
-3.362449045961890981e+00
1.310782092626927131e+00
-1.791870179713347833e+00
-6.311737553167565684e-01
-2.674670899512813782e-01
-5.741370671576078166e-01
7.024514666156976839e-01
2.702496442172918290e+00
2.466432627092795649e+00
-1.654245558393929727e+00
-3.529176102479379296e+00
9.031462813738951878e-01
1.495735144287466234e+00
1.326904579555873376e+00
1.231269656475117769e+00
-1.838312315251969808e+00
2.155539313300880444e+00
-1.914307714870710386e+00
-3.604713980958847430e-01
-1.733535172490430654e+00
4.478846983386831404e+00
1.094867585963309464e+00
-1.528673271637192466e+00
1.416999471767449892e+00
5.409629308557637462e-01
-1.006481587364229657e+00
-5.100221948827271312e+00
-2.706585857005394224e+00
1.177188579417895120e+00
2.369533104061803286e+00
-1.102486700428537414e-01
9.631417897103967674e-01
0.000000000000000000e+00
0.000000000000000000e+00
0.000000000000000000e+00
0.000000000000000000e+00
0.000000000000000000e+00
