5.918622016906738281e-01
-4.278690218925476074e-01
1.140444874763488770e+00
5.603427886962890625e-01
4.003194570541381836e-01
1.462590098381042480e+00
7.416043281555175781e-01
1.608493737876415253e-02
6.157853826880455017e-02
-1.247925776988267899e-02
1.344691310077905655e-02
2.734219189733266830e-03
-2.884889394044876099e-02
7.259618025273084641e-03
5.579590797424316406e-02
1.776064001023769379e-02
2.851971425116062164e-02
-1.541762612760066986e-02
1.557824201881885529e-03
4.740439821034669876e-03
1.592739485204219818e-02
9.950043749995529652e-05
-5.425553023815155029e-02
-2.550931461155414581e-02
-5.669394508004188538e-02
4.391715303063392639e-02
9.437717497348785400e-03
4.654947668313980103e-03
8.676130324602127075e-03
2.302195690572261810e-02
2.945424057543277740e-02
3.565591946244239807e-02
3.732192888855934143e-02
2.412288682535290718e-03
1.349902432411909103e-02
-2.308648824691772461e-02
-2.329774573445320129e-02
-2.117362339049577713e-03
1.872654631733894348e-02
6.727390456944704056e-03
-1.871367916464805603e-02
3.003008127212524414e+00
4.826305389404296875e+00
5.012820243835449219e+00
1.153420162200927734e+01
1.589470386505126953e+01
2.527374649047851562e+01
2.735926246643066406e+01
2.937260055541992188e+01
-8.505044132471084595e-02
-2.819299697875976562e-02
-4.176837950944900513e-02
-2.247372828423976898e-02
5.371904373168945312e-02
-4.762174189090728760e-02
-2.480575256049633026e-02
3.659194707870483398e-02
2.101838961243629456e-02
-2.442089654505252838e-02
-4.836864024400711060e-02
-3.115928731858730316e-02
3.166456893086433411e-02
8.495049178600311279e-02
1.537013892084360123e-02
-5.419930070638656616e-02
3.165092691779136658e-02
-1.891820691525936127e-02
1.797342672944068909e-02
-1.216654628515243530e-01
1.054588519036769867e-02
-7.638465613126754761e-02
3.713947162032127380e-02
-1.552517265081405640e-01
-8.789420127868652344e-03
-1.538065634667873383e-02
-1.054231226444244385e-01
-4.250887036323547363e-02
-6.091405451297760010e-02
-4.181280732154846191e-03
1.643736660480499268e-01
9.246173501014709473e-02
1.267612427473068237e-01
3.398122265934944153e-02
4.347307607531547546e-02
3.431948274374008179e-02
-9.349419921636581421e-02
7.608857005834579468e-02
-5.016330629587173462e-02
6.037484854459762573e-02
1.250925706699490547e-03
-5.450436472892761230e-02
-2.231554314494132996e-02
-7.760956883430480957e-02
7.225932925939559937e-02
8.616696111857891083e-03
4.262646287679672241e-02
-9.752358309924602509e-03
6.955946795642375946e-03
2.599282190203666687e-02
3.049494698643684387e-02
5.683474708348512650e-03
8.863395452499389648e-02
5.031748209148645401e-03
9.640733152627944946e-02
8.029701560735702515e-02
-1.441975533962249756e-01
3.310879319906234741e-02
-2.138230763375759125e-02
1.659787632524967194e-02
8.449441939592361450e-02
-1.214226484298706055e-01
3.903056681156158447e-02
2.006743289530277252e-02
1.979176327586174011e-02
1.060063615441322327e-01
-1.282912641763687134e-01
5.615888163447380066e-03
-2.801946923136711121e-02
9.655184298753738403e-02
-8.775387704372406006e-02
-1.448745131492614746e-01
2.607982605695724487e-02
-8.548033237457275391e-02
6.545598804950714111e-02
1.074744388461112976e-01
-6.645898520946502686e-02
8.960635215044021606e-02
2.828382551670074463e-01
-1.182446721941232681e-02
3.295503184199333191e-02
-2.341048978269100189e-02
4.659055173397064209e-02
6.972698867321014404e-02
-3.424942260608077049e-03
-1.424572914838790894e-01
2.364253439009189606e-02
-1.319088190793991089e-01
-1.043160706758499146e-01
-9.996987879276275635e-02
-1.186132133007049561e-01
1.738817244768142700e-01
1.746824085712432861e-01
-2.211141586303710938e-02
-5.442482233047485352e-02
2.544350922107696533e-02
3.602393344044685364e-02
2.657530456781387329e-02
-1.221681665629148483e-02
1.596483737230300903e-01
4.882458224892616272e-02
1.449949443340301514e-01
-1.117433048784732819e-02
5.396877229213714600e-02
1.154811978340148926e-01
6.963849067687988281e-02
5.090859159827232361e-02
-2.582448720932006836e-02
-1.449754089117050171e-01
-7.157921791076660156e-02
8.154221624135971069e-02
1.328065432608127594e-02
-1.889575570821762085e-01
-1.995177706703543663e-03
-1.024772301316261292e-01
-1.020753309130668640e-01
5.446932744234800339e-03
8.245459198951721191e-02
-2.022776752710342407e-03
-2.900772728025913239e-02
1.482632756233215332e-02
2.538299001753330231e-02
4.599316790699958801e-02
-6.379340589046478271e-02
-1.373008638620376587e-01
2.485053054988384247e-02
-8.225358277559280396e-02
-4.749308526515960693e-02
-1.524731367826461792e-01
-3.708722069859504700e-02
-2.408464252948760986e-02
-6.412764638662338257e-02
-8.065756410360336304e-02
-2.071421965956687927e-02
-4.628443345427513123e-02
-8.594941347837448120e-02
7.383164763450622559e-02
6.641248613595962524e-02
4.730179905891418457e-02
4.109473526477813721e-02
-1.088545564562082291e-02
7.760575413703918457e-02
2.373129129409790039e-02
-1.129673048853874207e-01
-4.933306276798248291e-01
2.474648952484130859e-01
8.485795855522155762e-01
-2.754913330078125000e+00
1.296969175338745117e+00
-1.073369741439819336e+00
1.314534842967987061e-01
-3.904419839382171631e-01
-1.148314833641052246e+00
1.140038132667541504e+00
1.389054179191589355e+00
8.854492902755737305e-01
8.734303712844848633e-02
5.370759591460227966e-02
-2.347326576709747314e-01
4.162189066410064697e-01
-1.365389704704284668e+00
-1.309331178665161133e+00
-7.351942360401153564e-02
-7.306396961212158203e-01
-2.514420509338378906e+00
-1.756095528602600098e+00
-1.961084604263305664e-01
-6.901680678129196167e-02
1.423044130206108093e-02
-2.134670495986938477e+00
-2.818070650100708008e-01
1.519930362701416016e+00
-1.373343914747238159e-01
-4.414334893226623535e-01
5.819662213325500488e-01
1.860811859369277954e-01
2.125623226165771484e+00
9.676340222358703613e-01
9.746270179748535156e-01
1.603823542594909668e+00
2.940863072872161865e-01
-1.857563555240631104e-01
2.238146960735321045e-01
8.133020997047424316e-02
2.626951038837432861e-01
-2.082179486751556396e-01
-1.940994895994663239e-02
-7.476937025785446167e-02
-4.805504977703094482e-01
-5.111882090568542480e-01
2.595672607421875000e-01
-4.746100604534149170e-01
2.772520780563354492e-01
3.717446625232696533e-01
1.370977014303207397e-01
2.562225982546806335e-02
-9.864342212677001953e-02
-4.762290418148040771e-01
-9.550110995769500732e-02
2.715301513671875000e-01
2.538543939590454102e-01
-8.396763801574707031e-01
5.725604295730590820e-01
-8.153034448623657227e-01
-2.690353989601135254e-01
8.126704394817352295e-02
-7.926246151328086853e-03
-6.985256075859069824e-02
1.853425055742263794e-01
1.864236742258071899e-01
1.022232770919799805e-01
3.403921425342559814e-02
-2.715842425823211670e-01
-6.116211786866188049e-02
1.729036867618560791e-01
3.089545108377933502e-02
-7.860805392265319824e-01
-8.553183674812316895e-01
5.109130740165710449e-01
-7.086965441703796387e-01
-6.424809247255325317e-02
2.723551094532012939e-01
1.054229736328125000e+00
-1.139431238174438477e+00
-1.177943050861358643e-01
-6.231423467397689819e-02
9.919795989990234375e-01
3.904595971107482910e-02
-4.079652428627014160e-01
3.698987960815429688e-01
-2.008043974637985229e-01
4.163406789302825928e-02
8.627658486366271973e-01
-1.075953483581542969e+00
-9.595472216606140137e-01
-5.489829778671264648e-01
-1.208882406353950500e-01
6.223502159118652344e-01
4.962249696254730225e-01
1.076489448547363281e+00
6.560122370719909668e-01
1.230110883712768555e+00
-1.981521695852279663e-01
-2.886000275611877441e-01
-4.401419460773468018e-01
-2.284550070762634277e-01
-2.315078973770141602e-01
-1.691581845283508301e+00
-1.966849565505981445e-01
5.757501125335693359e-01
-7.520295977592468262e-01
1.214241862297058105e+00
-2.698482573032379150e-01
5.720221400260925293e-01
-3.846155405044555664e-01
7.363010048866271973e-01
1.240480840206146240e-01
-5.463414788246154785e-01
-5.763324499130249023e-01
3.438495695590972900e-01
8.069909214973449707e-01
-2.646016180515289307e-01
5.827590823173522949e-01
6.465520858764648438e-01
-1.197742223739624023e-01
2.216718643903732300e-01
8.488880991935729980e-01
1.380928874015808105e+00
-5.173438191413879395e-01
-2.744562625885009766e-01
5.637643337249755859e-01
9.480566531419754028e-02
6.682861447334289551e-01
3.277803361415863037e-01
-2.653291821479797363e-01
-2.482162863016128540e-01
1.987177729606628418e-01
4.319434463977813721e-01
1.420093417167663574e+00
2.984206676483154297e-01
3.060331642627716064e-01
8.343181014060974121e-01
-1.244543418288230896e-01
-1.070859313011169434e+00
-8.171721696853637695e-01
-1.234132051467895508e+00
-3.080033361911773682e-01
1.076645731925964355e+00
-3.973576053977012634e-02
7.492692675441503525e-04
3.439391264691948891e-03
9.881643345579504967e-04
-2.630883362144231796e-03
-2.750473260879516602e+00
-5.083580613136291504e-01
-2.527838706970214844e+00
-1.299252986907958984e+00
