1.897294998168945312e+00
-8.073798567056655884e-02
-7.336592078208923340e-01
4.812842369079589844e+00
3.959773540496826172e+00
-1.459982991218566895e+00
2.217966079711914062e+00
3.367049217224121094e+00
1.845038533210754395e+00
-2.482161670923233032e-02
1.455210745334625244e-01
-2.256223410367965698e-01
1.227857232093811035e+00
8.069154024124145508e-01
9.104050695896148682e-02
6.717970967292785645e-01
-5.946386456489562988e-01
-1.220944374799728394e-01
2.181472301483154297e+00
4.911579489707946777e-01
-6.005851030349731445e-01
7.131634950637817383e-01
-3.360717594623565674e-01
-4.071539342403411865e-01
1.080668270587921143e-01
9.125266224145889282e-02
2.603972852230072021e-01
-4.510849714279174805e-01
-7.026756405830383301e-01
1.646326780319213867e-01
2.388423532247543335e-01
8.661404609680175781e+00
9.804210662841796875e+00
1.331311321258544922e+01
1.532459259033203125e+01
1.021663284301757812e+01
1.749466705322265625e+01
1.921309280395507812e+01
2.694232177734375000e+01
2.411077499389648438e+01
3.155479621887207031e+01
-6.433468461036682129e-01
1.838930368423461914e+00
-8.534494042396545410e-01
3.783707022666931152e-01
9.097739458084106445e-01
2.445644855499267578e+00
-1.249459505081176758e+00
-3.019506931304931641e+00
-2.480374574661254883e+00
-6.417384624481201172e+00
6.717827916145324707e-01
8.084120154380798340e-01
-1.112494230270385742e+00
-4.921618476510047913e-02
2.173270702362060547e+00
-7.243478894233703613e-01
2.178256273269653320e+00
5.095098614692687988e-01
2.204972982406616211e+00
-8.081796169281005859e-01
2.945586144924163818e-01
7.747386693954467773e-01
-7.480712980031967163e-02
-8.705133795738220215e-01
-6.388403475284576416e-02
-2.348893404006958008e+00
-3.421114683151245117e-01
-7.727314829826354980e-01
2.756328582763671875e-01
-9.191629886627197266e-01
9.929941892623901367e-01
9.750913977622985840e-01
6.943608522415161133e-01
-5.145599320530891418e-02
5.653171539306640625e-01
-3.943076729774475098e-01
-1.918914079666137695e+00
2.162605524063110352e+00
1.074554920196533203e+00
8.299967050552368164e-01
8.134890198707580566e-01
-1.146454453468322754e+00
-3.908357143402099609e+00
-2.913813352584838867e+00
7.772790193557739258e-01
1.786556243896484375e-01
3.940845727920532227e-01
3.550983428955078125e+00
-1.882002830505371094e+00
3.424532175064086914e+00
-5.603316426277160645e-01
-6.110571861267089844e+00
1.908700704574584961e+00
-5.267677307128906250e+00
3.009664058685302734e+00
2.278987690806388855e-02
9.124770760536193848e-01
-3.189154863357543945e-01
6.191540360450744629e-01
-1.622638344764709473e+00
-1.626681089401245117e-01
-1.851156949996948242e-01
3.140864670276641846e-01
8.337004780769348145e-01
-8.865594118833541870e-02
4.746199548244476318e-01
-1.268470436334609985e-01
-5.916782617568969727e-01
1.186770796775817871e-01
-9.632681608200073242e-01
3.194761574268341064e-01
2.024291038513183594e+00
-3.685944080352783203e-01
7.253662109375000000e+00
5.769087672233581543e-01
-9.159893542528152466e-02
-1.253385394811630249e-01
-2.034259289503097534e-01
4.852908253669738770e-01
-2.619810700416564941e-01
-3.034543097019195557e-01
-6.245247125625610352e-01
6.909981369972229004e-01
-1.963793672621250153e-02
2.734511792659759521e-01
2.844659686088562012e-01
-1.376066088676452637e+00
4.960554465651512146e-02
8.487945795059204102e-01
-2.758429050445556641e-01
9.297622442245483398e-01
5.136340856552124023e-02
-2.834755182266235352e+00
-2.242513895034790039e+00
-5.435392379760742188e+00
-2.733741700649261475e-01
5.877261757850646973e-01
8.511304259300231934e-01
2.704712748527526855e-01
-4.950762689113616943e-01
-7.748830318450927734e-02
1.000176146626472473e-01
-5.060194134712219238e-01
1.884081214666366577e-01
5.762125253677368164e-01
5.194753170013427734e+00
1.685629725456237793e+00
5.826981544494628906e+00
3.247503519058227539e+00
1.041227054595947266e+01
-5.833490565419197083e-02
-3.888608142733573914e-02
6.199004650115966797e-01
-5.004978179931640625e-01
4.416586756706237793e-01
-5.692746862769126892e-02
-2.715507447719573975e-01
4.588839113712310791e-01
2.460317462682723999e-01
5.692585110664367676e-01
-2.322683572769165039e+00
-8.087131381034851074e-02
1.026690721511840820e+00
-3.233078718185424805e-01
1.935803443193435669e-01
-1.800586581230163574e-01
2.018927335739135742e+00
1.965070366859436035e+00
5.298841476440429688e+00
1.354936957359313965e-01
-1.438921689987182617e-01
-2.102027088403701782e-01
7.818040251731872559e-02
2.995838820934295654e-01
1.994937062263488770e-01
7.053422927856445312e-01
1.319757401943206787e-01
9.369952231645584106e-02
-1.409504711627960205e-01
1.066400036215782166e-01
-1.913869529962539673e-01
6.150405406951904297e-01
-3.964578211307525635e-01
-5.041698217391967773e-01
1.441964864730834961e+00
-3.358784317970275879e-01
4.563201069831848145e-01
-6.432573199272155762e-01
-7.012224793434143066e-01
-5.043320178985595703e+00
5.454235896468162537e-02
-1.691328138113021851e-01
6.684396862983703613e-01
4.331698715686798096e-01
3.452940881252288818e-01
3.483555018901824951e-01
-5.794907808303833008e-01
-7.198203206062316895e-01
6.426931023597717285e-01
-1.325524449348449707e+00
-1.409685254096984863e+00
5.184105396270751953e+00
-1.282737016677856445e+00
3.617916107177734375e+00
5.784080028533935547e-01
1.697193086147308350e-01
2.906337678432464600e-01
3.586499989032745361e-01
9.908726811408996582e-01
7.467344403266906738e-01
8.337186574935913086e-01
2.485762387514114380e-01
5.091297030448913574e-01
5.744687318801879883e-01
5.031601190567016602e-01
7.634636163711547852e-01
4.316713511943817139e-01
1.076882779598236084e-01
6.667628884315490723e-01
8.092296123504638672e-01
9.666496887803077698e-03
8.650993555784225464e-02
7.214663028717041016e-01
7.996568083763122559e-01
3.783690035343170166e-01
3.152091503143310547e-01
5.617847442626953125e-01
2.845002412796020508e-01
2.089847922325134277e-01
5.108861923217773438e-01
8.825271129608154297e-01
7.121939063072204590e-01
1.679210513830184937e-01
3.486387431621551514e-01
7.872625589370727539e-01
8.968347907066345215e-01
6.413030624389648438e-02
2.492430657148361206e-01
9.367583990097045898e-01
5.878995060920715332e-01
3.110748343169689178e-02
7.210072278976440430e-01
1.102818772196769714e-01
9.421233534812927246e-01
1.464882194995880127e-01
7.515287995338439941e-01
1.380571722984313965e-01
3.734393417835235596e-01
2.539829723536968231e-02
8.906565308570861816e-01
7.543084621429443359e-01
3.617363572120666504e-01
7.222151756286621094e-02
5.475854501128196716e-03
1.334055364131927490e-01
8.185071945190429688e-01
1.262065917253494263e-01
3.457149267196655273e-01
4.355002045631408691e-01
2.785179913043975830e-01
1.501798868179321289e+00
9.901837706565856934e-01
-1.850802779197692871e+00
6.971393823623657227e-01
