1.897734403610229492e+00
-5.674031376838684082e-01
1.402629494667053223e+00
4.831275939941406250e+00
3.956191062927246094e+00
-9.812009334564208984e-01
2.202303647994995117e+00
3.377092361450195312e+00
7.235039472579956055e-01
8.840696811676025391e-01
2.422033786773681641e+00
4.918269217014312744e-01
1.124045252799987793e+00
1.501350104808807373e-01
2.005142122507095337e-01
2.326640367507934570e+00
-1.691895604133605957e+00
1.181886076927185059e+00
4.713705554604530334e-02
1.912027120590209961e+00
8.906223773956298828e-01
8.818805217742919922e-01
1.337660700082778931e-01
-3.189356923103332520e-01
-1.653026193380355835e-01
2.780604064464569092e-01
1.445774585008621216e-01
4.356161355972290039e-01
8.952376842498779297e-01
-6.260799169540405273e-01
8.783361911773681641e-01
9.905990600585937500e+00
1.007716083526611328e+01
1.330714893341064453e+01
1.533272933959960938e+01
9.890287399291992188e+00
1.747629165649414062e+01
1.921389007568359375e+01
2.479548263549804688e+01
2.336271858215332031e+01
2.484392738342285156e+01
9.279357790946960449e-01
-6.333674788475036621e-01
4.058384895324707031e-01
-4.044967889785766602e-01
1.374125003814697266e+00
4.472595751285552979e-01
1.642425537109375000e+00
-1.285747170448303223e+00
-2.801958322525024414e+00
3.650343179702758789e+00
3.387359678745269775e-01
9.042698740959167480e-01
-5.909031033515930176e-01
4.609537720680236816e-01
1.179599642753601074e+00
-1.330441951751708984e+00
3.721493482589721680e-01
4.219054579734802246e-01
1.943586349487304688e+00
-7.434110641479492188e-01
4.671103656291961670e-01
-1.616907119750976562e-01
2.718483805656433105e-01
-7.273305058479309082e-01
-5.843490362167358398e-01
-9.660125970840454102e-01
-1.460413098335266113e+00
-7.324687838554382324e-01
-5.392811298370361328e-01
-1.828111857175827026e-01
1.978789716958999634e-01
1.454198360443115234e-01
2.405117511749267578e+00
1.536307573318481445e+00
2.002531290054321289e+00
1.328859627246856689e-01
-2.311279326677322388e-01
-1.318928003311157227e+00
-1.805593371391296387e+00
7.712480545043945312e+00
7.278657555580139160e-01
-2.851959764957427979e-01
-4.482343494892120361e-01
-1.518801808357238770e+00
-3.507941961288452148e+00
1.871238648891448975e-01
-1.327356696128845215e-01
-9.431251883506774902e-01
3.186228990554809570e+00
-2.071929931640625000e+00
2.042658179998397827e-01
1.273056626319885254e+00
6.195770263671875000e+00
1.490940332412719727e+00
-2.778935909271240234e+00
1.263176351785659790e-01
1.979134529829025269e-01
6.091870740056037903e-02
-4.213913679122924805e-01
-1.117951989173889160e+00
-3.019940257072448730e-01
8.056409955024719238e-01
2.747047424316406250e+00
6.297077536582946777e-01
9.773413091897964478e-02
4.012666344642639160e-01
-6.449343264102935791e-02
1.488059908151626587e-01
-2.500701546669006348e-01
-1.039713472127914429e-01
-5.740258097648620605e-01
1.215856671333312988e+00
1.619688034057617188e+00
9.191029071807861328e-01
3.920539319515228271e-01
8.009915053844451904e-02
8.210154622793197632e-02
4.300125539302825928e-01
3.275383636355400085e-02
-8.900984525680541992e-01
-8.612897992134094238e-02
-5.447456240653991699e-01
1.097956299781799316e+00
2.250068485736846924e-01
1.759525239467620850e-01
-5.606265664100646973e-01
1.146662831306457520e+00
1.308817028999328613e+00
-1.754277497529983521e-01
8.447100520133972168e-01
-2.896243929862976074e-01
-1.442006468772888184e+00
1.239810943603515625e+01
1.834130287170410156e+00
-2.249507188796997070e+00
-5.459990352392196655e-02
-2.457607686519622803e-01
8.209255337715148926e-01
1.461277723312377930e+00
1.442614793777465820e+00
1.427297472953796387e+00
4.101637601852416992e-01
-2.281687498092651367e+00
-7.466677427291870117e-01
1.736219763755798340e+00
1.396808743476867676e+00
-1.042884469032287598e+00
2.934289455413818359e+00
1.967685818672180176e+00
2.440085887908935547e+00
-1.093952536582946777e+00
-7.031711935997009277e-02
-3.848312050104141235e-02
2.230685763061046600e-02
-1.341236233711242676e+00
8.064074516296386719e-01
-1.103551626205444336e+00
8.503238558769226074e-01
6.561432480812072754e-01
6.444624662399291992e-01
2.745122313499450684e-01
1.990429013967514038e-01
-3.382115662097930908e-01
4.471774399280548096e-01
-7.694734334945678711e-01
1.346276044845581055e+00
2.011105060577392578e+00
6.152533292770385742e-01
-5.723590254783630371e-01
2.939935624599456787e-01
-2.780843079090118408e-01
-1.421829760074615479e-01
-2.172671109437942505e-01
3.065657243132591248e-02
9.877836704254150391e-01
5.946288108825683594e-01
9.887731671333312988e-01
-3.228349089622497559e-01
7.551766633987426758e-01
-1.318879276514053345e-01
8.330699801445007324e-01
-9.917507767677307129e-01
-4.764300286769866943e-01
-1.429379463195800781e+00
-1.742795467376708984e+00
1.203794002532958984e+00
-8.301087021827697754e-01
4.098099708557128906e+00
2.425635576248168945e+00
-3.360764384269714355e-01
-1.570973992347717285e-01
2.405167073011398315e-01
-1.452715277671813965e+00
-8.924262970685958862e-02
-1.375033259391784668e-01
-1.212788701057434082e+00
1.068665742874145508e+00
1.212658762931823730e+00
1.377960205078125000e+00
1.100172400474548340e+00
1.365253090858459473e+00
-1.580717921257019043e+00
-1.041321635246276855e+00
-2.817569494247436523e+00
-1.637718677520751953e+00
7.001734972000122070e-01
2.186875641345977783e-01
2.290608584880828857e-01
2.724565565586090088e-01
4.513857513666152954e-02
1.350227147340774536e-01
1.041704490780830383e-01
1.194514930248260498e-01
7.073684930801391602e-01
6.918227672576904297e-02
2.595950365066528320e-01
3.960809707641601562e-01
9.265361428260803223e-01
6.062266230583190918e-01
4.937058687210083008e-01
6.648858189582824707e-01
9.494133591651916504e-01
6.065162420272827148e-01
4.002519249916076660e-01
8.066852092742919922e-01
4.852047562599182129e-01
2.850963771343231201e-01
2.179005146026611328e-01
2.509352266788482666e-01
1.243875920772552490e-01
3.778425455093383789e-01
9.657571911811828613e-01
6.474543213844299316e-01
1.338513344526290894e-01
8.407396078109741211e-01
5.370784997940063477e-01
9.068616032600402832e-01
7.945302128791809082e-01
6.484034061431884766e-01
2.809915244579315186e-01
2.994782105088233948e-02
6.270745992660522461e-01
3.997774422168731689e-01
3.869524300098419189e-01
9.828490018844604492e-01
6.224573850631713867e-01
7.240033149719238281e-01
3.622164428234100342e-01
2.759081497788429260e-02
8.840377330780029297e-01
1.917868405580520630e-01
1.820364743471145630e-01
9.122866392135620117e-02
6.505921483039855957e-01
7.774041295051574707e-01
8.459184765815734863e-01
7.683351635932922363e-01
8.787933588027954102e-01
4.579224586486816406e-01
6.867576837539672852e-01
1.543092846870422363e+00
1.000258326530456543e+00
-1.969612717628479004e+00
7.485343217849731445e-01
