1.739582568407058716e-01
2.101800292730331421e-01
2.454733103513717651e-01
2.022227942943572998e-01
1.156111955642700195e-01
2.163414359092712402e-01
1.614404320716857910e-01
7.036710530519485474e-02
-1.064081192016601562e-01
5.459156632423400879e-02
4.480009898543357849e-02
-6.256613135337829590e-02
2.553818821907043457e-01
-1.828191685490310192e-03
2.881180942058563232e-01
3.342439234256744385e-01
2.701312601566314697e-01
1.631785184144973755e-01
2.945612072944641113e-01
2.285241931676864624e-01
9.338255971670150757e-02
-1.403850018978118896e-01
7.068971544504165649e-02
6.472609192132949829e-02
-9.808263182640075684e-02
3.563221395015716553e-01
-2.763999858871102333e-03
-1.929634250700473785e-03
-4.686131607741117477e-03
-6.874341052025556564e-03
-3.461287356913089752e-03
3.018390270881354809e-05
8.967422880232334137e-03
2.173204440623521805e-03
1.488586980849504471e-02
-2.904057502746582031e-03
3.858118318021297455e-03
-1.154134422540664673e-02
9.661004878580570221e-03
-6.229304242879152298e-03
1.282742309570312500e+01
1.404311561584472656e+01
1.550825691223144531e+01
1.688774490356445312e+01
2.032411766052246094e+01
2.639092063903808594e+01
2.624993896484375000e+01
2.668300247192382812e+01
2.384847450256347656e+01
2.597101593017578125e+01
2.710419845581054688e+01
2.653726768493652344e+01
3.246591949462890625e+01
-1.045701980590820312e+00
-4.951910376548767090e-01
-2.868694961071014404e-01
1.992785483598709106e-01
9.998456239700317383e-01
7.124080061912536621e-01
-5.973744988441467285e-01
-5.739347636699676514e-02
-1.007760524749755859e+00
1.383370280265808105e+00
-1.954729199409484863e+00
3.250204086303710938e+00
-1.467693328857421875e+00
-4.625985026359558105e-01
4.830895662307739258e-01
-1.176644802093505859e+00
1.233671307563781738e+00
1.439354777336120605e+00
-2.847302258014678955e-01
8.022232353687286377e-02
-8.324895501136779785e-01
1.667922139167785645e+00
-2.749503135681152344e+00
3.909323215484619141e-01
1.661120772361755371e+00
8.780124187469482422e-01
-2.273062944412231445e+00
9.957488626241683960e-02
7.405842542648315430e-01
-6.066257953643798828e-01
-1.517529040575027466e-01
-6.486929059028625488e-01
3.903431594371795654e-01
-9.399819374084472656e-01
1.886769890785217285e+00
4.381325840950012207e-01
4.304358959197998047e+00
6.756729483604431152e-01
-3.602768480777740479e-01
9.224717617034912109e-01
5.064074993133544922e-01
1.050012826919555664e+00
-1.160455703735351562e+00
1.205042079091072083e-01
-1.132357835769653320e+00
1.220172047615051270e+00
1.591332852840423584e-01
1.122178658843040466e-01
8.160694837570190430e-01
-3.440772294998168945e-01
-1.120705381035804749e-01
-8.583499193191528320e-01
5.190659165382385254e-01
6.946017742156982422e-01
6.616559624671936035e-01
-3.182082414627075195e+00
9.158623218536376953e-01
-6.565489172935485840e-01
6.126176714897155762e-01
-6.937074661254882812e-01
7.025910615921020508e-01
1.642744541168212891e+00
-1.812174439430236816e+00
-1.532883793115615845e-01
-7.548800706863403320e-01
-3.323090672492980957e-01
-2.677716314792633057e-01
-8.592280149459838867e-01
-7.354292273521423340e-01
-7.624180316925048828e-01
-3.791472613811492920e-01
8.295959830284118652e-01
2.670280039310455322e-01
-5.309368371963500977e-01
-1.937709152698516846e-01
4.017575383186340332e-01
1.181061416864395142e-01
1.336433172225952148e+00
-5.737562179565429688e-01
8.658524155616760254e-01
-2.197127342224121094e+00
5.191845893859863281e-01
6.582981944084167480e-01
-3.190365731716156006e-01
1.501278281211853027e+00
-3.559653282165527344e+00
1.218959450721740723e+00
-1.639320611953735352e+00
-1.313426375389099121e+00
5.092947959899902344e+00
-1.044993877410888672e+01
-3.557344436645507812e+00
9.314799308776855469e-01
3.477193355560302734e+00
-5.827056989073753357e-02
7.492625713348388672e-01
2.612436711788177490e-01
-1.097980856895446777e+00
3.921817779541015625e+00
-9.827598929405212402e-01
-1.014403820037841797e+00
4.033973693847656250e+00
-3.809752166271209717e-01
-1.127236962318420410e+00
4.611143171787261963e-01
-1.341548323631286621e+00
1.090499997138977051e+00
-1.608763337135314941e+00
-1.235092952847480774e-01
-3.795170187950134277e-01
-1.137883663177490234e+00
1.426857113838195801e+00
1.240100637078285217e-01
-6.263771057128906250e-01
3.490464687347412109e-01
9.010389447212219238e-01
-1.306135892868041992e+00
-1.771813392639160156e+00
5.041163563728332520e-01
2.056816339492797852e+00
7.827538847923278809e-01
-2.130955457687377930e+00
-1.081283450126647949e+00
1.392597794532775879e+00
-1.996820092201232910e+00
3.470574617385864258e-01
-1.893092133104801178e-02
8.136311173439025879e-01
-1.414762437343597412e-02
-2.676053285598754883e+00
4.126830697059631348e-01
3.188252747058868408e-01
-9.782391190528869629e-01
-1.724013805389404297e+00
-9.401749372482299805e-01
2.242904663085937500e+00
-5.283802151679992676e-01
-5.776306390762329102e-01
7.011139392852783203e-01
-1.290197253227233887e+00
1.582000032067298889e-02
4.489016532897949219e-01
9.338228031992912292e-03
8.303387761116027832e-01
1.499326109886169434e+00
-3.642828762531280518e-01
5.364884734153747559e-01
-1.227156966924667358e-01
2.128414213657379150e-01
-2.541560530662536621e-01
-6.319518685340881348e-01
9.856391549110412598e-01
-1.346162796020507812e+00
-3.925347626209259033e-01
6.058987230062484741e-02
-5.358462408185005188e-02
8.412533402442932129e-01
-6.184064745903015137e-01
-1.269936442375183105e+00
7.618025541305541992e-01
4.147317707538604736e-01
2.981715917587280273e+00
-4.040083289146423340e-02
1.933211565017700195e+00
1.648283839225769043e+00
1.099284768104553223e+00
-4.463908970355987549e-01
-7.463687658309936523e-02
-5.899574980139732361e-02
-3.977583944797515869e-01
2.483538985252380371e-01
-7.093862295150756836e-01
6.135662794113159180e-01
-7.630835175514221191e-01
8.388353586196899414e-01
1.395466089248657227e+00
4.398929119110107422e+00
8.338957428932189941e-01
-2.627171576023101807e-01
-1.919596940279006958e-01
7.660649418830871582e-01
4.891302108764648438e+00
1.743305683135986328e+00
1.107894659042358398e+00
-4.824886098504066467e-02
9.037898480892181396e-02
2.446345806121826172e+00
1.789264321327209473e+00
2.221088409423828125e+00
-3.557180404663085938e+00
1.926143050193786621e+00
-1.976538896560668945e+00
1.423164129257202148e+00
4.511200636625289917e-02
-1.706828713417053223e+00
5.785840153694152832e-01
6.566261649131774902e-01
2.022871017456054688e+00
8.175827860832214355e-01
3.886195421218872070e-01
2.760605335235595703e+00
-5.059522628784179688e+00
2.000040292739868164e+00
-4.547448158264160156e+00
2.963364124298095703e+00
2.593966484069824219e+00
-1.260443449020385742e+00
-9.632489681243896484e-01
1.395523071289062500e+00
-2.742049694061279297e-01
1.358507752418518066e+00
1.160333514213562012e+00
-1.339449763298034668e+00
-3.088836431503295898e+00
9.623277187347412109e-01
2.192837238311767578e+00
2.373074054718017578e+00
-6.791023731231689453e+00
1.166642761230468750e+01
-1.536906719207763672e+00
2.905853509902954102e+00
6.629266738891601562e-01
7.419189453125000000e+00
2.312761306762695312e+01
7.996104717254638672e+00
-1.085703015327453613e+00
3.326679229736328125e+00
8.566987991333007812e+00
-1.476577371358871460e-01
2.264400959014892578e+00
1.242258548736572266e+00
9.917017817497253418e-01
2.600742101669311523e+00
2.806907176971435547e+00
6.073216907680034637e-03
-3.351141929626464844e+00
4.738353729248046875e+00
2.596654653549194336e+00
-9.297274351119995117e-01
-2.495237827301025391e+00
-7.055137753486633301e-01
-1.623386144638061523e+00
1.909363269805908203e+00
-2.703861951828002930e+00
-3.779627382755279541e-01
-7.682426571846008301e-01
1.115089654922485352e+00
-1.179273128509521484e+00
-5.283128023147583008e-01
1.845792651176452637e+00
1.672731518745422363e+00
1.229854941368103027e+00
5.219618320465087891e+00
-2.087370157241821289e+00
8.064723968505859375e+00
5.473258972167968750e+00
2.997053623199462891e+00
7.571304440498352051e-01
-3.377480983734130859e+00
-1.805908560752868652e+00
-2.767478942871093750e+00
-2.210578322410583496e-02
-1.174054813385009766e+01
8.460084915161132812e+00
3.019602537155151367e+00
7.275005817413330078e+00
-3.311907768249511719e+00
-6.698850154876708984e+00
-2.741266250610351562e+00
8.246896743774414062e+00
1.266065239906311035e+00
8.928402900695800781e+00
-1.959265899658203125e+01
-2.668572425842285156e+00
1.904336690902709961e+00
-3.009763002395629883e+00
-7.786382675170898438e+00
7.276333332061767578e+00
1.437158823013305664e+00
5.789859294891357422e-01
4.130809307098388672e+00
-6.016417026519775391e+00
7.297078132629394531e+00
-1.914486694335937500e+01
8.917988777160644531e+00
-1.160673618316650391e+01
1.071960330009460449e+00
4.432058334350585938e-01
5.349571704864501953e+00
-5.712133407592773438e+00
-4.419463157653808594e+00
9.144477546215057373e-02
1.688496947288513184e+00
2.060711860656738281e+00
-2.276714801788330078e+00
1.181830787658691406e+01
-4.023798406124114990e-01
-1.069691753387451172e+01
-5.158460140228271484e-01
-1.431755542755126953e+00
-2.241832733154296875e+00
-1.961282849311828613e+00
-1.378578186035156250e+00
-1.061853218078613281e+01
-4.714936256408691406e+00
2.625128507614135742e+00
-8.509751319885253906e+00
3.925091266632080078e+00
6.221027851104736328e+00
1.220835494995117188e+01
9.834358096122741699e-01
-7.307763099670410156e-01
5.721520900726318359e+00
-3.799689292907714844e+00
2.587905228137969971e-01
-9.242806434631347656e+00
1.154153347015380859e+01
-7.196273326873779297e+00
-1.614642715454101562e+01
2.342821598052978516e+00
-8.572780489921569824e-01
5.462833046913146973e-01
-2.665811538696289062e+00
8.216229081153869629e-01
2.065980911254882812e+00
-5.836282253265380859e+00
4.532371520996093750e+00
5.549272060394287109e+00
-6.457356810569763184e-01
3.494006991386413574e-01
4.225158095359802246e-01
-7.966970205307006836e-01
1.301360249519348145e+00
-4.154109001159667969e+00
1.314897656440734863e+00
4.869796752929687500e+00
-1.206980124115943909e-01
-1.681540369987487793e+00
-1.948202610015869141e+00
6.601426005363464355e-01
6.010546088218688965e-01
-8.631843924522399902e-01
-2.826766371726989746e-01
-4.599275112152099609e+00
-3.821935415267944336e+00
4.609203815460205078e+00
-3.297688961029052734e-01
2.657845318317413330e-01
8.076696395874023438e-01
4.054181575775146484e+00
3.934284448623657227e+00
7.708984613418579102e-01
-1.578195571899414062e+00
-8.939012885093688965e-01
-7.257867455482482910e-01
-8.509053587913513184e-01
-8.968079835176467896e-02
6.297930717468261719e+00
-7.837152481079101562e+00
1.208822154998779297e+01
-2.809094667434692383e+00
-7.622566819190979004e-01
-2.346086978912353516e+00
1.007891654968261719e+01
-1.030111312866210938e-01
-5.404260754585266113e-01
1.262733247131109238e-02
2.774837493896484375e+00
1.963554382324218750e+00
