4.661521911621093750e+00
1.629332160949707031e+01
1.601614570617675781e+01
1.597570705413818359e+01
4.370798587799072266e+00
1.258680915832519531e+01
1.003680992126464844e+01
1.549908924102783203e+01
8.810725212097167969e+00
1.544559669494628906e+01
-5.222446441650390625e+00
-9.687477946281433105e-01
6.713362216949462891e+00
-5.484115600585937500e+00
-6.518650054931640625e+00
-1.116157054901123047e+01
-7.321148872375488281e+00
2.849080562591552734e-01
6.426840305328369141e+00
5.799152851104736328e+00
3.045922994613647461e+00
-2.831910848617553711e+00
-4.857995510101318359e+00
5.321019649505615234e+00
-2.536078214645385742e+00
7.989812850952148438e+00
-3.318173885345458984e+00
8.126449584960937500e+00
1.715323567390441895e+00
1.061616182327270508e+00
-1.584362387657165527e-01
-6.800431251525878906e+00
7.979399681091308594e+00
-1.220827817916870117e+00
-3.231997013092041016e+00
4.495060920715332031e+00
-6.805915832519531250e-01
-2.367837667465209961e+00
3.385801076889038086e+00
9.357903480529785156e+00
2.502083778381347656e+00
2.123836278915405273e+00
-2.310615777969360352e+00
1.742282271385192871e+00
-8.823497891426086426e-01
1.327242016792297363e+00
-6.224587440490722656e+00
-2.084577322006225586e+00
9.120513916015625000e+00
2.126793622970581055e+00
2.107917976379394531e+01
1.358647823333740234e+01
4.555588722229003906e+00
1.043425846099853516e+01
-1.733302950859069824e+00
4.402657032012939453e+00
-9.945027351379394531e+00
-8.686244964599609375e+00
-5.330808639526367188e+00
1.607767343521118164e+00
4.260877609252929688e+00
-2.030809670686721802e-01
7.789510726928710938e+00
1.166566252708435059e+00
1.765637159347534180e+00
3.994720697402954102e+00
2.053317070007324219e+00
4.963180541992187500e+00
-2.606970787048339844e+00
2.741382837295532227e+00
3.509105205535888672e+00
6.679674148559570312e+00
-3.730386495590209961e+00
-9.369114041328430176e-01
1.296811699867248535e+00
-1.252805829048156738e+00
4.772512018680572510e-01
2.578601121902465820e+00
-3.046290159225463867e+00
3.437595129013061523e+00
1.712607383728027344e+00
7.769330143928527832e-01
-2.768818438053131104e-01
-3.593116104602813721e-01
-4.251967906951904297e+00
-1.008000731468200684e+00
3.193895816802978516e+00
2.509351730346679688e+00
1.286085247993469238e+00
7.190879344940185547e+00
1.123492002487182617e+00
1.449623584747314453e+00
1.100514769554138184e+00
6.182162761688232422e-01
4.651360511779785156e+00
2.951578140258789062e+00
1.248914837837219238e+00
3.682080745697021484e+00
-2.837380170822143555e-01
6.420347094535827637e-01
-2.590618133544921875e+00
5.936230659484863281e+00
5.610464811325073242e-01
1.643176913261413574e+00
2.542594432830810547e+00
-3.438076972961425781e+00
2.298036336898803711e+00
2.732409954071044922e+00
-4.049808502197265625e+00
-2.117163896560668945e+00
-4.714021205902099609e+00
-2.613051891326904297e+00
5.142645835876464844e+00
-7.970449328422546387e-01
1.892354369163513184e+00
1.892722010612487793e+00
2.339389562606811523e+00
-3.029739379882812500e+00
1.066166877746582031e+00
-1.078620791435241699e+00
4.715913295745849609e+00
3.631246805191040039e+00
2.058552742004394531e+00
-2.898774385452270508e+00
1.776042580604553223e+00
4.688478469848632812e+00
4.265096187591552734e+00
-1.068245530128479004e+00
1.994069367647171021e-01
2.654454946517944336e+00
-2.062170743942260742e+00
2.086206525564193726e-01
2.403056144714355469e+00
-2.578168630599975586e+00
5.565784454345703125e+00
9.234576225280761719e-01
2.137905597686767578e+00
9.836304187774658203e-01
-6.573082506656646729e-02
-2.838657498359680176e-01
2.768288850784301758e+00
3.294891834259033203e+00
5.700663328170776367e-01
9.055253863334655762e-02
1.689795017242431641e+00
-2.429105520248413086e+00
-5.706571340560913086e-01
1.310952663421630859e+00
-3.568315505981445312e+00
2.807312250137329102e+00
4.805360317230224609e+00
7.446100562810897827e-02
1.027021408081054688e+00
8.860542625188827515e-02
1.587999582290649414e+00
-2.531478166580200195e+00
8.701106071472167969e+00
1.845224142074584961e+00
2.006416469812393188e-01
2.821334362030029297e+00
-3.560860633850097656e+00
3.533164262771606445e+00
1.601443052291870117e+00
-1.564932465553283691e+00
-6.527999639511108398e-01
-4.138618469238281250e+00
-2.635955333709716797e+00
2.933447360992431641e+00
-1.610187292098999023e+00
3.577174663543701172e+00
2.681607246398925781e+00
1.971215009689331055e+00
-9.903506040573120117e-01
3.730867505073547363e-01
7.207511663436889648e-01
1.205706119537353516e+00
