2.131746530532836914e+00
1.929255723953247070e-01
3.606329560279846191e-01
5.100581645965576172e+00
3.677082061767578125e+00
1.249731659889221191e+00
1.880584239959716797e+00
3.648488044738769531e+00
-5.319535732269287109e-01
-3.713545799255371094e-01
4.647075757384300232e-02
1.045667886734008789e+00
1.082947373390197754e+00
3.135619163513183594e-01
-2.492521703243255615e-01
5.727084279060363770e-01
6.271203607320785522e-02
4.852845519781112671e-02
-1.776700735092163086e+00
7.693179845809936523e-01
1.826542019844055176e-01
-4.888043999671936035e-01
-3.359381258487701416e-01
-2.408968359231948853e-01
-2.449014931917190552e-01
-3.184089362621307373e-01
3.980684280395507812e-02
-9.118480980396270752e-02
3.890117257833480835e-02
-1.055738449096679688e+00
1.299589276313781738e+00
8.244749069213867188e+00
9.777744293212890625e+00
1.332311344146728516e+01
1.530521011352539062e+01
1.594951248168945312e+01
1.679012489318847656e+01
1.909599685668945312e+01
2.057256317138671875e+01
2.290741539001464844e+01
2.447324752807617188e+01
6.067058071494102478e-02
1.139613762497901917e-01
-6.169341132044792175e-02
-1.591241657733917236e-01
-1.109087586402893066e+00
-6.724441051483154297e-01
-8.384860754013061523e-01
4.713514447212219238e-01
3.292314410209655762e-01
8.701415061950683594e-01
1.128720879554748535e+00
9.243632555007934570e-01
1.018689870834350586e-01
-9.144670963287353516e-01
-5.464786887168884277e-01
6.050462722778320312e-01
-1.015465855598449707e+00
-1.175148725509643555e+00
-1.398659348487854004e+00
-8.469005823135375977e-01
-4.046110808849334717e-02
2.175459414720535278e-01
-8.567138761281967163e-02
-3.215835615992546082e-02
1.793980360031127930e+00
-1.688590884208679199e+00
-4.153653979301452637e-01
-3.091159164905548096e-01
-3.787884116172790527e-02
-1.278298974037170410e+00
-2.070142179727554321e-01
-1.853884220123291016e+00
5.477156043052673340e-01
-4.286589324474334717e-01
2.268324494361877441e-01
-2.232842296361923218e-01
-3.500338494777679443e-01
2.152487784624099731e-01
1.361420154571533203e+00
-8.526864647865295410e-01
4.531048297882080078e+00
-1.554207444190979004e+00
1.909635901451110840e+00
-4.129166901111602783e-01
1.733645677566528320e+00
4.064528346061706543e-01
-1.086032509803771973e+00
-2.130035161972045898e+00
-2.085881531238555908e-01
2.429519653320312500e+00
-8.771088719367980957e-01
-1.810197681188583374e-01
3.351616621017456055e+00
5.085670351982116699e-01
2.561793565750122070e+00
-4.083195626735687256e-01
-3.205132484436035156e-01
2.967468202114105225e-01
6.306136846542358398e-01
4.467909634113311768e-01
-1.640142798423767090e-01
4.004020392894744873e-01
3.416837453842163086e-01
-6.699407696723937988e-01
6.630428433418273926e-01
-2.324024140834808350e-01
-3.198123574256896973e-01
-5.952678248286247253e-02
2.808933854103088379e-01
1.350435972213745117e+00
2.156549841165542603e-01
7.469946742057800293e-01
4.902095198631286621e-01
8.281659483909606934e-01
6.395412087440490723e-01
-1.597470045089721680e-01
3.977658748626708984e-01
-6.489014625549316406e-02
4.353882372379302979e-01
-1.068650841712951660e+00
2.802543044090270996e-01
-7.335969805717468262e-01
2.474334985017776489e-01
-7.055843714624643326e-03
1.274959087371826172e+00
-3.155906498432159424e-02
1.967837214469909668e+00
4.473859369754791260e-01
-2.444947324693202972e-02
1.348223239183425903e-01
4.338525235652923584e-01
3.652614653110504150e-01
1.354621410369873047e+00
-5.547067523002624512e-01
5.852177739143371582e-01
-4.754515886306762695e-01
-2.113320231437683105e-01
-1.236057162284851074e+00
-4.112202823162078857e-01
-1.427705645561218262e+00
3.854926824569702148e-01
-2.928786873817443848e-01
7.401784062385559082e-01
-1.009862065315246582e+00
-2.478420734405517578e+00
1.198166489601135254e+00
-1.339895606040954590e+00
-1.236292243003845215e+00
-3.785288929939270020e-01
4.854226484894752502e-03
-9.633044153451919556e-02
1.124100685119628906e+00
1.990771889686584473e-01
-9.421188235282897949e-01
-7.769584655761718750e-01
2.598468028008937836e-02
-1.502886563539505005e-01
1.363871246576309204e-01
4.054179787635803223e-01
1.132698804140090942e-01
4.057763516902923584e-01
7.932404279708862305e-01
1.118827939033508301e+00
-7.810993790626525879e-01
-1.254033684730529785e+00
-1.101547360420227051e+00
-1.182098746299743652e+00
-1.145117998123168945e+00
-1.652051329612731934e+00
4.632795602083206177e-02
-6.011977046728134155e-02
-3.492114841938018799e-01
1.406037926673889160e+00
-6.710211932659149170e-02
7.725912332534790039e-01
-2.381249368190765381e-01
-1.033336997032165527e+00
6.390690207481384277e-01
-7.809479236602783203e-01
-2.668330192565917969e+00
5.666597485542297363e-01
-1.291344523429870605e+00
2.256687134504318237e-01
-1.732944488525390625e+00
9.524810314178466797e-01
3.377625942230224609e+00
-1.122318744659423828e+00
2.017986059188842773e+00
1.257241249084472656e+00
3.210566520690917969e+00
1.626360654830932617e+00
6.705436110496520996e-01
5.020589351654052734e+00
-4.830451607704162598e-01
2.988020896911621094e+00
-5.618318915367126465e-02
-5.646210908889770508e-02
7.136070728302001953e-01
-5.039589405059814453e-01
2.113866567611694336e+00
-4.328577816486358643e-01
2.110994577407836914e+00
5.286626815795898438e-01
1.102536082267761230e+00
4.032715320587158203e+00
-7.905088067054748535e-01
-3.821383714675903320e-01
1.072754412889480591e-01
-1.353100128471851349e-02
-1.940400749444961548e-01
-9.690760076045989990e-02
5.837104320526123047e-01
1.173694849014282227e+00
-7.484917044639587402e-01
-1.399693042039871216e-01
-7.125820517539978027e-01
4.084453731775283813e-02
-3.223339021205902100e-01
9.477695226669311523e-01
2.247792333364486694e-01
-4.055376052856445312e-01
8.266249299049377441e-01
-1.990829259157180786e-01
3.080726861953735352e-01
1.339842230081558228e-01
-1.185431927442550659e-01
-6.162796616554260254e-01
8.113940805196762085e-02
2.798281237483024597e-02
6.468356400728225708e-02
1.032508164644241333e-01
2.844794392585754395e-01
5.837025642395019531e-01
-7.061560153961181641e-01
3.563550859689712524e-02
-9.085184931755065918e-01
-1.282695412635803223e+00
3.126450479030609131e-01
-3.311143815517425537e-01
2.163346529006958008e+00
2.152463674545288086e+00
-4.477917551994323730e-01
1.030692577362060547e+00
-1.127683043479919434e+00
2.884730100631713867e+00
-4.627900600433349609e+00
1.827118873596191406e+00
-3.290277719497680664e+00
-8.195101618766784668e-01
-1.741847753524780273e+00
-1.183117181062698364e-01
1.366902112960815430e+00
-1.822880282998085022e-02
5.759530141949653625e-02
-1.898851752281188965e+00
-5.862641334533691406e-01
-2.288218021392822266e+00
-1.207036018371582031e+00
9.048583507537841797e-01
-2.636996269226074219e+00
-1.127347230911254883e+00
1.978358626365661621e+00
-7.067698836326599121e-01
-1.445342507213354111e-02
1.412600129842758179e-01
