1.965241312980651855e+00
1.054504752159118652e+00
-1.193558216094970703e+00
4.979948997497558594e+00
3.892179489135742188e+00
1.154361844062805176e+00
2.175395965576171875e+00
3.459437131881713867e+00
3.070465326309204102e-01
-8.000514507293701172e-01
6.165620684623718262e-01
-3.334065079689025879e-01
-3.603908121585845947e-01
9.026991128921508789e-01
-1.228938698768615723e-01
9.928199462592601776e-03
3.693035244941711426e-01
-1.451713800430297852e+00
1.837597340345382690e-01
-1.298603773117065430e+00
-4.417034089565277100e-01
1.649114489555358887e+00
1.100827932357788086e+00
1.559633016586303711e-01
6.954021453857421875e-01
-7.785722017288208008e-01
-2.663921713829040527e-01
-1.013366580009460449e-01
-1.993654966354370117e+00
1.738195776939392090e+00
3.474032878875732422e-01
9.666028976440429688e+00
1.020720767974853516e+01
1.327115821838378906e+01
1.538964843750000000e+01
1.497998905181884766e+01
1.747745323181152344e+01
1.921085739135742188e+01
1.921827125549316406e+01
2.205529975891113281e+01
2.223504066467285156e+01
-3.244156017899513245e-02
3.964557349681854248e-01
2.963027358055114746e-01
1.137303709983825684e+00
-4.475914835929870605e-01
3.281602561473846436e-01
7.759057283401489258e-01
-5.612426400184631348e-01
6.396170705556869507e-02
2.576678276062011719e+00
4.961577355861663818e-01
-4.719287157058715820e-02
8.588517308235168457e-01
-1.709457874298095703e+00
9.461465477943420410e-01
-3.451238572597503662e-01
-1.064842581748962402e+00
-6.198147535324096680e-01
1.673624992370605469e+00
-4.677609503269195557e-01
1.144811272621154785e+00
-1.902847290039062500e+00
-2.557564973831176758e-01
-8.320166170597076416e-02
-1.056682825088500977e+00
-6.282902359962463379e-01
1.381525278091430664e+00
2.098484516143798828e+00
-6.492894172668457031e+00
-1.421425461769104004e+00
9.868716597557067871e-01
-2.670962572097778320e+00
1.075058341026306152e+00
1.058634519577026367e+00
1.425083732604980469e+01
1.320415616035461426e+00
2.622419595718383789e-01
6.143801212310791016e+00
4.307450950145721436e-01
-1.905469298362731934e+00
1.097295045852661133e+00
-1.198504209518432617e+00
-8.429389446973800659e-02
-2.480417490005493164e+00
-9.577181339263916016e-01
2.240178436040878296e-01
-2.692728070542216301e-03
2.214215517044067383e+00
-6.995368599891662598e-01
-1.095676541328430176e+00
-1.078920125961303711e+00
-2.209414720535278320e+00
1.725004792213439941e+00
-1.156521201133728027e+00
5.119685530662536621e-01
8.494704961776733398e-01
8.689706772565841675e-02
-7.341953516006469727e-01
-1.298070698976516724e-01
-1.970445960760116577e-01
-1.232082303613424301e-02
1.921173214912414551e+00
4.946395158767700195e-01
1.384718436747789383e-02
1.639914155006408691e+00
-1.842510998249053955e-01
4.857298731803894043e-02
1.664348393678665161e-01
1.047712087631225586e+00
1.725485622882843018e-01
-1.952725499868392944e-01
2.507971048355102539e+00
-9.420850314199924469e-03
9.146545827388763428e-02
3.683217167854309082e-01
-6.871175020933151245e-02
8.429325819015502930e-01
1.011386606842279434e-02
7.074832916259765625e-01
3.739647865295410156e+00
-8.343122005462646484e-01
5.802963376045227051e-01
1.826254874467849731e-01
1.641414523124694824e+00
-6.179093383252620697e-03
-1.554512381553649902e-01
7.290463924407958984e+00
3.152137994766235352e-01
1.194254279136657715e+00
-5.239413738250732422e+00
5.366842150688171387e-01
-2.094066590070724487e-01
-1.850338363647460938e+01
-2.818991422653198242e+00
-4.380710124969482422e+00
-1.596195399761199951e-01
-6.780634820461273193e-02
-3.147168159484863281e-01
1.243697524070739746e+00
-1.149318099021911621e+00
-1.374098192900419235e-02
9.811019897460937500e-01
-1.604872494935989380e-01
9.083197712898254395e-01
-1.534712910652160645e+00
2.732930660247802734e+00
3.645700216293334961e+00
5.977367758750915527e-01
7.519887685775756836e-01
2.505956888198852539e+00
-8.607125878334045410e-01
-4.955787658691406250e-01
-3.063013255596160889e-01
1.179922521114349365e-01
3.044430613517761230e-01
3.326939940452575684e-01
-2.127737253904342651e-01
4.176064014434814453e+00
-6.194718182086944580e-02
2.525788247585296631e-01
-1.359030455350875854e-01
-1.539321392774581909e-01
-9.467132091522216797e-01
1.059651613235473633e+00
-3.153454661369323730e-01
7.718836665153503418e-01
-3.240136802196502686e-01
7.143778800964355469e-01
2.021067030727863312e-02
8.863918483257293701e-02
-7.357806563377380371e-01
5.149078369140625000e-01
-6.756959948688745499e-03
1.463910490274429321e-01
1.057208418846130371e+00
6.783392429351806641e-01
-5.701202750205993652e-01
-1.721505075693130493e-01
1.308433055877685547e+00
9.317081421613693237e-03
3.331333398818969727e-01
8.021773338317871094e+00
8.828896880149841309e-01
2.428138494491577148e+00
-3.365554094314575195e+00
7.004832476377487183e-02
-2.508042156696319580e-01
-1.431788253784179688e+01
-2.060448646545410156e+00
-2.476220607757568359e+00
-9.162746369838714600e-02
5.127454996109008789e-01
6.248577684164047241e-02
-1.644481271505355835e-01
7.243774533271789551e-01
3.363732695579528809e-01
6.643448472023010254e-01
2.900865487754344940e-02
1.061673879623413086e+00
-2.124405384063720703e+00
-8.166224956512451172e-01
2.851206302642822266e+00
-3.550876677036285400e-01
2.630901336669921875e-01
1.746575236320495605e+00
5.398381352424621582e-01
6.815609931945800781e-01
5.935364961624145508e-01
4.458422660827636719e-01
4.988047778606414795e-01
6.431502290070056915e-03
6.552539467811584473e-01
9.831045866012573242e-01
4.351869523525238037e-01
1.268326044082641602e-01
6.369515657424926758e-01
4.428887963294982910e-01
1.651684492826461792e-01
4.699916541576385498e-01
1.456082761287689209e-01
8.193769454956054688e-01
4.834589362144470215e-01
7.527472376823425293e-01
1.191521510481834412e-01
8.410530537366867065e-02
8.494758605957031250e-01
4.350002706050872803e-01
7.754906415939331055e-01
9.885679185390472412e-02
2.367857545614242554e-01
9.104750752449035645e-01
1.162735447287559509e-01
5.376405715942382812e-01
2.776722311973571777e-01
3.009402155876159668e-01
4.977032914757728577e-02
6.801974773406982422e-01
4.819146171212196350e-02
3.358326256275177002e-01
5.348903536796569824e-01
9.725491404533386230e-01
8.522842526435852051e-01
4.867202937602996826e-01
8.139231801033020020e-01
3.480746150016784668e-01
3.335265442728996277e-02
2.069630622863769531e-01
5.658572912216186523e-02
3.219416439533233643e-01
5.321917533874511719e-01
3.444438278675079346e-01
5.272372961044311523e-01
5.072961449623107910e-01
2.612092196941375732e-01
8.523760437965393066e-01
4.090889394283294678e-01
2.036940753459930420e-01
5.568898320198059082e-01
5.884066820144653320e-01
6.004974842071533203e-01
9.367117881774902344e-01
9.701723456382751465e-01
-1.964223265647888184e+00
7.529103159904479980e-01
