1.684666156768798828e+00
-1.069185733795166016e-01
1.562859177589416504e+00
4.671408176422119141e+00
-6.804780364036560059e-01
3.364360809326171875e+00
2.253579616546630859e+00
5.484188795089721680e-01
2.152132272720336914e+00
2.221942663192749023e+00
2.571679353713989258e+00
-1.372398734092712402e-01
3.070603609085083008e-01
1.413220167160034180e+00
-2.322516143321990967e-01
9.088211655616760254e-01
3.033183217048645020e-01
-2.535770177841186523e+00
-4.226663708686828613e-02
1.089513540267944336e+00
-8.139315247535705566e-01
5.651212111115455627e-02
-1.154234051704406738e+00
1.576703488826751709e-01
3.285337984561920166e-01
7.918525934219360352e-01
2.979257822036743164e+00
1.306210279464721680e+00
6.237077713012695312e-02
-4.830600023269653320e-01
8.962978124618530273e-01
-3.073428571224212646e-01
-2.157915532588958740e-01
1.124148249626159668e+00
8.664599061012268066e-02
6.429715752601623535e-01
-1.509347110986709595e-01
-9.157345443964004517e-02
3.459368646144866943e-02
3.045233488082885742e-01
8.042930603027343750e+00
1.026029205322265625e+01
1.327255153656005859e+01
7.174679279327392578e+00
1.545679473876953125e+01
1.485987281799316406e+01
1.656544303894042969e+01
1.952648544311523438e+01
1.754386711120605469e+01
1.899089813232421875e+01
2.408642768859863281e+01
2.555283546447753906e+01
2.971828842163085938e+01
-5.613017082214355469e-01
-5.966554284095764160e-01
1.496084213256835938e+00
-3.553714752197265625e-01
-9.682865142822265625e-01
-8.981150388717651367e-01
3.103414297103881836e+00
3.991652131080627441e-01
-4.214146137237548828e+00
2.607898116111755371e-01
1.090330362319946289e+00
2.308223962783813477e+00
2.227499246597290039e+00
3.162371814250946045e-01
7.580186724662780762e-01
-3.392655849456787109e+00
9.501746892929077148e-01
4.231249392032623291e-01
-4.124322891235351562e+00
-5.124201774597167969e-01
-2.307979911565780640e-01
7.128873467445373535e-01
1.690758347511291504e+00
-1.135562896728515625e+00
1.504673242568969727e+00
-5.533205866813659668e-01
3.217276036739349365e-01
3.168795704841613770e-01
-7.277111411094665527e-01
-7.582738995552062988e-01
-9.257213473320007324e-01
7.242338657379150391e-01
7.992669939994812012e-01
-2.248481035232543945e+00
-3.369246423244476318e-01
-8.302813172340393066e-01
-4.117168903350830078e+00
2.160717248916625977e+00
-4.626695215702056885e-01
-4.619580745697021484e+00
-7.737399935722351074e-01
8.445140123367309570e-01
3.233616352081298828e-01
1.490061521530151367e+00
1.186760187149047852e+00
1.192569494247436523e+00
-6.285617500543594360e-02
-2.166413068771362305e+00
3.405875444412231445e+00
-1.111658334732055664e+00
-1.616285920143127441e+00
7.130256295204162598e-01
-1.647067427635192871e+00
-1.004970073699951172e+00
-5.365841388702392578e-01
4.140179634094238281e+00
-1.621201515197753906e+00
1.501208901405334473e+00
2.288455486297607422e+00
-1.138289093971252441e+00
3.403011798858642578e+00
2.720620632171630859e+00
2.482972145080566406e+00
-4.032351493835449219e+00
-2.091831684112548828e+00
-1.998249411582946777e+00
1.103218436241149902e+00
-1.739497900009155273e+00
2.574928283691406250e+00
-1.009741425514221191e+00
7.581387758255004883e-01
1.920352339744567871e+00
-6.828745603561401367e-01
1.120098307728767395e-02
-1.921517491340637207e+00
1.163523435592651367e+00
2.422018527984619141e+00
-2.400534868240356445e+00
4.141832828521728516e+00
-1.280203342437744141e+00
1.345650434494018555e+00
8.790515065193176270e-01
-2.068040609359741211e+00
1.352388113737106323e-01
8.820253014564514160e-01
-6.623762845993041992e-01
1.199513554573059082e+00
-3.406992256641387939e-01
1.397812128067016602e+00
-1.770648121833801270e+00
-2.404629886150360107e-01
1.562809705734252930e+00
5.299506187438964844e-01
-3.277190625667572021e-01
-5.169236660003662109e-01
8.562166988849639893e-02
4.832596182823181152e-01
6.320161372423171997e-02
-8.135687708854675293e-01
9.337059259414672852e-01
1.695073485374450684e+00
3.354358673095703125e-01
-8.315501362085342407e-02
1.064248681068420410e+00
-8.124461770057678223e-02
-3.149477243423461914e-01
1.042443275451660156e+00
-1.185151115059852600e-01
2.822279334068298340e-01
1.206137657165527344e+00
-8.983279764652252197e-02
6.420009583234786987e-02
-3.201978802680969238e-01
-7.919624447822570801e-01
8.954332470893859863e-01
-5.102198123931884766e-01
7.084919810295104980e-01
-5.265383720397949219e-01
-4.470378905534744263e-02
3.470750153064727783e-01
-4.413065016269683838e-01
1.065937802195549011e-01
-1.519165933132171631e-01
-5.300981998443603516e-01
-6.226457357406616211e-01
-1.435861177742481232e-02
-8.967233896255493164e-01
2.153233528137207031e+00
-8.702850341796875000e-01
6.416542530059814453e-01
1.907963156700134277e+00
1.513674974441528320e+00
-6.255700588226318359e-01
-1.037568569183349609e+00
-1.007734894752502441e+00
9.434955567121505737e-02
-2.458721399307250977e-01
-5.225096642971038818e-02
1.072179436683654785e+00
-1.077722907066345215e+00
3.729821145534515381e-01
9.042722582817077637e-01
-3.407336771488189697e-02
1.624389410018920898e+00
5.307093858718872070e-01
2.350566349923610687e-02
-1.165865063667297363e+00
1.289593935012817383e+00
-5.321661233901977539e-01
-9.112133383750915527e-01
6.516027450561523438e-01
-1.398159384727478027e+00
2.480724304914474487e-01
-4.966478049755096436e-01
1.058147192001342773e+00
6.339593529701232910e-01
6.819645166397094727e-01
-2.042611390352249146e-01
-1.171276092529296875e+00
-6.117353439331054688e-01
1.809791922569274902e-01
2.796508967876434326e-01
6.158402189612388611e-02
-5.829794406890869141e-01
-4.916845355182886124e-04
-8.956055343151092529e-02
-3.446747735142707825e-02
-5.075326561927795410e-01
6.897184848785400391e-01
-1.117005109786987305e+00
5.495625734329223633e-01
3.156475424766540527e-01
8.889585137367248535e-01
7.577900886535644531e-01
1.104783892631530762e+00
-9.752464294433593750e-01
3.324372768402099609e-01
-8.166306018829345703e-01
-1.641278415918350220e-01
5.360404849052429199e-01
-3.274224996566772461e-01
1.454431772232055664e+00
4.064015150070190430e-01
7.361302375793457031e-01
1.016435995697975159e-01
7.210611104965209961e-01
-3.644736111164093018e-01
6.628215312957763672e-02
5.258299708366394043e-01
1.112710908055305481e-01
8.795764446258544922e-01
-3.582552969455718994e-01
8.556782007217407227e-01
7.873783111572265625e-01
2.761015594005584717e-01
2.247263491153717041e-01
5.755758658051490784e-02
6.212757825851440430e-01
-6.724773049354553223e-01
7.953443564474582672e-03
1.134758830070495605e+00
5.698921084403991699e-01
5.678220987319946289e-01
1.616407781839370728e-01
1.402975320816040039e+00
1.007335662841796875e+00
4.185450971126556396e-01
-6.950847059488296509e-02
2.833577096462249756e-01
-8.934731036424636841e-02
-1.604858934879302979e-01
4.673971235752105713e-01
8.583248406648635864e-02
5.134445801377296448e-02
8.338425308465957642e-02
6.738263964653015137e-01
6.835191249847412109e-01
1.494536995887756348e-01
8.431992530822753906e-01
-3.287948071956634521e-01
-6.208381056785583496e-01
1.105597019195556641e+00
3.782517313957214355e-01
-7.300291210412979126e-02
-3.982743024826049805e-01
1.845623850822448730e+00
1.024244666099548340e+00
2.565337717533111572e-01
2.461632639169692993e-01
2.127968072891235352e-01
-6.636255383491516113e-01
-2.375772967934608459e-02
8.803932368755340576e-02
-1.426975280046463013e-01
1.467066407203674316e-01
-6.307567954063415527e-01
-3.104743361473083496e-01
-5.362660288810729980e-01
-2.941820621490478516e-01
-8.324573189020156860e-02
-2.527545690536499023e-01
-1.199584454298019409e-01
-8.405631780624389648e-01
1.033848896622657776e-01
8.588610291481018066e-01
1.311620593070983887e+00
7.666774392127990723e-01
2.889584302902221680e-01
-4.102042615413665771e-01
1.740777969360351562e+00
1.055417060852050781e+00
9.362307786941528320e-01
6.650857627391815186e-02
-2.736631631851196289e-01
4.969363510608673096e-01
4.647499620914459229e-01
4.659918546676635742e-01
-1.074310660362243652e+00
-4.479596614837646484e-01
3.562472164630889893e-01
-1.364810466766357422e+00
2.770639359951019287e-01
5.798268597573041916e-03
-5.969700813293457031e-01
-4.106693342328071594e-02
1.779512763023376465e-01
1.097793817520141602e+00
-9.941864609718322754e-01
1.417991757392883301e+00
3.933159410953521729e-01
3.832236528396606445e-01
1.485136002302169800e-01
-2.319180011749267578e+00
1.065914154052734375e+00
-1.436777591705322266e+00
5.446543097496032715e-01
1.399576425552368164e+00
