6.328116655349731445e-01
1.610625768080353737e-03
1.340202212333679199e+00
1.623115241527557373e-01
3.237670361995697021e-01
1.215051531791687012e+00
2.921876907348632812e-01
-2.562914742156863213e-03
1.932750269770622253e-02
-4.692926595453172922e-04
1.823708973824977875e-02
5.071486812084913254e-03
-5.092359147965908051e-03
-1.784827001392841339e-02
2.503089606761932373e-02
1.695189438760280609e-02
2.185315825045108795e-02
-5.088942125439643860e-03
-3.541616257280111313e-03
-1.457343716174364090e-02
3.643607196863740683e-04
-1.222573127597570419e-02
1.246243715286254883e-02
1.081963442265987396e-02
-6.278228247538208961e-04
-1.086830720305442810e-02
1.858460344374179840e-02
-1.572250574827194214e-02
4.173920024186372757e-03
-1.106304768472909927e-02
4.134811460971832275e-03
2.920078039169311523e+00
4.829108238220214844e+00
5.128580570220947266e+00
1.153696823120117188e+01
1.587388420104980469e+01
1.788649368286132812e+01
-1.014329940080642700e-01
1.026068069040775299e-02
7.145551592111587524e-02
-3.080118447542190552e-02
-9.397186338901519775e-02
3.776982054114341736e-02
5.303815379738807678e-02
-6.092894449830055237e-02
1.516976505517959595e-01
1.463236007839441299e-02
-4.754186421632766724e-02
-2.764350362122058868e-02
-4.936323314905166626e-02
-8.108672499656677246e-02
9.465644136071205139e-03
4.865783080458641052e-02
-6.739833392202854156e-03
-5.922646075487136841e-02
2.285490930080413818e-02
-2.609246224164962769e-02
-3.884572535753250122e-02
-1.578987017273902893e-02
-7.051074504852294922e-02
5.338070914149284363e-02
-5.980529636144638062e-02
1.522082835435867310e-01
9.124536998569965363e-03
3.891368955373764038e-02
-4.090942069888114929e-02
1.063173934817314148e-01
-3.908443823456764221e-02
-7.772229611873626709e-02
6.248187739402055740e-03
7.411606609821319580e-02
9.865503758192062378e-02
-1.235124990344047546e-01
7.207454741001129150e-02
-1.736546680331230164e-02
-1.213486343622207642e-01
1.469791680574417114e-02
-3.859164565801620483e-02
9.891252033412456512e-03
1.703304201364517212e-01
-3.150600567460060120e-02
1.112062484025955200e-01
-9.782399982213973999e-02
-5.674488469958305359e-02
2.549073100090026855e-02
-1.825196295976638794e-01
-1.138341650366783142e-01
-1.271043866872787476e-01
1.086409837007522583e-01
-2.541366964578628540e-02
-2.290760166943073273e-02
-6.988888233900070190e-02
6.858779489994049072e-02
-3.845394402742385864e-02
2.116651739925146103e-03
-1.849631965160369873e-02
-7.296272367238998413e-02
-1.819203794002532959e-02
1.521339640021324158e-02
4.468915611505508423e-02
-1.601092815399169922e-01
1.328852623701095581e-01
4.201915860176086426e-02
1.076560616493225098e-01
-2.402599342167377472e-02
-5.985517799854278564e-02
-1.379463821649551392e-02
-1.058410927653312683e-01
-3.525593131780624390e-02
8.146521635353565216e-03
-4.304174333810806274e-02
3.865880519151687622e-02
-4.262432083487510681e-02
3.028412535786628723e-02
7.393614947795867920e-02
-1.270911544561386108e-01
-2.783043496310710907e-02
2.348623238503932953e-02
7.309820502996444702e-02
-1.556632574647665024e-03
6.675907224416732788e-02
-2.989534139633178711e+00
-2.994364023208618164e+00
-1.156384587287902832e+00
-1.664663434028625488e+00
9.567103385925292969e-01
6.571533083915710449e-01
6.621131896972656250e-01
-2.889444112777709961e+00
8.701663613319396973e-01
-5.713153481483459473e-01
-1.544503211975097656e+00
-1.058717370033264160e+00
-1.592961072921752930e+00
-3.987422466278076172e+00
4.334374964237213135e-01
-4.283904433250427246e-01
5.129574775695800781e+00
4.413929939270019531e+00
1.761698164045810699e-02
1.949189066886901855e+00
-2.920594692230224609e+00
1.232946038246154785e+00
-4.156281352043151855e-01
1.475554704666137695e-01
1.729718297719955444e-01
2.593789696693420410e-01
-5.408981442451477051e-01
-6.814062595367431641e-01
2.895293831825256348e-01
-5.356357693672180176e-01
-7.545211911201477051e-01
4.355415701866149902e-02
-2.299466133117675781e-01
9.109091162681579590e-01
-6.578216701745986938e-02
-4.093599617481231689e-01
-4.792823642492294312e-02
-2.150031179189682007e-01
-4.883660376071929932e-01
-9.651803970336914062e-01
-5.846523120999336243e-02
4.113468825817108154e-01
1.106832861900329590e+00
-6.485872268676757812e-01
6.913782954216003418e-01
-4.238727390766143799e-01
2.466266155242919922e+00
1.447088360786437988e+00
1.958071351051330566e+00
6.605004668235778809e-01
-8.999662399291992188e-01
4.013014733791351318e-01
-7.741029858589172363e-01
7.702192068099975586e-01
-1.940976828336715698e-01
3.318999052047729492e+00
-1.006325930356979370e-01
-1.767074108123779297e+00
8.539390563964843750e-01
4.857966676354408264e-02
1.714869141578674316e+00
-1.286118507385253906e+00
-2.655681371688842773e+00
2.524077892303466797e-01
-1.596318483352661133e-01
-2.299240976572036743e-01
-8.836741447448730469e-01
1.205169707536697388e-01
-4.927106797695159912e-01
-2.813047409057617188e+00
1.275276690721511841e-01
-5.067502260208129883e-01
4.938576519489288330e-01
2.799136340618133545e-01
8.335174322128295898e-01
-7.047345042228698730e-01
-2.044350951910018921e-01
-2.196404337882995605e-01
6.250049471855163574e-01
-1.169464349746704102e+00
7.146350741386413574e-01
9.378390312194824219e-01
-2.822642326354980469e+00
4.291485786437988281e+00
2.862446568906307220e-02
-5.914075300097465515e-04
1.168851740658283234e-03
2.780848648399114609e-03
-3.741611493751406670e-03
-2.153075456619262695e+00
-2.550223112106323242e+00
-1.685080647468566895e+00
-1.955371499061584473e+00
