5.042800307273864746e-01
9.445945918560028076e-02
-2.849155850708484650e-02
1.200561404228210449e+00
8.965734392404556274e-02
4.533169865608215332e-01
1.369396328926086426e+00
4.070313870906829834e-01
8.826019614934921265e-02
4.262845516204833984e-01
2.590704895555973053e-02
-4.011481069028377533e-03
-9.954625274986028671e-04
-4.583492502570152283e-02
7.216998934745788574e-02
1.198827661573886871e-02
3.614914044737815857e-02
-3.213639184832572937e-02
-1.141257025301456451e-02
-8.192590437829494476e-03
2.756713330745697021e-02
-4.692443832755088806e-02
-2.050020266324281693e-03
3.562546148896217346e-02
2.504882030189037323e-02
4.807138815522193909e-02
1.750395819544792175e-02
-7.670741062611341476e-03
5.120799178257584572e-04
-7.481307256966829300e-03
-1.991514861583709717e-02
-1.606940105557441711e-02
2.362922579050064087e-02
-9.479562751948833466e-03
4.382896050810813904e-02
4.620945546776056290e-03
5.904694087803363800e-03
-1.421911269426345825e-02
1.270169671624898911e-02
9.715180844068527222e-03
1.544712204486131668e-02
-1.177834160625934601e-02
1.964229345321655273e-02
1.113008800894021988e-02
6.213739514350891113e-03
1.449742633849382401e-02
-2.433907007798552513e-03
-1.402629632502794266e-02
2.369554527103900909e-02
3.056096285581588745e-02
-3.273708373308181763e-02
8.883581161499023438e-01
2.833197116851806641e+00
4.840888023376464844e+00
4.895820140838623047e+00
1.153081893920898438e+01
1.589776992797851562e+01
2.525909805297851562e+01
2.725156021118164062e+01
2.918220520019531250e+01
3.133063888549804688e+01
-3.773149102926254272e-02
9.282908588647842407e-02
-9.517066180706024170e-03
-5.741920694708824158e-02
1.040163263678550720e-01
-6.261094659566879272e-02
-3.793985024094581604e-02
-4.380849748849868774e-02
2.228486165404319763e-02
-1.086343452334403992e-02
1.331091392785310745e-02
-4.110745340585708618e-02
1.398701034486293793e-02
-2.223998866975307465e-02
-8.297353982925415039e-02
6.618021056056022644e-03
-5.157365649938583374e-02
2.903955988585948944e-02
6.696914881467819214e-02
8.050079643726348877e-02
1.318972557783126831e-01
-2.850777283310890198e-02
6.334361433982849121e-02
3.568829596042633057e-02
-1.632340550422668457e-01
-6.627948582172393799e-02
-2.046325616538524628e-02
7.814970612525939941e-02
7.652136683464050293e-02
-1.007453165948390961e-02
-2.263842336833477020e-02
5.924873799085617065e-02
6.392537802457809448e-02
8.027780055999755859e-02
1.247405447065830231e-02
1.883167400956153870e-02
-6.687321513891220093e-02
2.553994581103324890e-02
7.320970296859741211e-02
6.580001674592494965e-03
1.869530230760574341e-02
-1.783824898302555084e-02
5.843745917081832886e-02
6.211647763848304749e-02
-4.487636033445596695e-03
5.665947869420051575e-02
-1.139842197299003601e-01
-2.100816555321216583e-02
-4.004114121198654175e-02
3.086910350248217583e-03
-8.268237113952636719e-03
2.817982994019985199e-02
-5.324983596801757812e-02
7.016697525978088379e-02
5.418304726481437683e-02
-1.040608715265989304e-02
-3.933533653616905212e-02
4.875313490629196167e-02
-6.254441291093826294e-02
-5.684586241841316223e-02
9.136448614299297333e-03
-3.689099103212356567e-03
-3.196461871266365051e-02
-4.622542485594749451e-02
-3.803748264908790588e-02
1.409724354743957520e-01
1.322227120399475098e-01
-1.240475997328758240e-01
1.353066712617874146e-01
1.209922432899475098e-01
6.638835370540618896e-02
3.261060640215873718e-02
-5.273229442536830902e-03
-1.027063354849815369e-01
5.308255180716514587e-02
-1.438112854957580566e-01
-9.800961613655090332e-02
-1.095424965023994446e-01
5.441803950816392899e-03
1.137780994176864624e-01
6.017790362238883972e-02
-1.404602453112602234e-02
1.818913593888282776e-02
4.549867659807205200e-02
-4.106386005878448486e-02
1.680496707558631897e-02
-4.839722439646720886e-02
1.319908648729324341e-01
-2.070497535169124603e-02
1.850370168685913086e-01
2.572656143456697464e-03
9.488478302955627441e-02
1.091274544596672058e-01
1.028890162706375122e-01
2.333100512623786926e-02
-6.612236052751541138e-02
2.123010903596878052e-02
-1.153703927993774414e-01
1.146758571267127991e-01
4.457955434918403625e-02
-1.634435802698135376e-01
4.594419896602630615e-02
-9.438359737396240234e-02
5.082602426409721375e-02
-3.119402378797531128e-02
1.372878719121217728e-02
-8.368311077356338501e-02
-5.652383342385292053e-02
2.422318235039710999e-02
9.971470385789871216e-02
-4.181318357586860657e-02
-1.035519763827323914e-01
-1.245837379246950150e-02
-6.978437304496765137e-02
-2.486299164593219757e-02
5.876592826098203659e-03
2.578919194638729095e-02
1.110680960118770599e-02
-7.092987746000289917e-02
-7.777997106313705444e-02
-2.735844999551773071e-02
2.250524424016475677e-02
5.589947849512100220e-02
-8.381851017475128174e-02
1.466402411460876465e-02
3.666727244853973389e-02
-1.419434556737542152e-04
3.409283235669136047e-02
-3.758145868778228760e-02
1.196663379669189453e-01
-8.188974112272262573e-03
-1.697824709117412567e-02
-7.067627459764480591e-02
1.283893594518303871e-03
-2.536712773144245148e-02
-1.629984006285667419e-02
-6.825734674930572510e-02
2.276614680886268616e-02
-8.035691082477569580e-02
-1.521003991365432739e-01
-7.278490066528320312e-02
4.610830172896385193e-02
-1.278086565434932709e-02
2.913189120590686798e-02
1.668927520513534546e-01
1.306614372879266739e-02
-3.298467397689819336e-02
-1.614466123282909393e-02
-1.125026419758796692e-01
8.390336483716964722e-02
-2.064118534326553345e-02
-5.797562375664710999e-02
-9.324749931693077087e-03
-4.024859890341758728e-02
6.818120181560516357e-02
-2.144788764417171478e-02
-7.693251222372055054e-02
1.133982837200164795e-01
-5.753192678093910217e-02
-3.030391409993171692e-02
4.797194525599479675e-02
6.035705655813217163e-02
6.168477237224578857e-02
-1.636592298746109009e-02
-1.618826948106288910e-02
3.934246487915515900e-03
4.728258587419986725e-03
4.094081372022628784e-02
1.061492413282394409e-01
-4.986689239740371704e-02
9.394829161465167999e-03
-3.677443787455558777e-02
2.536905929446220398e-02
-1.111484598368406296e-02
1.517715454101562500e-01
7.090077549219131470e-02
8.727072179317474365e-02
-8.956542611122131348e-02
-5.417011678218841553e-02
6.502169370651245117e-02
-2.548025455325841904e-03
4.988523200154304504e-02
5.345579609274864197e-02
-4.467884451150894165e-02
-8.297268301248550415e-03
-7.517408579587936401e-02
-9.795357286930084229e-02
-1.186386644840240479e-01
-4.178064316511154175e-02
3.242666646838188171e-02
2.610274776816368103e-02
-9.779620170593261719e-02
6.517995893955230713e-02
-1.074912324547767639e-01
8.129414170980453491e-02
6.294227391481399536e-02
4.977897927165031433e-02
5.666996166110038757e-02
-8.642214536666870117e-02
3.458325192332267761e-02
-6.724204123020172119e-02
2.135794609785079956e-02
5.741574987769126892e-02
5.452785268425941467e-02
-2.721296995878219604e-02
6.133284047245979309e-02
-3.345046564936637878e-02
-8.320178836584091187e-02
1.234259679913520813e-01
-2.106665261089801788e-02
6.067901104688644409e-02
-2.871700935065746307e-02
-7.656180299818515778e-03
-5.071855615824460983e-03
2.001679129898548126e-02
1.659053862094879150e-01
6.605314463376998901e-02
-9.957399219274520874e-03
-3.752605617046356201e-02
-2.348334342241287231e-02
4.210719168186187744e-01
5.940133333206176758e-01
2.060486078262329102e-01
-1.403288364410400391e+00
-7.533834576606750488e-01
8.554778993129730225e-02
-1.377627968788146973e+00
1.636209338903427124e-02
-8.189370036125183105e-01
5.511674880981445312e-01
3.911514878273010254e-01
1.319275379180908203e+00
1.050682067871093750e+00
-1.244951844215393066e+00
-2.346917241811752319e-01
2.753193974494934082e-01
2.681032419204711914e-01
-3.925245702266693115e-01
8.488047719001770020e-01
-4.227354824542999268e-01
-4.641522169113159180e-01
4.619955122470855713e-01
-6.659684330224990845e-02
1.732752658426761627e-02
6.774466633796691895e-01
-3.169204592704772949e-01
1.287536144256591797e+00
-6.575565934181213379e-01
7.826566100120544434e-01
-4.754419252276420593e-02
-9.508867859840393066e-01
4.233516380190849304e-02
-1.160496592521667480e+00
1.364765048027038574e+00
-5.473905205726623535e-01
-3.940346240997314453e-01
-1.753254532814025879e-01
-7.306619882583618164e-01
-1.110785126686096191e+00
-1.618993282318115234e-01
-6.207729578018188477e-01
-1.006719768047332764e-01
-6.886716932058334351e-02
-9.666685461997985840e-01
-3.592295944690704346e-01
5.919676423072814941e-01
-3.132342398166656494e-01
1.550015926361083984e+00
-1.287682414054870605e+00
-1.185214594006538391e-01
-1.302183568477630615e-01
-1.304484158754348755e-01
1.011990070343017578e+00
-4.912742674350738525e-01
-9.096276760101318359e-01
9.495993256568908691e-01
-4.616213142871856689e-01
-4.772770404815673828e-02
-9.923759102821350098e-02
-1.544634103775024414e-01
-3.692848607897758484e-02
7.819510251283645630e-02
-8.840262889862060547e-02
4.905691742897033691e-02
-4.890352487564086914e-01
1.836974173784255981e-01
-1.286848336458206177e-01
1.572010219097137451e-01
-3.022391721606254578e-02
-2.372716814279556274e-01
-6.165527552366256714e-02
2.518018782138824463e-01
-1.483252942562103271e-01
1.429912000894546509e-01
9.290689826011657715e-01
3.012812137603759766e-01
1.225223988294601440e-01
4.913130402565002441e-02
-6.473658680915832520e-01
4.301970005035400391e-01
-9.412224404513835907e-03
3.474653661251068115e-01
-6.635462492704391479e-02
1.141162291169166565e-01
2.749795615673065186e-01
3.324473649263381958e-02
-5.307042598724365234e-02
1.443413048982620239e-01
-1.870870739221572876e-01
-9.720364212989807129e-02
-1.959290355443954468e-01
-1.011084765195846558e-01
2.406311333179473877e-01
1.464744806289672852e-01
-1.597964018583297729e-01
-1.002711430191993713e-01
1.007789224386215210e-01
4.043845236301422119e-01
-3.554773330688476562e-02
6.440239399671554565e-02
3.225772678852081299e-01
-1.757467687129974365e-01
-4.026279151439666748e-01
-4.320088326930999756e-01
-8.828349411487579346e-02
-2.437627166509628296e-01
2.713198028504848480e-02
-6.042617559432983398e-01
5.918633565306663513e-02
-9.233689308166503906e-01
1.280317425727844238e+00
7.417810559272766113e-01
-1.629273295402526855e-01
8.660479187965393066e-01
1.531852185726165771e-01
1.212849020957946777e+00
1.107663869857788086e+00
6.575680971145629883e-01
-1.296151757240295410e+00
-4.458888173103332520e-01
-1.249568462371826172e+00
-7.122110128402709961e-01
7.739645838737487793e-01
9.607861042022705078e-01
5.746850967407226562e-01
-1.906854510307312012e+00
-7.362464666366577148e-01
-7.368380427360534668e-01
-1.539270877838134766e+00
6.865377426147460938e-01
1.057085990905761719e-01
1.614112854003906250e-01
-3.450362086296081543e-01
-1.007183670997619629e+00
-3.419294059276580811e-01
4.183081388473510742e-01
-5.699870586395263672e-01
3.847298324108123779e-01
2.072103172540664673e-01
-3.559008240699768066e-01
-6.559912860393524170e-02
4.214912950992584229e-01
1.399106740951538086e+00
-7.371311634778976440e-02
-2.310940742492675781e+00
-3.830778896808624268e-01
-8.708365261554718018e-02
9.398450255393981934e-01
-3.525158762931823730e-01
-1.602785825729370117e+00
6.425263285636901855e-01
-2.006723433732986450e-01
-8.134082555770874023e-01
-9.373331069946289062e-02
9.263414144515991211e-01
-2.412303090095520020e-01
-4.574938490986824036e-02
7.523359060287475586e-01
6.045469641685485840e-01
-4.606233835220336914e-01
-1.160872459411621094e+00
-2.858311235904693604e-01
4.523068666458129883e-01
9.338392615318298340e-01
-1.421576857566833496e+00
1.400458663702011108e-01
-5.045415461063385010e-02
-1.946239620447158813e-01
2.335673570632934570e-02
-2.579809725284576416e-01
1.726496666669845581e-01
7.804399728775024414e-02
-4.125212877988815308e-02
-5.541484951972961426e-01
-1.060979664325714111e-01
2.375834435224533081e-01
2.335058897733688354e-01
-1.155294850468635559e-01
1.658018827438354492e-01
-1.175490766763687134e-01
-1.927056163549423218e-02
1.232136189937591553e-01
2.089812457561492920e-01
1.539416611194610596e-01
-1.194624509662389755e-02
-4.604893736541271210e-03
1.103052049875259399e-01
4.748178273439407349e-02
-3.233238309621810913e-02
1.586049981415271759e-02
-2.619441151618957520e-01
2.230043895542621613e-02
-5.510888993740081787e-02
-7.924365997314453125e-02
4.596357047557830811e-02
1.753574311733245850e-01
-8.661772310733795166e-02
-3.872521594166755676e-02
-9.121298789978027344e-02
1.465383321046829224e-01
-1.540737450122833252e-01
4.908595234155654907e-03
4.920327290892601013e-02
1.323691159486770630e-01
6.661757081747055054e-02
1.552086174488067627e-01
5.185616016387939453e-02
-7.405608147382736206e-02
1.079222932457923889e-01
2.783121727406978607e-02
-1.034072227776050568e-02
-3.002100624144077301e-02
-4.205059632658958435e-02
-1.767795719206333160e-02
-1.052274703979492188e-01
-8.658926934003829956e-02
-5.244563519954681396e-02
-4.847906827926635742e-01
-2.522668540477752686e-01
-1.638040244579315186e-01
2.153745293617248535e-01
-2.133392554242163897e-04
-7.923683369881473482e-06
1.428183051757514477e-03
-5.637535825371742249e-03
-2.486095666885375977e+00
-1.872725248336791992e+00
-1.982614398002624512e+00
-1.109919846057891846e-01
