# Re(EQRPA)	Im(Strength)
0.000000e+00	3.456296e-01
1.500000e-01	4.350153e-01
3.000000e-01	5.631894e-01
4.500000e-01	7.556816e-01
6.000000e-01	1.061576e+00
7.500000e-01	1.583226e+00
9.000000e-01	2.550072e+00
1.050000e+00	4.473361e+00
1.200000e+00	7.949054e+00
1.350000e+00	1.011173e+01
1.500000e+00	7.001398e+00
1.650000e+00	3.881971e+00
1.800000e+00	2.256142e+00
1.950000e+00	1.429171e+00
2.100000e+00	9.737234e-01
2.250000e+00	7.017383e-01
2.400000e+00	5.280509e-01
2.550000e+00	4.110173e-01
2.700000e+00	3.286821e-01
2.850000e+00	2.686936e-01
3.000000e+00	2.237063e-01
3.150000e+00	1.891367e-01
3.300000e+00	1.620556e-01
3.450000e+00	1.404734e-01
3.600000e+00	1.229549e-01
3.750000e+00	1.086387e-01
3.900000e+00	9.679371e-02
4.050000e+00	8.691124e-02
4.200000e+00	7.861413e-02
4.350000e+00	7.161897e-02
4.500000e+00	6.572202e-02
4.650000e+00	6.076730e-02
4.800000e+00	5.664896e-02
4.950000e+00	5.330237e-02
5.100000e+00	5.071168e-02
5.250000e+00	4.891203e-02
5.400000e+00	4.802146e-02
5.550000e+00	4.828033e-02
5.700000e+00	5.017077e-02
5.850000e+00	5.461237e-02
6.000000e+00	6.352444e-02
6.150000e+00	8.109544e-02
6.300000e+00	1.169222e-01
6.450000e+00	1.892610e-01
6.600000e+00	2.831756e-01
6.750000e+00	2.547315e-01
6.900000e+00	1.556576e-01
7.050000e+00	9.546160e-02
7.200000e+00	6.496179e-02
7.350000e+00	4.849846e-02
7.500000e+00	3.878468e-02
7.650000e+00	3.261037e-02
7.800000e+00	2.846711e-02
7.950000e+00	2.559559e-02
8.100000e+00	2.360932e-02
8.250000e+00	2.231026e-02
8.400000e+00	2.164808e-02
8.550000e+00	2.170560e-02
8.700000e+00	2.277472e-02
8.850000e+00	2.557164e-02
9.000000e+00	3.179783e-02
9.150000e+00	4.501924e-02
9.300000e+00	6.577351e-02
9.450000e+00	6.717605e-02
9.600000e+00	4.627671e-02
9.750000e+00	3.212452e-02
9.900000e+00	2.575422e-02
1.005000e+01	2.390893e-02
1.020000e+01	2.582024e-02
1.035000e+01	3.268052e-02
1.050000e+01	4.228091e-02
1.065000e+01	3.896284e-02
1.080000e+01	2.915713e-02
1.095000e+01	2.457940e-02
1.110000e+01	2.490858e-02
1.125000e+01	3.026851e-02
1.140000e+01	4.278371e-02
1.155000e+01	6.054614e-02
1.170000e+01	6.592478e-02
1.185000e+01	4.735927e-02
1.200000e+01	3.226316e-02
1.215000e+01	2.640144e-02
1.230000e+01	2.736087e-02
1.245000e+01	3.314042e-02
1.260000e+01	3.246372e-02
1.275000e+01	2.437844e-02
1.290000e+01	1.999711e-02
1.305000e+01	2.015590e-02
1.320000e+01	2.326127e-02
1.335000e+01	2.789881e-02
1.350000e+01	3.432980e-02
1.365000e+01	2.966347e-02
1.380000e+01	1.943563e-02
1.395000e+01	1.329079e-02
1.410000e+01	1.007189e-02
1.425000e+01	8.252542e-03
1.440000e+01	7.122748e-03
1.455000e+01	6.367843e-03
1.470000e+01	5.839158e-03
1.485000e+01	5.466939e-03
1.500000e+01	5.231533e-03
1.515000e+01	5.153028e-03
1.530000e+01	5.164274e-03
1.545000e+01	4.881379e-03
1.560000e+01	4.465466e-03
1.575000e+01	4.171908e-03
1.590000e+01	3.967321e-03
1.605000e+01	3.813175e-03
1.620000e+01	3.686577e-03
1.635000e+01	3.577487e-03
1.650000e+01	3.484003e-03
1.665000e+01	3.401473e-03
1.680000e+01	3.328564e-03
1.695000e+01	3.263148e-03
1.710000e+01	3.206471e-03
1.725000e+01	3.162492e-03
1.740000e+01	3.128763e-03
1.755000e+01	3.112914e-03
1.770000e+01	3.125163e-03
1.785000e+01	3.179944e-03
1.800000e+01	3.223027e-03
1.815000e+01	3.204090e-03
1.830000e+01	3.265786e-03
1.845000e+01	3.504787e-03
1.860000e+01	3.853783e-03
1.875000e+01	3.728263e-03
1.890000e+01	3.317505e-03
1.905000e+01	3.063603e-03
1.920000e+01	2.940613e-03
1.935000e+01	2.875408e-03
1.950000e+01	2.843302e-03
1.965000e+01	2.829999e-03
1.980000e+01	2.831063e-03
1.995000e+01	2.841926e-03
2.010000e+01	2.861927e-03
2.025000e+01	2.890406e-03
2.040000e+01	2.927435e-03
2.055000e+01	2.971314e-03
2.070000e+01	3.032380e-03
2.085000e+01	3.099165e-03
2.100000e+01	3.187422e-03
2.115000e+01	3.292222e-03
2.130000e+01	3.410977e-03
2.145000e+01	3.545439e-03
2.160000e+01	3.697687e-03
2.175000e+01	3.883095e-03
2.190000e+01	4.105359e-03
2.205000e+01	4.354785e-03
2.220000e+01	4.644882e-03
2.235000e+01	4.993374e-03
2.250000e+01	5.424865e-03
2.265000e+01	5.957431e-03
2.280000e+01	6.637192e-03
2.295000e+01	7.525581e-03
2.310000e+01	8.730863e-03
2.325000e+01	1.044994e-02
2.340000e+01	1.260898e-02
2.355000e+01	1.453345e-02
2.370000e+01	1.702884e-02
2.385000e+01	2.088206e-02
2.400000e+01	2.642353e-02
2.415000e+01	3.498823e-02
2.430000e+01	4.955302e-02
2.445000e+01	7.590668e-02
2.460000e+01	1.272310e-01
2.475000e+01	2.280097e-01
2.490000e+01	3.499551e-01
2.505000e+01	3.021866e-01
2.520000e+01	1.753323e-01
2.535000e+01	1.002892e-01
2.550000e+01	6.280917e-02
2.565000e+01	4.335484e-02
2.580000e+01	3.299339e-02
2.595000e+01	2.803604e-02
2.610000e+01	2.691420e-02
2.625000e+01	2.866483e-02
2.640000e+01	2.589094e-02
2.655000e+01	1.860767e-02
2.670000e+01	1.357078e-02
2.685000e+01	1.070462e-02
2.700000e+01	8.938652e-03
2.715000e+01	7.744942e-03
2.730000e+01	6.924760e-03
2.745000e+01	6.377412e-03
2.760000e+01	6.042438e-03
2.775000e+01	5.919645e-03
2.790000e+01	6.069438e-03
2.805000e+01	6.614921e-03
2.820000e+01	7.822776e-03
2.835000e+01	9.517054e-03
2.850000e+01	1.095453e-02
2.865000e+01	1.223080e-02
2.880000e+01	1.121647e-02
2.895000e+01	1.037387e-02
2.910000e+01	1.153528e-02
2.925000e+01	1.400176e-02
2.940000e+01	1.772920e-02
2.955000e+01	2.476703e-02
2.970000e+01	3.336919e-02
2.985000e+01	3.129716e-02
3.000000e+01	2.073455e-02
