5.486283898353576660e-01
-4.326045215129852295e-01
-1.930223554372787476e-01
1.224078655242919922e+00
7.774091362953186035e-01
1.329421639442443848e+00
4.840040802955627441e-01
1.638082414865493774e-02
3.524527847766876221e-01
5.400486290454864502e-03
8.236994966864585876e-03
-4.716409370303153992e-03
-2.595184929668903351e-02
-1.217784080654382706e-02
7.169679552316665649e-02
2.468721754848957062e-02
3.042597323656082153e-02
2.578521845862269402e-03
6.104733329266309738e-03
1.079718861728906631e-02
-5.062396638095378876e-03
1.023024972528219223e-02
-6.995189934968948364e-02
-3.075434267520904541e-02
-3.318244218826293945e-02
-3.479018341749906540e-03
-7.299657911062240601e-03
2.793295867741107941e-02
3.705405071377754211e-02
3.026532009243965149e-02
4.891247488558292389e-03
1.488618273288011551e-02
2.161597833037376404e-02
3.824228420853614807e-02
2.985101938247680664e-02
-3.346041962504386902e-02
-1.657336950302124023e-02
-2.135431021451950073e-02
2.699061064049601555e-03
-1.349055022001266479e-02
-1.659452100284397602e-03
7.119174003601074219e-01
2.921696662902832031e+00
4.838996887207031250e+00
1.155733966827392578e+01
1.589643764495849609e+01
2.530649566650390625e+01
2.727741050720214844e+01
2.931847572326660156e+01
-1.611895486712455750e-02
-1.019604206085205078e-01
-1.164368912577629089e-02
2.022758498787879944e-02
-3.672181442379951477e-02
9.180953493341803551e-04
-3.606373793445527554e-04
4.028702154755592346e-02
2.761443611234426498e-03
1.736822165548801422e-02
3.110719099640846252e-02
-3.240935131907463074e-02
3.599368780851364136e-02
1.019859164953231812e-01
2.797895111143589020e-02
-6.223900988698005676e-02
4.275137558579444885e-02
-5.272383615374565125e-02
1.235887990333139896e-03
-5.991565808653831482e-02
-2.421965124085545540e-03
-8.158404380083084106e-02
5.827052518725395203e-02
-1.313264966011047363e-01
9.626105427742004395e-03
-1.812492497265338898e-02
-4.528617486357688904e-02
-7.229200564324855804e-03
-7.992060482501983643e-02
-8.062419481575489044e-03
1.579629331827163696e-01
7.313552498817443848e-02
1.193976178765296936e-01
2.256609033793210983e-03
6.327703595161437988e-02
-1.337337680160999298e-02
-1.205109581351280212e-01
-4.245197772979736328e-02
-1.108972728252410889e-01
4.668846726417541504e-02
3.455267101526260376e-02
-7.360444869846105576e-04
-1.413271017372608185e-02
-3.113670833408832550e-02
5.297848209738731384e-02
7.105871289968490601e-02
5.065006203949451447e-03
-6.993566453456878662e-02
6.528260186314582825e-03
3.956552594900131226e-02
4.022945836186408997e-02
5.507402587682008743e-03
-1.874272711575031281e-02
1.634988002479076385e-02
1.264488697052001953e-01
6.549732387065887451e-02
-5.064913630485534668e-02
2.229098789393901825e-02
-4.514209553599357605e-02
4.739999026060104370e-02
3.423040360212326050e-02
-7.671684771776199341e-02
-7.304527610540390015e-02
-4.293228685855865479e-02
-6.231949478387832642e-02
3.689267858862876892e-02
-1.251934766769409180e-01
-3.880126774311065674e-02
-7.004191726446151733e-02
9.606937319040298462e-02
-4.894901998341083527e-03
-9.301057457923889160e-02
-9.724588692188262939e-02
1.155803073197603226e-02
1.898486539721488953e-02
1.820051297545433044e-02
-6.316886097192764282e-02
4.287610203027725220e-02
1.591092050075531006e-01
-9.775873273611068726e-02
9.814671427011489868e-02
-5.280979722738265991e-02
-1.689345203340053558e-02
6.310260295867919922e-02
-4.205737262964248657e-02
-2.037315070629119873e-01
-4.445696994662284851e-02
-1.307855546474456787e-01
1.252895686775445938e-02
-1.144095882773399353e-01
-6.915506720542907715e-02
5.080098286271095276e-02
1.977770924568176270e-01
-2.730376459658145905e-02
9.072759002447128296e-02
7.432274520397186279e-02
3.324858844280242920e-02
3.534818068146705627e-02
-3.066836670041084290e-02
1.092198267579078674e-01
2.931438386440277100e-02
7.099635154008865356e-02
-4.165317490696907043e-02
3.788894042372703552e-02
1.224245950579643250e-01
4.606010392308235168e-02
-4.201786592602729797e-02
-1.789020188152790070e-02
-7.141686230897903442e-02
-4.949012398719787598e-02
1.234228834509849548e-01
-1.038882061839103699e-01
-1.842349171638488770e-01
4.843244329094886780e-02
-3.246251260861754417e-03
-2.682935819029808044e-02
5.849080160260200500e-02
-7.083533331751823425e-03
2.470472594723105431e-03
2.600763179361820221e-02
1.523097697645425797e-02
1.718959212303161621e-02
2.996487356722354889e-02
-1.187534034252166748e-01
-6.892568618059158325e-02
3.583946451544761658e-02
-5.847264453768730164e-02
-3.823293000459671021e-02
-4.961767420172691345e-02
-4.126937687397003174e-02
6.013722624629735947e-03
-6.786667555570602417e-02
-5.798501521348953247e-02
3.156244009733200073e-02
-3.034626878798007965e-02
-1.081678420305252075e-01
-1.006446033716201782e-02
5.468184594064950943e-03
2.545012161135673523e-02
4.478324204683303833e-02
6.536485254764556885e-02
1.359900236129760742e-01
8.716304786503314972e-03
3.263552486896514893e-02
2.666115462779998779e-01
1.295161843299865723e-01
4.388529658317565918e-01
1.366387128829956055e+00
-5.973639488220214844e-01
-1.013020873069763184e+00
4.549866616725921631e-01
-4.576265811920166016e-01
-1.556830883026123047e+00
1.112157821655273438e+00
7.017492651939392090e-01
1.857654452323913574e-01
7.799105644226074219e-01
-9.014885425567626953e-01
2.897343337535858154e-01
-3.787128925323486328e-01
-1.062694549560546875e+00
-1.388378500938415527e+00
-5.949446558952331543e-01
-8.870245218276977539e-01
-5.080075860023498535e-01
7.940429449081420898e-01
1.014662146568298340e+00
8.543601632118225098e-01
6.528416872024536133e-01
-6.856046915054321289e-01
2.159940898418426514e-01
-9.520409703254699707e-01
7.960643619298934937e-02
9.750986695289611816e-01
-8.773287534713745117e-01
5.655511617660522461e-01
1.732643842697143555e+00
1.165023446083068848e+00
1.711888790130615234e+00
3.027544319629669189e-01
-6.223603710532188416e-02
-1.117939800024032593e-01
-1.200985908508300781e-01
-3.534565493464469910e-02
1.318700462579727173e-01
9.159370511770248413e-02
9.568185359239578247e-02
3.441089019179344177e-02
3.358879685401916504e-02
-5.457010492682456970e-02
-1.448646485805511475e-01
1.189365610480308533e-01
-3.273810818791389465e-02
2.135488241910934448e-01
5.385049059987068176e-02
-3.026432693004608154e-01
-1.411940306425094604e-01
7.071777582168579102e-01
2.734258174896240234e-01
1.953250020742416382e-01
-1.284856349229812622e-01
1.149394316598773003e-03
3.160058557987213135e-01
-1.001234427094459534e-01
5.889165773987770081e-02
-1.249410435557365417e-01
-6.468477845191955566e-01
-8.261018246412277222e-02
-3.022719919681549072e-01
1.842582970857620239e-01
1.516977138817310333e-02
2.900599539279937744e-01
-1.220764443278312683e-01
2.937384247779846191e-01
1.814524233341217041e-01
-1.149892285466194153e-01
1.323159039020538330e-01
1.814719885587692261e-01
-2.667212188243865967e-01
-6.669622063636779785e-01
-5.884620547294616699e-01
1.455580472946166992e+00
-2.823258936405181885e-01
7.316510677337646484e-01
-6.886040568351745605e-01
-1.890847325325012207e+00
-9.781528115272521973e-01
-1.586899161338806152e+00
-2.481102943420410156e+00
3.345285058021545410e-01
-1.581658124923706055e+00
-4.311058223247528076e-01
-8.441389799118041992e-01
-1.431516289710998535e+00
-9.021932631731033325e-02
3.503980040550231934e-01
7.415062934160232544e-02
-2.661821842193603516e-01
-1.334890723228454590e+00
-6.724461913108825684e-01
4.627861082553863525e-01
1.581557631492614746e+00
2.738637328147888184e-01
8.620575815439224243e-02
1.662318468093872070e+00
8.451848626136779785e-01
2.185452938079833984e+00
5.500116348266601562e-01
-8.304527997970581055e-01
-1.181714892387390137e+00
4.687584936618804932e-01
-3.460452854633331299e-01
3.302271962165832520e-01
1.586977392435073853e-01
-3.327344357967376709e-01
-7.414816319942474365e-02
-4.165167808532714844e-01
3.121332824230194092e-01
-5.310620665550231934e-01
-4.512259736657142639e-02
-9.652914479374885559e-03
-1.352878361940383911e-01
-3.641119897365570068e-01
-4.722129404544830322e-01
-2.161205746233463287e-02
4.383758082985877991e-02
1.038075685501098633e-01
2.861108541488647461e+00
-2.602520465850830078e+00
-1.203252911567687988e+00
-2.018950223922729492e+00
-1.060291647911071777e+00
-1.068051934242248535e+00
-1.476833783090114594e-02
-8.814308643341064453e-01
4.056193530559539795e-01
-7.891967296600341797e-01
5.111186504364013672e-01
-4.050974920392036438e-02
5.621857047080993652e-01
-1.388755559921264648e+00
-8.407874107360839844e-01
1.917102001607418060e-02
-1.771683841943740845e-01
-5.820047855377197266e-01
-3.235008120536804199e-01
6.887527555227279663e-02
4.675291776657104492e-01
1.622615009546279907e-01
4.370444221422076225e-04
4.219849361106753349e-04
3.743971465155482292e-03
-8.057714439928531647e-03
-2.651729822158813477e+00
2.023600190877914429e-01
-2.459182262420654297e+00
-1.959386587142944336e+00
