1.554518938064575195e-01
2.317247092723846436e-01
4.385280609130859375e-02
2.120208442211151123e-01
2.390616238117218018e-01
2.122461199760437012e-01
1.088343784213066101e-01
1.645095348358154297e-01
-4.670672491192817688e-02
-2.815999090671539307e-02
-1.859418004751205444e-01
-3.082927083596587181e-03
1.978378593921661377e-01
-2.583858184516429901e-02
3.160797357559204102e-01
5.625876411795616150e-02
2.880676984786987305e-01
3.325879275798797607e-01
2.905056774616241455e-01
1.449953019618988037e-01
2.245946973562240601e-01
-6.708244979381561279e-02
-4.626327753067016602e-02
-2.530892193317413330e-01
-7.792813237756490707e-03
2.782429158687591553e-01
-3.660020977258682251e-02
-6.456547882407903671e-03
-9.190303971990942955e-04
-5.682088900357484818e-03
1.864108489826321602e-03
-9.848737157881259918e-03
-3.333276545163244009e-04
6.037430372089147568e-03
3.947747871279716492e-03
-1.818764023482799530e-02
-2.318125218152999878e-03
3.843280719593167305e-03
1.176293846219778061e-02
5.987629410810768604e-04
1.277516174316406250e+01
1.306641483306884766e+01
1.549660491943359375e+01
1.396740436553955078e+01
2.030876922607421875e+01
2.592040443420410156e+01
2.637911224365234375e+01
2.398035812377929688e+01
3.178485679626464844e+01
2.659662055969238281e+01
2.945810890197753906e+01
2.650784111022949219e+01
2.921299552917480469e+01
4.803942143917083740e-01
-5.401110649108886719e-01
1.646124571561813354e-01
-3.361473321914672852e+00
2.676154971122741699e-01
-2.398087501525878906e+00
1.112282037734985352e+00
-7.669057369232177734e+00
-6.785328865051269531e+00
-9.746859669685363770e-01
-2.113512516021728516e+00
1.856778144836425781e+00
-1.054273605346679688e+00
-7.062907814979553223e-01
-6.862935423851013184e-02
-2.904835700988769531e+00
1.947925388813018799e-01
-2.047123908996582031e+00
4.391858577728271484e-01
-2.317614078521728516e+00
-1.143916726112365723e+00
-3.135942459106445312e+00
7.249985933303833008e-01
2.753407061100006104e-01
-1.520072460174560547e+00
-4.427196979522705078e-01
-1.177225112915039062e+00
6.208441853523254395e-01
-2.750871181488037109e-01
-1.558941602706909180e+00
3.243673443794250488e-01
-7.060887813568115234e-01
5.564960837364196777e-01
-2.727067708969116211e+00
4.404269158840179443e-01
8.478648662567138672e-01
-2.510488986968994141e+00
1.801350951194763184e+00
8.672696948051452637e-01
9.917870759963989258e-01
6.605022549629211426e-01
-2.308749109506607056e-01
3.199449300765991211e+00
-7.329192638397216797e+00
2.698753595352172852e+00
5.675869941711425781e+00
-1.738771945238113403e-01
-9.794940054416656494e-02
1.223678588867187500e+00
1.760005503892898560e-01
9.060434699058532715e-01
-6.385461688041687012e-01
1.044752836227416992e+00
3.414357304573059082e-01
-2.868708670139312744e-01
-1.399296283721923828e+00
4.958466589450836182e-01
1.948774695396423340e+00
1.079950258135795593e-01
-1.480275839567184448e-01
2.936091661453247070e+00
-6.080464720726013184e-01
7.169352173805236816e-01
-1.655260205268859863e+00
-8.379536271095275879e-01
1.218265652656555176e+00
-9.985218197107315063e-02
-9.059355258941650391e-01
1.270885944366455078e+00
-1.437216848134994507e-01
2.638168632984161377e-01
-3.550109624862670898e+00
-2.493037581443786621e-01
2.684082090854644775e-01
1.235195279121398926e+00
-2.268369674682617188e+00
-6.114621162414550781e+00
-1.854180812835693359e+00
-4.025039374828338623e-01
1.099245667457580566e+00
-2.460573434829711914e+00
-1.204325318336486816e+00
6.434373259544372559e-01
-1.296716928482055664e+00
-2.369580268859863281e+00
-4.271962165832519531e+00
1.226804614067077637e+00
2.669984817504882812e+00
-2.591139674186706543e-01
-1.576750993728637695e+00
-2.793229579925537109e+00
-2.051489114761352539e+00
1.292021989822387695e+00
1.877384424209594727e+00
7.237238883972167969e-01
-1.474987387657165527e+00
2.287029266357421875e+00
1.888429641723632812e+00
1.375135421752929688e+00
-2.746587514877319336e+00
3.612867355346679688e+00
2.423256397247314453e+00
2.073232412338256836e+00
3.736719846725463867e+00
-1.372091889381408691e+00
-1.362955689430236816e+00
-2.527959346771240234e-01
-1.161397218704223633e+00
8.377087116241455078e-01
-1.088232755661010742e+00
-1.210139393806457520e+00
3.620089054107666016e+00
-2.457379817962646484e+00
-2.562251567840576172e+00
1.075059533119201660e+00
-3.322654366493225098e-01
-1.325213074684143066e+00
-5.666920542716979980e-01
8.463466167449951172e-02
-4.208146929740905762e-01
-6.123940944671630859e-01
-1.793851494789123535e+00
1.155758023262023926e+00
-2.707307100296020508e+00
-1.127663135528564453e+00
7.853730320930480957e-01
-4.861708283424377441e-01
3.936526477336883545e-01
1.424197316169738770e+00
-2.052392005920410156e+00
2.612695693969726562e-01
-5.030154585838317871e-01
-8.193461596965789795e-02
-4.932785928249359131e-01
5.037669539451599121e-01
-2.786815404891967773e+00
-3.510823965072631836e+00
-1.345490664243698120e-01
-6.866727471351623535e-01
4.632441103458404541e-01
-1.208888366818428040e-01
3.340266942977905273e-01
-7.824146747589111328e-01
1.065032839775085449e+00
9.209989309310913086e-01
-8.118394017219543457e-01
1.420325994491577148e+00
2.868039011955261230e-01
9.158295392990112305e-01
8.348270058631896973e-01
1.438213586807250977e-01
-6.635932326316833496e-01
-3.551902472972869873e-01
7.459894404746592045e-04
-1.945863068103790283e-01
6.017973423004150391e-01
1.199968695640563965e+00
9.162091463804244995e-02
-2.082798928022384644e-01
6.275619268417358398e-01
-1.486970484256744385e-01
2.777878046035766602e-01
1.656495183706283569e-01
4.497586190700531006e-02
7.826504707336425781e-01
9.024103730916976929e-02
-5.135604143142700195e-01
2.148334503173828125e+00
1.715708613395690918e+00
2.432471066713333130e-01
1.988979935646057129e+00
-3.170241713523864746e-01
-1.324806332588195801e+00
-1.610471904277801514e-01
6.167623996734619141e-01
5.110408365726470947e-02
1.166265249252319336e+00
-5.211762785911560059e-01
-2.239839792251586914e+00
-6.525098532438278198e-02
2.009933948516845703e+00
4.356260299682617188e+00
-4.592973291873931885e-01
6.810690760612487793e-01
6.645807623863220215e-01
3.741130828857421875e+00
-2.487055063247680664e-01
5.023253440856933594e+00
-1.302685886621475220e-01
9.401829719543457031e+00
6.399601459503173828e+00
-2.515251934528350830e-01
2.949858427047729492e+00
-6.878627538681030273e-01
5.647783279418945312e-01
-2.235182046890258789e+00
1.571937948465347290e-01
-1.048702120780944824e+00
1.371251940727233887e+00
2.555359125137329102e+00
1.887558341026306152e+00
-7.162096977233886719e+00
-1.330352783203125000e+01
2.063632965087890625e+00
-7.341006278991699219e+00
3.390520334243774414e+00
2.171269416809082031e+00
5.724273324012756348e-01
1.402274131774902344e+00
-3.253602981567382812e-02
1.448064327239990234e+00
4.482473850250244141e+00
1.650057286024093628e-01
2.974149942398071289e+00
-8.673842549324035645e-01
2.530858755111694336e+00
1.992317080497741699e+00
-3.041753768920898438e-01
3.242321491241455078e+00
2.867018461227416992e+00
2.485601186752319336e+00
1.496786922216415405e-01
-2.778363227844238281e+00
1.333546936511993408e-01
-8.574623107910156250e+00
5.314752101898193359e+00
3.085551738739013672e+00
-3.220585107803344727e+00
2.503999173641204834e-01
2.672556877136230469e+00
1.837351471185684204e-01
3.706699013710021973e-01
9.988655447959899902e-01
1.213545680046081543e+00
1.702157020568847656e+00
-8.723888993263244629e-01
-3.327192783355712891e+00
1.810003876686096191e+00
-1.050724864006042480e+00
-2.404808282852172852e+00
6.572895050048828125e-01
-4.533540606498718262e-01
-4.618177890777587891e+00
5.966655611991882324e-01
-2.472019672393798828e+00
1.266410350799560547e+00
1.896263599395751953e+00
3.994278609752655029e-01
7.118613719940185547e-01
-6.806076765060424805e-01
-6.346902251243591309e-02
-5.052876472473144531e-01
-6.357884407043457031e-01
-1.495937943458557129e+00
-2.233759403228759766e+00
-5.604797363281250000e+00
-1.854044079780578613e+00
-1.225045204162597656e+00
-6.270812511444091797e+00
-2.473967313766479492e+00
-3.857262134552001953e+00
4.493084847927093506e-01
1.655305504798889160e+00
1.261309385299682617e+00
3.999673604965209961e+00
5.705657005310058594e-01
4.331005573272705078e+00
-4.786903381347656250e+00
6.281299591064453125e+00
-1.695404529571533203e+00
-2.581700563430786133e+00
-7.459090948104858398e-01
-1.712079763412475586e+00
5.945327281951904297e+00
-3.245780944824218750e+00
-3.171800374984741211e+00
-3.029337167739868164e+00
1.250114083290100098e+00
1.514440655708312988e+00
-2.782531976699829102e+00
-5.438309669494628906e+00
7.584376335144042969e+00
-3.246219158172607422e+00
-8.995405197143554688e+00
2.829884290695190430e+00
-4.095248222351074219e+00
-2.034107446670532227e+00
1.377591252326965332e+00
1.855968594551086426e+00
-3.278394460678100586e+00
5.063230037689208984e+00
5.377582088112831116e-02
-3.726290464401245117e+00
-5.367389678955078125e+00
5.560385227203369141e+00
-1.018909835815429688e+01
3.393907308578491211e+00
1.220071697235107422e+01
-1.219778060913085938e+00
7.473220229148864746e-01
-1.307683587074279785e+00
5.360614299774169922e+00
-8.218939900398254395e-01
1.110892176628112793e+00
-7.273601531982421875e+00
-5.534274101257324219e+00
4.951081752777099609e+00
3.884528398513793945e+00
-9.938869476318359375e+00
5.516250610351562500e+00
-7.930538058280944824e-01
-9.015810012817382812e+00
-7.277431488037109375e-01
-1.879405617713928223e+00
-7.558039665222167969e+00
-6.402066707611083984e+00
4.729256927967071533e-01
-8.990930557250976562e+00
2.163512468338012695e+00
-3.177486181259155273e+00
-5.775937438011169434e-01
1.826782107353210449e+00
6.474519252777099609e+00
-3.150309801101684570e+00
-8.341581344604492188e+00
1.708355307579040527e+00
5.296310186386108398e-01
2.072572469711303711e+00
-2.257085800170898438e+00
9.446644186973571777e-01
1.808400988578796387e+00
4.380633831024169922e+00
4.278710782527923584e-01
5.897173285484313965e-01
4.882235229015350342e-01
6.935006618499755859e+00
1.036767959594726562e+00
2.107457876205444336e+00
1.174194097518920898e+00
-3.596543371677398682e-01
7.817819118499755859e-01
-3.712059497833251953e+00
2.709637861698865891e-03
-9.023917913436889648e-01
4.366919994354248047e+00
1.568721413612365723e+00
-9.452016830444335938e+00
3.702164173126220703e+00
-1.719682216644287109e+00
7.915333271026611328e+00
-3.396854877471923828e+00
-1.594967842102050781e+01
4.831747531890869141e+00
1.852946400642395020e+00
-1.598073601722717285e+00
1.047275438904762268e-01
1.816595345735549927e-01
3.236504316329956055e+00
8.056571960449218750e+00
-7.570065975189208984e+00
4.409085273742675781e+00
1.611467003822326660e+00
4.865727901458740234e+00
-1.198834300041198730e+00
-1.008874624967575073e-01
-5.548765063285827637e-01
2.147597633302211761e-02
9.070944786071777344e-01
1.952045798301696777e+00
