1.886472702026367188e+01
7.124230384826660156e+00
1.691545867919921875e+01
1.402006053924560547e+01
1.544382381439208984e+01
1.611690330505371094e+01
1.601046180725097656e+01
8.740577697753906250e+00
7.901127338409423828e+00
1.772381973266601562e+01
2.603140287101268768e-02
-8.955168724060058594e-02
-2.117651700973510742e+00
1.140545845031738281e+00
2.720610797405242920e-01
8.321297764778137207e-01
1.424530386924743652e+00
4.905228316783905029e-01
-1.963454127311706543e+00
-2.669202089309692383e-01
7.800295829772949219e+00
5.428010463714599609e+00
2.920636653900146484e+00
3.429192066192626953e+00
1.341610193252563477e+00
-1.744290113449096680e+00
5.171654224395751953e+00
-1.970781326293945312e+00
3.901321887969970703e-01
-4.109103202819824219e+00
4.170855998992919922e+00
-3.001121997833251953e+00
9.337127804756164551e-01
6.844545602798461914e-01
1.652481913566589355e+00
-6.706991791725158691e-01
-6.328009963035583496e-01
-3.020272731781005859e+00
3.459641218185424805e+00
-7.557785987854003906e+00
4.516472339630126953e+00
-5.455506324768066406e+00
2.239495515823364258e+00
1.229427576065063477e+00
2.386168003082275391e+00
8.036454916000366211e-01
6.189250946044921875e-01
-2.236240148544311523e+00
4.742902755737304688e+00
7.072724699974060059e-01
-3.280575037002563477e+00
-4.178666591644287109e+00
7.157429695129394531e+00
2.255893230438232422e+00
1.584609508514404297e+00
3.507560253143310547e+00
4.978970527648925781e+00
3.016503095626831055e+00
-7.269217967987060547e-01
-1.210229277610778809e+00
3.107301712036132812e+00
-1.202291369438171387e+00
-5.499305725097656250e+00
-1.512357354164123535e+00
5.159177780151367188e-01
-2.076040357351303101e-01
-1.421235799789428711e-01
-2.689879536628723145e-01
1.868107914924621582e-02
-1.075413599610328674e-01
-6.424345970153808594e-01
2.921712398529052734e+00
1.278215885162353516e+00
-2.720366954803466797e+00
7.995949983596801758e-01
9.782804250717163086e-01
2.289592027664184570e+00
5.569983482360839844e+00
-5.893334388732910156e+00
-1.844800353050231934e+00
-1.827148795127868652e+00
1.201107978820800781e+00
4.619546890258789062e+00
-2.068292617797851562e+00
-9.050157070159912109e-01
-1.668945699930191040e-01
-2.728721201419830322e-01
4.867819786071777344e+00
2.002217531204223633e+00
2.868682861328125000e+00
4.877669811248779297e+00
1.290145039558410645e+00
1.544674515724182129e+00
3.859166145324707031e+00
-2.931901216506958008e+00
3.447312355041503906e+00
5.678133010864257812e+00
4.736515045166015625e+00
6.044312715530395508e-01
3.868791103363037109e+00
4.048216342926025391e-01
-3.542550325393676758e+00
1.627284288406372070e+00
4.765167713165283203e+00
9.812766313552856445e-01
1.609735846519470215e+00
2.425318241119384766e+00
-2.568361759185791016e+00
1.316583514213562012e+00
6.393032073974609375e-01
1.976604223251342773e+00
3.251097202301025391e+00
-2.772661447525024414e+00
1.144242644309997559e+00
-3.150482654571533203e+00
4.265603542327880859e+00
8.688691854476928711e-01
-6.293630599975585938e+00
-6.672613620758056641e-01
-1.803267598152160645e+00
-4.854252934455871582e-01
-2.841905117034912109e+00
-7.481098175048828125e+00
-3.829777479171752930e+00
2.863519191741943359e+00
-5.602227210998535156e+00
1.048792362213134766e+00
-3.717479944229125977e+00
-6.766419410705566406e-01
-4.877856373786926270e-01
1.377939605712890625e+01
9.583011627197265625e+00
9.091795921325683594e+00
8.369075775146484375e+00
1.331279635429382324e+00
-3.186061143875122070e+00
4.807312965393066406e+00
-4.342239379882812500e+00
-3.928806185722351074e-01
5.144909858703613281e+00
4.979286193847656250e+00
-7.045102119445800781e-01
-2.530218362808227539e+00
-4.633792042732238770e-01
2.018162906169891357e-01
-3.538470268249511719e-01
8.291452527046203613e-01
-3.583756208419799805e+00
4.359270572662353516e+00
-3.799269676208496094e+00
7.236609935760498047e+00
-1.103322219848632812e+01
1.330399394035339355e+00
-2.947201728820800781e+00
2.636991739273071289e+00
-7.221143245697021484e-01
7.842638343572616577e-02
-2.545096278190612793e-01
9.076516151428222656e+00
-8.335868120193481445e-01
3.025339365005493164e+00
-6.273042678833007812e+00
3.677253723144531250e+00
2.482087612152099609e+00
-3.584321141242980957e-01
4.952353954315185547e+00
4.082870006561279297e+00
2.318312644958496094e+00
1.099861264228820801e+00
-4.989085197448730469e+00
6.476490020751953125e+00
1.721880435943603516e+00
-1.059738159179687500e+01
1.366506516933441162e-01
-1.194514781236648560e-01
-1.454396843910217285e+00
-1.179235100746154785e+00
-7.772270202636718750e+00
9.267603874206542969e+00
-5.575900077819824219e-01
5.892589092254638672e+00
8.515738487243652344e+00
2.624585628509521484e+00
2.977411746978759766e+00
-1.630285024642944336e+00
-9.453278183937072754e-01
2.457664489746093750e+00
1.375915050506591797e+01
-1.238587856292724609e+01
-3.077121973037719727e+00
-6.643913745880126953e+00
-5.284729957580566406e+00
8.070059776306152344e+00
2.614589929580688477e+00
-1.193067729473114014e-01
3.640937089920043945e+00
-3.020286083221435547e+00
1.306393718719482422e+01
3.014468193054199219e+00
2.052634239196777344e+00
3.950830936431884766e+00
4.428273677825927734e+00
-3.627620697021484375e+00
5.354116916656494141e+00
-2.174841308593750000e+01
2.881109714508056641e+00
1.168703174591064453e+01
6.157739162445068359e+00
4.603605270385742188e+00
2.748045206069946289e+00
-1.718654394149780273e+00
-8.059663772583007812e+00
7.507799148559570312e+00
6.764360427856445312e+00
1.642119646072387695e+00
-3.288303375244140625e+00
4.463660717010498047e+00
8.114797592163085938e+00
3.737401962280273438e+00
4.963952541351318359e+00
1.024716258049011230e+00
1.043020153045654297e+01
-4.210341930389404297e+00
-3.109274625778198242e+00
-1.053614234924316406e+01
8.773164749145507812e+00
-6.584069728851318359e+00
-1.103431987762451172e+01
-1.016705751419067383e+00
-1.367029398679733276e-01
1.038181066513061523e+00
1.095420956611633301e+00
