# Re(EQRPA)	Im(Strength)
0.000000e+00	2.315692e-02
1.500000e-01	2.256378e-02
3.000000e-01	2.196777e-02
4.500000e-01	2.137518e-02
6.000000e-01	2.079178e-02
7.500000e-01	2.022139e-02
9.000000e-01	1.966674e-02
1.050000e+00	1.913002e-02
1.200000e+00	1.861303e-02
1.350000e+00	1.811707e-02
1.500000e+00	1.764303e-02
1.650000e+00	1.719147e-02
1.800000e+00	1.676291e-02
1.950000e+00	1.635783e-02
2.100000e+00	1.597646e-02
2.250000e+00	1.561848e-02
2.400000e+00	1.528410e-02
2.550000e+00	1.498142e-02
2.700000e+00	1.469901e-02
2.850000e+00	1.444091e-02
3.000000e+00	1.420969e-02
3.150000e+00	1.400336e-02
3.300000e+00	1.382209e-02
3.450000e+00	1.366747e-02
3.600000e+00	1.354049e-02
3.750000e+00	1.344366e-02
3.900000e+00	1.337618e-02
4.050000e+00	1.334012e-02
4.200000e+00	1.333711e-02
4.350000e+00	1.336977e-02
4.500000e+00	1.344762e-02
4.650000e+00	1.356150e-02
4.800000e+00	1.372240e-02
4.950000e+00	1.393508e-02
5.100000e+00	1.420973e-02
5.250000e+00	1.454545e-02
5.400000e+00	1.496818e-02
5.550000e+00	1.548472e-02
5.700000e+00	1.612874e-02
5.850000e+00	1.691304e-02
6.000000e+00	1.790168e-02
6.150000e+00	1.912397e-02
6.300000e+00	2.073503e-02
6.450000e+00	2.292469e-02
6.600000e+00	2.597704e-02
6.750000e+00	3.058071e-02
6.900000e+00	3.816859e-02
7.050000e+00	5.197487e-02
7.200000e+00	7.756370e-02
7.350000e+00	1.058611e-01
7.500000e+00	9.436513e-02
7.650000e+00	6.976037e-02
7.800000e+00	5.810050e-02
7.950000e+00	5.544787e-02
8.100000e+00	5.798389e-02
8.250000e+00	6.438781e-02
8.400000e+00	7.473808e-02
8.550000e+00	9.011992e-02
8.700000e+00	1.128899e-01
8.850000e+00	1.475380e-01
9.000000e+00	2.028429e-01
9.150000e+00	2.971921e-01
9.300000e+00	4.717818e-01
9.450000e+00	8.185796e-01
9.600000e+00	1.447801e+00
9.750000e+00	1.856660e+00
9.900000e+00	1.309677e+00
1.005000e+01	7.391129e-01
1.020000e+01	4.380130e-01
1.035000e+01	2.868626e-01
1.050000e+01	2.068330e-01
1.065000e+01	1.635445e-01
1.080000e+01	1.429517e-01
1.095000e+01	1.414906e-01
1.110000e+01	1.639854e-01
1.125000e+01	2.153719e-01
1.140000e+01	2.442708e-01
1.155000e+01	2.289237e-01
1.170000e+01	2.628261e-01
1.185000e+01	3.747882e-01
1.200000e+01	4.600701e-01
1.215000e+01	3.716609e-01
1.230000e+01	2.260388e-01
1.245000e+01	1.381761e-01
1.260000e+01	9.269141e-02
1.275000e+01	6.765887e-02
1.290000e+01	5.279261e-02
1.305000e+01	4.361573e-02
1.320000e+01	3.822676e-02
1.335000e+01	3.524823e-02
1.350000e+01	3.181250e-02
1.365000e+01	2.702368e-02
1.380000e+01	2.319166e-02
1.395000e+01	2.058603e-02
1.410000e+01	1.873296e-02
1.425000e+01	1.734055e-02
1.440000e+01	1.626890e-02
1.455000e+01	1.543923e-02
1.470000e+01	1.481279e-02
1.485000e+01	1.436591e-02
1.500000e+01	1.410670e-02
1.515000e+01	1.406949e-02
1.530000e+01	1.437660e-02
1.545000e+01	1.527081e-02
1.560000e+01	1.679567e-02
1.575000e+01	1.707327e-02
1.590000e+01	1.589495e-02
1.605000e+01	1.530228e-02
1.620000e+01	1.538052e-02
1.635000e+01	1.590019e-02
1.650000e+01	1.677045e-02
1.665000e+01	1.799199e-02
1.680000e+01	1.962566e-02
1.695000e+01	2.177775e-02
1.710000e+01	2.461143e-02
1.725000e+01	2.839090e-02
1.740000e+01	3.353055e-02
1.755000e+01	4.072157e-02
1.770000e+01	5.115624e-02
1.785000e+01	6.697136e-02
1.800000e+01	9.116758e-02
1.815000e+01	1.278985e-01
1.830000e+01	1.933217e-01
1.845000e+01	3.233130e-01
1.860000e+01	5.781612e-01
1.875000e+01	8.793817e-01
1.890000e+01	7.572605e-01
1.905000e+01	4.370535e-01
1.920000e+01	2.480297e-01
1.935000e+01	1.532342e-01
1.950000e+01	1.027021e-01
1.965000e+01	7.339563e-02
1.980000e+01	5.510596e-02
1.995000e+01	4.300720e-02
2.010000e+01	3.461230e-02
2.025000e+01	2.856413e-02
2.040000e+01	2.407008e-02
2.055000e+01	2.064541e-02
2.070000e+01	1.798353e-02
2.085000e+01	1.588389e-02
2.100000e+01	1.421913e-02
2.115000e+01	1.290438e-02
2.130000e+01	1.191845e-02
2.145000e+01	1.124109e-02
2.160000e+01	1.060107e-02
2.175000e+01	9.907428e-03
2.190000e+01	9.572828e-03
2.205000e+01	9.844629e-03
2.220000e+01	1.079408e-02
2.235000e+01	1.075538e-02
2.250000e+01	9.009271e-03
2.265000e+01	7.649238e-03
2.280000e+01	6.872808e-03
2.295000e+01	6.412227e-03
2.310000e+01	6.133389e-03
2.325000e+01	5.993909e-03
2.340000e+01	6.001899e-03
2.355000e+01	6.231820e-03
2.370000e+01	6.863432e-03
2.385000e+01	8.032630e-03
2.400000e+01	8.571783e-03
2.415000e+01	7.622516e-03
2.430000e+01	6.695954e-03
2.445000e+01	6.244454e-03
2.460000e+01	6.166183e-03
2.475000e+01	6.343610e-03
2.490000e+01	6.761242e-03
2.505000e+01	7.464772e-03
2.520000e+01	8.488015e-03
2.535000e+01	9.887673e-03
2.550000e+01	1.206707e-02
2.565000e+01	1.531012e-02
2.580000e+01	2.072778e-02
2.595000e+01	3.107857e-02
2.610000e+01	5.145103e-02
2.625000e+01	8.578801e-02
2.640000e+01	1.052231e-01
2.655000e+01	9.010900e-02
2.670000e+01	6.232515e-02
2.685000e+01	4.007937e-02
2.700000e+01	2.970565e-02
2.715000e+01	2.258386e-02
2.730000e+01	1.591204e-02
2.745000e+01	1.172098e-02
2.760000e+01	9.240502e-03
2.775000e+01	7.745382e-03
2.790000e+01	6.870174e-03
2.805000e+01	6.478897e-03
2.820000e+01	6.502481e-03
2.835000e+01	6.459394e-03
2.850000e+01	6.001985e-03
2.865000e+01	5.685594e-03
2.880000e+01	5.836715e-03
2.895000e+01	6.646557e-03
2.910000e+01	8.324006e-03
2.925000e+01	9.424871e-03
2.940000e+01	8.650559e-03
2.955000e+01	7.800131e-03
2.970000e+01	7.976130e-03
2.985000e+01	9.517662e-03
3.000000e+01	1.307474e-02
