3.066436946392059326e-01
3.049225211143493652e-01
2.875500917434692383e-01
2.421050369739532471e-01
3.001570463180541992e+00
2.602158784866333008e-01
1.349188238382339478e-01
1.078674122691154480e-01
-3.244525790214538574e-01
-1.468803882598876953e-01
1.074829250574111938e-01
-1.610167510807514191e-02
1.090386435389518738e-01
1.085263416171073914e-01
4.093563258647918701e-01
3.834176957607269287e-01
3.222154080867767334e-01
4.981376647949218750e+00
3.636741340160369873e-01
2.291202098131179810e-01
1.533066034317016602e-01
-5.118542909622192383e-01
-2.205252200365066528e-01
1.791921406984329224e-01
-2.667624270543456078e-03
1.679405719041824341e-01
1.743269413709640503e-01
-2.336525125429034233e-03
-4.041995387524366379e-03
-1.126600615680217743e-02
-3.372007049620151520e-03
-1.453051343560218811e-02
-1.230231020599603653e-02
-2.099104225635528564e-03
-6.333814933896064758e-03
7.199831306934356689e-03
-1.773115433752536774e-02
5.160307977348566055e-03
-7.053480017930269241e-03
1.515709795057773590e-03
1.275777339935302734e+01
1.399685478210449219e+01
1.547300529479980469e+01
-2.366525650024414062e+01
2.031606483459472656e+01
2.632813453674316406e+01
2.653558349609375000e+01
2.653165245056152344e+01
2.590641784667968750e+01
2.381337738037109375e+01
2.548952674865722656e+01
2.852256393432617188e+01
3.015962600708007812e+01
2.161662280559539795e-02
5.214945226907730103e-02
2.553082108497619629e-01
-2.752470493316650391e+00
5.956664681434631348e-01
8.117424845695495605e-01
1.082533836364746094e+00
9.531787037849426270e-02
-3.920043110847473145e-01
-3.565684333443641663e-02
-5.496663451194763184e-01
3.567134141921997070e-01
-1.524935215711593628e-01
-4.647918976843357086e-03
3.239691257476806641e-01
-2.666048049926757812e+00
1.911312341690063477e-01
5.677963495254516602e-01
3.073473572731018066e-01
-9.320678710937500000e-01
-3.657653629779815674e-01
2.761737108230590820e-01
-8.228853940963745117e-01
1.509035974740982056e-01
4.025139510631561279e-01
-1.089030504226684570e-02
-2.450932502746582031e+00
6.784555912017822266e-01
6.864233613014221191e-01
3.959012627601623535e-01
4.404476378113031387e-03
-5.071170926094055176e-01
-4.496162757277488708e-02
-5.850225090980529785e-01
2.762869000434875488e-01
5.291625484824180603e-02
3.380313873291015625e+00
-2.313683986663818359e+00
-1.514900326728820801e+00
-1.154878735542297363e+00
2.431235551834106445e+00
1.208650469779968262e+00
-4.652630090713500977e-01
9.522241950035095215e-01
-7.275483012199401855e-01
2.001268118619918823e-01
-3.299328265711665154e-03
-1.104094758629798889e-01
2.524932026863098145e-01
4.886085689067840576e-01
-5.759148001670837402e-01
-3.884786069393157959e-01
-7.597780227661132812e-01
1.762748509645462036e-01
5.490033626556396484e-01
-2.864253520965576172e-01
-1.771072447299957275e-01
-2.154228389263153076e-01
-7.796321064233779907e-02
-3.781160116195678711e-01
-3.731939196586608887e-01
1.613545566797256470e-01
-1.131053268909454346e-01
-2.725344598293304443e-01
-2.655647099018096924e-01
1.756003350019454956e-01
1.880607195198535919e-02
-2.117343097925186157e-01
5.602957010269165039e-01
2.847222844138741493e-03
-2.895747423171997070e-01
6.455056369304656982e-02
-6.889180094003677368e-02
-3.757164776325225830e-01
-2.606560885906219482e-01
6.903421282768249512e-01
1.170883793383836746e-02
-1.032691225409507751e-01
1.414140760898590088e-01
-4.767687022686004639e-01
2.264008224010467529e-01
1.118770688772201538e-01
-2.351068258285522461e-01
-4.403035938739776611e-01
-6.969287246465682983e-02
4.328745305538177490e-01
5.859489366412162781e-02
2.115009874105453491e-01
-2.267097085714340210e-01
6.568818688392639160e-01
-3.417589664459228516e-01
-1.571389555931091309e+00
1.926436185836791992e+00
-1.692223697900772095e-01
4.478920400142669678e-01
2.801321268081665039e+00
-8.143209815025329590e-01
-1.500190973281860352e+00
-8.809896707534790039e-01
1.394330263137817383e+00
1.618004798889160156e+00
1.167076826095581055e+00
6.648625731468200684e-01
2.262149810791015625e+00
3.688823282718658447e-01
-2.886716425418853760e-01
-9.448904395103454590e-01
-5.042648792266845703e+00
1.659568548202514648e+00
2.532125711441040039e+00
2.551881596446037292e-02
-7.820876836776733398e-01
-2.218461036682128906e+00
-2.767710447311401367e+00
-1.969024688005447388e-01
-1.182619929313659668e+00
-9.705189615488052368e-02
-6.564635634422302246e-01
6.530238389968872070e-01
-1.935682594776153564e-01
1.585189104080200195e-01
-8.773450851440429688e-01
4.780323207378387451e-01
9.196598529815673828e-01
-9.543744474649429321e-02
5.208558440208435059e-01
1.051083087921142578e+00
-1.073966741561889648e+00
1.599759757518768311e-01
7.801989316940307617e-01
-3.680150806903839111e-01
-1.324341654777526855e+00
1.953379988670349121e+00
-1.375796079635620117e+00
-1.146298766136169434e+00
-1.439198851585388184e+00
-2.231887429952621460e-01
6.747291088104248047e-01
-8.169624209403991699e-01
1.623698711395263672e+00
5.340209230780601501e-02
-2.950319051742553711e+00
2.450071096420288086e+00
2.273039966821670532e-01
1.270814895629882812e+00
-1.346815705299377441e+00
-1.163978800177574158e-01
9.781436920166015625e-01
4.760509729385375977e-01
-8.350865244865417480e-01
2.840359210968017578e-01
6.716695427894592285e-01
1.100552380084991455e-01
3.846398890018463135e-01
4.208039760589599609e+00
1.503361105918884277e+00
-1.059374660253524780e-01
-2.235805273056030273e+00
2.737975597381591797e+00
-1.748145461082458496e+00
1.349880456924438477e+00
1.175388813018798828e+00
2.865097224712371826e-01
-1.752914905548095703e+00
6.121200695633888245e-02
7.344486117362976074e-01
3.256461858749389648e+00
-2.222465038299560547e+00
1.752596259117126465e+00
8.027963638305664062e-01
-5.178677439689636230e-01
-1.946461677551269531e+00
-4.329027235507965088e-02
-1.624586582183837891e-01
-1.153579235076904297e+00
-3.944102048873901367e+00
1.832325816154479980e+00
-1.968724966049194336e+00
4.929117560386657715e-01
4.350525140762329102e-01
-1.012482285499572754e+00
3.226878881454467773e+00
-3.601651266217231750e-02
-8.212330937385559082e-02
4.776018671691417694e-03
